0 0.1109375 0.3828125 0.2046875 0.2390625
1 0.2328125 0.496875 0.0921875 0.1640625
1 0.175 0.6359375 0.0765625 0.153125
1 0.0984375 0.7640625 0.1328125 0.2203125
1 0.21875 0.8828125 0.1390625 0.2328125
1 0.4390625 0.640625 0.1046875 0.171875
1 0.428125 0.8484375 0.103125 0.2328125
1 0.5796875 0.71875 0.0984375 0.190625
1 0.45 0.1890625 0.0453125 0.0765625
1 0.296875 0.228125 0.0390625 0.05625
1 0.2625 0.19375 0.05625 0.078125
1 0.353125 0.16875 0.0359375 0.0515625
1 0.0484375 0.93125 0.096875 0.1375
1 0.521875 0.1125 0.028125 0.0421875
1 0.5484375 0.0953125 0.0234375 0.0359375
1 0.421875 0.1234375 0.0234375 0.0328125
1 0.490625 0.0765625 0.01875 0.040625
1 0.303125 0.16875 0.0296875 0.0390625