1 0.05 0.384375 0.0921875 0.153125
1 0.171875 0.3078125 0.0609375 0.0890625
1 0.240625 0.5109375 0.0859375 0.1484375
1 0.1796875 0.6375 0.0890625 0.1609375
1 0.09375 0.7890625 0.1390625 0.2078125
1 0.046875 0.9328125 0.09375 0.1328125
1 0.3171875 0.609375 0.0984375 0.2078125
1 0.2171875 0.890625 0.1390625 0.21875
1 0.4375 0.6359375 0.0921875 0.1765625
1 0.43125 0.8375 0.1078125 0.221875
1 0.5859375 0.7359375 0.1125 0.1921875
1 0.5921875 0.8953125 0.146875 0.209375
1 0.365625 0.1734375 0.0421875 0.0609375
1 0.3 0.1703125 0.0390625 0.0515625
1 0.259375 0.178125 0.0359375 0.0390625
1 0.246875 0.2046875 0.0359375 0.0328125
1 0.25 0.2421875 0.0546875 0.05625
1 0.6421875 0.2625 0.059375 0.0796875
1 0.8421875 0.2578125 0.0546875 0.08125
1 0.4734375 0.096875 0.0265625 0.0421875
0 0.4359375 0.0921875 0.034375 0.0640625
0 0.3953125 0.1015625 0.0421875 0.0875