1 0.39375 0.225 0.0484375 0.0859375
1 0.2375 0.5140625 0.0953125 0.1625
1 0.1765625 0.646875 0.0921875 0.1515625
1 0.096875 0.778125 0.1375 0.21875
1 0.046875 0.9375 0.0921875 0.1234375
1 0.2859375 0.7109375 0.11875 0.221875
1 0.2203125 0.9 0.1390625 0.2
1 0.4390625 0.6421875 0.0953125 0.178125
1 0.4296875 0.8484375 0.1078125 0.2328125
1 0.584375 0.7375 0.109375 0.190625
1 0.59375 0.9 0.1328125 0.2
1 0.865625 0.4765625 0.1171875 0.1734375
1 0.6828125 0.246875 0.0546875 0.078125
1 0.7375 0.1625 0.0703125 0.0625
1 0.69375 0.1125 0.0296875 0.0390625
1 0.4734375 0.146875 0.0265625 0.046875
1 0.4140625 0.1515625 0.0421875 0.0515625
1 0.278125 0.1421875 0.0390625 0.0703125
1 0.2234375 0.215625 0.040625 0.059375
1 0.2015625 0.2984375 0.05 0.078125
1 0.134375 0.3171875 0.0546875 0.0734375
1 0.1390625 0.409375 0.075 0.096875
1 0.0640625 0.40625 0.0671875 0.0859375
1 0.484375 0.1 0.0234375 0.040625
0 0.44375 0.1046875 0.0390625 0.0703125
0 0.3953125 0.1078125 0.04375 0.071875
1 0.3 0.1734375 0.03125 0.0421875