1 0.378125 0.2296875 0.0703125 0.109375
1 0.1765625 0.3171875 0.0671875 0.1140625
1 0.078125 0.3921875 0.065625 0.1125
1 0.29375 0.421875 0.078125 0.14375
1 0.2390625 0.5234375 0.08125 0.15
1 0.1765625 0.6515625 0.0859375 0.1515625
1 0.090625 0.790625 0.121875 0.209375
1 0.0484375 0.9359375 0.096875 0.128125
1 0.2234375 0.9 0.1359375 0.2
1 0.2828125 0.725 0.1078125 0.209375
1 0.440625 0.65625 0.0953125 0.1734375
1 0.43125 0.85625 0.0984375 0.24375
1 0.553125 0.5125 0.0640625 0.146875
1 0.584375 0.74375 0.1078125 0.1859375
1 0.590625 0.90625 0.13125 0.1875
1 0.2296875 0.1625 0.028125 0.0390625
1 0.303125 0.1828125 0.0328125 0.0484375
1 0.453125 0.2125 0.0328125 0.059375
0 0.421875 0.1640625 0.0546875 0.09375
0 0.3953125 0.115625 0.0421875 0.06875
1 0.5484375 0.1390625 0.028125 0.05
1 0.590625 0.15625 0.0265625 0.0515625
1 0.5953125 0.1234375 0.0234375 0.0390625
1 0.5578125 0.0984375 0.0203125 0.03125