1 0.0453125 0.9421875 0.090625 0.109375
1 0.0953125 0.79375 0.1390625 0.190625
1 0.178125 0.6609375 0.078125 0.15625
1 0.234375 0.534375 0.0796875 0.153125
1 0.2828125 0.4484375 0.0703125 0.1359375
0 0.275 0.3265625 0.1484375 0.2140625
1 0.3953125 0.2375 0.0390625 0.053125
1 0.3390625 0.228125 0.0390625 0.0578125
1 0.3015625 0.196875 0.0328125 0.0578125
0 0.371875 0.15625 0.05 0.103125
1 0.4828125 0.1234375 0.01875 0.0359375
0 0.5734375 0.446875 0.0921875 0.221875
1 0.5578125 0.6171875 0.0796875 0.1578125
1 0.5859375 0.7625 0.1078125 0.190625
1 0.5921875 0.9140625 0.1296875 0.171875
1 0.4390625 0.6640625 0.1015625 0.1859375
1 0.428125 0.8703125 0.1015625 0.246875
1 0.353125 0.5484375 0.0734375 0.1625
1 0.28125 0.7234375 0.1203125 0.209375
1 0.2234375 0.8984375 0.1375 0.2015625
1 0.5625 0.09375 0.0140625 0.028125
0 0.4234375 0.1140625 0.0578125 0.0703125
1 0.403125 0.1546875 0.021875 0.0375