1 0.0609375 0.5234375 0.03125 0.059375
2 0.746875 0.6359375 0.1015625 0.3671875
2 0.5265625 0.3140625 0.03125 0.134375
2 0.1203125 0.5625 0.0453125 0.1515625
2 0.21875 0.7328125 0.0609375 0.2
2 0.2078125 0.4171875 0.0265625 0.1
2 0.2546875 0.496875 0.040625 0.11875
2 0.725 0.103125 0.009375 0.0546875
2 0.965625 0.6765625 0.0671875 0.34375
2 0.3921875 0.146875 0.0109375 0.028125
2 0.1765625 0.646875 0.0390625 0.1953125
2 0.3484375 0.2765625 0.01875 0.0421875
2 0.0875 0.2859375 0.0296875 0.078125
2 0.4234375 0.13125 0.0078125 0.03125
2 0.1609375 0.6421875 0.0359375 0.16875
2 0.15625 0.31875 0.01875 0.0921875