1 0.053125 0.9203125 0.10625 0.159375
1 0.0546875 0.6875 0.109375 0.1734375
1 0.1265625 0.7671875 0.1078125 0.1890625
1 0.20625 0.909375 0.125 0.18125
1 0.19375 0.628125 0.08125 0.1796875
1 0.2765625 0.7359375 0.0921875 0.1921875
1 0.4203125 0.7171875 0.0890625 0.18125
1 0.3953125 0.9109375 0.121875 0.178125
1 0.553125 0.721875 0.1015625 0.1828125
1 0.5546875 0.9046875 0.1078125 0.190625
1 0.446875 0.56875 0.08125 0.171875
1 0.328125 0.6203125 0.078125 0.1296875
1 0.2625 0.5375 0.0609375 0.1171875
1 0.3546875 0.5359375 0.0546875 0.0984375
1 0.3671875 0.465625 0.05 0.0796875
1 0.3953125 0.4171875 0.0421875 0.0796875
1 0.3953125 0.3625 0.0328125 0.0421875
1 0.2953125 0.4546875 0.0515625 0.08125
1 0.321875 0.4015625 0.0390625 0.0625
1 0.334375 0.3625 0.0359375 0.0625
1 0.35625 0.3421875 0.0328125 0.059375
1 0.375 0.3078125 0.0328125 0.046875
1 0.4265625 0.271875 0.059375 0.1265625
0 0.1421875 0.465625 0.2171875 0.2625
0 0.2421875 0.3515625 0.1015625 0.18125
0 0.2984375 0.290625 0.0609375 0.121875
0 0.35 0.2375 0.0859375 0.1109375
0 0.3859375 0.178125 0.0515625 0.059375
0 0.4171875 0.14375 0.034375 0.05625
1 0.95625 0.5109375 0.0875 0.121875
1 0.9109375 0.340625 0.0578125 0.0796875
1 0.58125 0.2015625 0.03125 0.040625
1 0.540625 0.1671875 0.021875 0.03125
1 0.55625 0.14375 0.0234375 0.03125
1 0.2484375 0.240625 0.0296875 0.046875
1 0.2625 0.1796875 0.0265625 0.0421875
1 0.2203125 0.2140625 0.0265625 0.0421875