1 0.05625 0.7140625 0.1046875 0.1703125
1 0.0625 0.9296875 0.11875 0.140625
1 0.1328125 0.7890625 0.1125 0.1875
1 0.1984375 0.640625 0.0890625 0.1796875
1 0.2140625 0.9171875 0.125 0.1640625
1 0.2796875 0.7546875 0.1015625 0.190625
1 0.328125 0.634375 0.0796875 0.14375
1 0.25625 0.55625 0.0609375 0.10625
1 0.2984375 0.4765625 0.0484375 0.0828125
1 0.3546875 0.5484375 0.06875 0.1078125
1 0.3703125 0.4703125 0.053125 0.0734375
1 0.4484375 0.5796875 0.078125 0.1734375
1 0.421875 0.7328125 0.0796875 0.18125
1 0.390625 0.925 0.125 0.15
1 0.553125 0.728125 0.090625 0.190625
1 0.5578125 0.9171875 0.11875 0.1640625
1 0.7828125 0.5234375 0.090625 0.10625
1 0.95625 0.4890625 0.0765625 0.103125
1 0.7375 0.4015625 0.0671875 0.0875
1 0.7453125 0.3265625 0.0421875 0.0578125
1 0.8125 0.3609375 0.0546875 0.0859375
1 0.7875 0.2578125 0.0421875 0.0578125
1 0.7265625 0.2765625 0.034375 0.053125
1 0.5828125 0.3046875 0.0328125 0.0671875
1 0.4 0.4296875 0.046875 0.0796875
1 0.39375 0.3765625 0.0453125 0.040625
1 0.3234375 0.4234375 0.0421875 0.0609375
1 0.3328125 0.3828125 0.0328125 0.0515625
1 0.3578125 0.35625 0.0296875 0.05625
0 0.415625 0.3109375 0.05625 0.146875
0 0.4296875 0.225 0.0484375 0.0515625
0 0.3515625 0.2609375 0.0828125 0.1203125
0 0.140625 0.4984375 0.2109375 0.28125
1 0.1234375 0.378125 0.0484375 0.0703125
1 0.2203125 0.2265625 0.025 0.0328125
1 0.2640625 0.196875 0.0328125 0.0390625
0 0.3984375 0.1640625 0.0484375 0.0734375
0 0.925 0.365625 0.0859375 0.1203125