1 0.45 0.5890625 0.0859375 0.153125
1 0.4203125 0.753125 0.0921875 0.18125
1 0.553125 0.7375 0.0859375 0.1921875
1 0.5578125 0.9203125 0.109375 0.159375
1 0.3953125 0.93125 0.121875 0.1375
1 0.2109375 0.9234375 0.125 0.1515625
1 0.0609375 0.9359375 0.121875 0.128125
1 0.128125 0.7984375 0.1015625 0.153125
1 0.0609375 0.7171875 0.1171875 0.159375
1 0.19375 0.65625 0.0875 0.18125
1 0.2609375 0.5625 0.0703125 0.1171875
1 0.3296875 0.6421875 0.071875 0.14375
1 0.2796875 0.7625 0.096875 0.1828125
1 0.3546875 0.5578125 0.0625 0.0984375
1 0.3703125 0.48125 0.0515625 0.0765625
1 0.296875 0.4796875 0.05625 0.0796875
1 0.3234375 0.4265625 0.0421875 0.06875
1 0.334375 0.3875 0.03125 0.0484375
1 0.359375 0.3671875 0.0328125 0.053125
1 0.4 0.4359375 0.0546875 0.078125
1 0.3921875 0.3828125 0.0296875 0.0359375
0 0.41875 0.328125 0.0703125 0.1390625
0 0.14375 0.5078125 0.221875 0.2984375
1 0.9265625 0.7875 0.1390625 0.196875
0 0.8796875 0.321875 0.05 0.0921875
1 0.96875 0.409375 0.0625 0.10625
1 0.971875 0.315625 0.05625 0.08125
1 0.740625 0.278125 0.0390625 0.0609375
1 0.2234375 0.2390625 0.034375 0.0484375
1 0.58125 0.2109375 0.0234375 0.0421875
1 0.5578125 0.19375 0.01875 0.0234375
1 0.534375 0.1875 0.015625 0.028125
1 0.690625 0.1875 0.0203125 0.0328125