1 0.5578125 0.915625 0.109375 0.16875
1 0.5578125 0.734375 0.0984375 0.1578125
1 0.4546875 0.5921875 0.0671875 0.1640625
1 0.4109375 0.7296875 0.0765625 0.1390625
1 0.403125 0.925 0.1171875 0.15
1 0.2203125 0.9203125 0.0921875 0.159375
1 0.2828125 0.76875 0.0953125 0.171875
1 0.3265625 0.6296875 0.0609375 0.1140625
1 0.3515625 0.5515625 0.053125 0.1328125
1 0.2609375 0.5515625 0.0625 0.1171875
1 0.1953125 0.6546875 0.0734375 0.15
1 0.134375 0.78125 0.0765625 0.1390625
1 0.059375 0.9203125 0.1125 0.159375
1 0.05625 0.7078125 0.0796875 0.1328125
0 0.425 0.3203125 0.0734375 0.14375
1 0.396875 0.4390625 0.0625 0.103125
0 0.146875 0.5078125 0.209375 0.2890625
1 0.9203125 0.3390625 0.0421875 0.0703125
1 0.54375 0.1921875 0.0265625 0.0390625
0 0.2640625 0.2296875 0.0375 0.078125
1 0.221875 0.2375 0.0265625 0.053125