1 0.5453125 0.9109375 0.109375 0.178125
1 0.5625 0.721875 0.075 0.1515625
1 0.4140625 0.7421875 0.0859375 0.146875
1 0.4015625 0.921875 0.1046875 0.15625
1 0.271875 0.7921875 0.08125 0.2265625
1 0.0625 0.90625 0.1078125 0.1875
1 0.2578125 0.553125 0.0734375 0.128125
1 0.45625 0.5796875 0.0734375 0.14375
0 0.428125 0.2984375 0.0765625 0.128125
1 0.3734375 0.478125 0.0578125 0.1078125
1 0.3515625 0.5453125 0.0671875 0.1125
1 0.321875 0.6328125 0.0796875 0.178125
0 0.1109375 0.571875 0.221875 0.3734375
1 0.1765625 0.6875 0.0984375 0.1984375
1 0.3015625 0.4734375 0.0515625 0.0984375
1 0.3234375 0.4203125 0.0453125 0.0671875
1 0.3328125 0.3734375 0.0359375 0.0625
1 0.353125 0.346875 0.0359375 0.0640625
1 0.80625 0.246875 0.04375 0.0515625
1 0.9390625 0.3328125 0.059375 0.0609375
1 0.9578125 0.290625 0.0359375 0.0625
1 0.221875 0.2171875 0.0375 0.0515625