1 0.0875 0.8765625 0.1265625 0.2375
1 0.21875 0.8984375 0.1203125 0.2015625
1 0.203125 0.6421875 0.0859375 0.159375
1 0.3078125 0.665625 0.0828125 0.1734375
1 0.4390625 0.6375 0.0984375 0.190625
1 0.38125 0.909375 0.121875 0.18125
1 0.5578125 0.9 0.1234375 0.2
1 0.3546875 0.540625 0.0703125 0.121875
1 0.3 0.4546875 0.0546875 0.1125
1 0.375 0.446875 0.0515625 0.0828125
1 0.3296875 0.3828125 0.0453125 0.0609375
1 0.3640625 0.325 0.0328125 0.0765625
0 0.209375 0.4 0.1265625 0.2375
1 0.2203125 0.203125 0.03125 0.05625
0 0.321875 0.2671875 0.0921875 0.15625
0 0.415625 0.3171875 0.0703125 0.1484375
1 0.3921875 0.2171875 0.0328125 0.05
1 0.6421875 0.2828125 0.0390625 0.0671875
1 0.5859375 0.221875 0.0296875 0.0484375
1 0.6828125 0.153125 0.0234375 0.03125
1 0.96875 0.3109375 0.0625 0.0625
1 0.4703125 0.1265625 0.01875 0.0296875