0 0.109375 0.5828125 0.2140625 0.5
1 0.16875 0.6609375 0.0578125 0.14375
1 0.275 0.44375 0.0609375 0.1015625
0 0.284375 0.646875 0.1796875 0.4640625
0 0.371875 0.40625 0.1046875 0.2234375
1 0.359375 0.215625 0.0328125 0.053125
1 0.2578125 0.2109375 0.0296875 0.0515625
1 0.2234375 0.1875 0.0328125 0.0375
0 0.4734375 0.3078125 0.0546875 0.1296875
1 0.4375 0.2484375 0.0328125 0.0609375
1 0.4578125 0.1921875 0.0234375 0.040625
1 0.4328125 0.146875 0.0203125 0.0328125
1 0.7125 0.49375 0.0875 0.11875
1 0.8296875 0.5046875 0.0828125 0.1140625
1 0.853125 0.4359375 0.0828125 0.1140625
1 0.871875 0.63125 0.1 0.1625
1 0.55 0.1171875 0.0203125 0.03125
1 0.4640625 0.11875 0.0203125 0.0296875
1 0.959375 0.2640625 0.0515625 0.0734375