1 0.034375 0.4421875 0.0578125 0.0734375
1 0.0890625 0.4859375 0.0703125 0.0921875
1 0.1484375 0.540625 0.0953125 0.1265625
1 0.2640625 0.6328125 0.134375 0.1640625
1 0.4390625 0.7984375 0.203125 0.25625
1 0.1359375 0.4375 0.0640625 0.0734375
1 0.6546875 0.5609375 0.1546875 0.1359375
1 0.7765625 0.525 0.1484375 0.153125
1 0.6671875 0.428125 0.128125 0.096875
1 0.5921875 0.4609375 0.121875 0.0921875
1 0.4453125 0.4109375 0.084375 0.08125
1 0.5109375 0.3828125 0.0921875 0.0703125
0 0.3625 0.54375 0.4140625 0.3875
0 0.075 0.3625 0.1453125 0.140625
0 0.2890625 0.3234375 0.1828125 0.14375
1 0.5484375 0.221875 0.05 0.0421875
1 0.36875 0.1828125 0.0390625 0.0359375
1 0.45 0.1984375 0.0359375 0.0421875
1 0.28125 0.1859375 0.0375 0.040625
0 0.8015625 0.7890625 0.396875 0.421875
0 0.9125 0.465625 0.1734375 0.240625