1 0.1125 0.5078125 0.0859375 0.1
1 0.2625 0.6515625 0.13125 0.18125
1 0.0375 0.44375 0.05625 0.0765625
0 0.0765625 0.3640625 0.1453125 0.128125
1 0.134375 0.4328125 0.0578125 0.0796875
1 0.58125 0.884375 0.23125 0.23125
0 0.2953125 0.325 0.1703125 0.1375
1 0.4421875 0.4078125 0.0765625 0.0796875
1 0.509375 0.38125 0.0859375 0.0796875
1 0.590625 0.4578125 0.1140625 0.1125
1 0.6671875 0.4359375 0.125 0.096875
1 0.7734375 0.515625 0.1484375 0.1390625
1 0.7234375 0.3125 0.0890625 0.078125
1 0.840625 0.2984375 0.0859375 0.0703125
1 0.6734375 0.28125 0.0703125 0.0609375
1 0.5484375 0.2203125 0.0484375 0.040625
1 0.4546875 0.1984375 0.0328125 0.0328125
1 0.3671875 0.1890625 0.04375 0.0359375
1 0.28125 0.1828125 0.0390625 0.0328125
0 0.36875 0.546875 0.4171875 0.4390625
0 0.803125 0.7671875 0.39375 0.4640625
0 0.909375 0.4484375 0.1796875 0.2125