1 0.178125 0.290625 0.1140625 0.1515625
1 0.3125 0.81875 0.375 0.3625
1 0.3703125 0.5015625 0.275 0.2421875
1 0.26875 0.1921875 0.090625 0.103125
1 0.1265625 0.9484375 0.171875 0.1015625
1 0.3328125 0.1390625 0.06875 0.078125
1 0.43125 0.36875 0.2328125 0.171875
1 0.38125 0.096875 0.046875 0.053125
1 0.45625 0.2796875 0.1796875 0.10625
1 0.4796875 0.23125 0.1703125 0.103125
1 0.8 0.125 0.0296875 0.0421875
1 0.43125 0.059375 0.03125 0.0375
1 0.409375 0.075 0.0421875 0.0484375
1 0.4515625 0.04375 0.03125 0.040625
1 0.503125 0.1609375 0.1203125 0.059375
1 0.91875 0.1796875 0.0125 0.0234375
1 0.48125 0.0234375 0.021875 0.028125
1 0.4953125 0.1859375 0.1390625 0.0625
1 0.928125 0.290625 0.04375 0.0890625
1 0.990625 0.28125 0.01875 0.0375
2 0.28125 0.0859375 0.009375 0.0421875
2 0.63125 0.1140625 0.0125 0.05625
2 0.625 0.1203125 0.0078125 0.040625
2 0.084375 0.109375 0.0171875 0.0625
2 0.0984375 0.1 0.0140625 0.0578125