1 0.175 0.2921875 0.1078125 0.146875
1 0.0625 0.4453125 0.125 0.275
1 0.3125 0.81875 0.3734375 0.3625
1 0.3546875 0.584375 0.284375 0.278125
1 0.26875 0.1921875 0.0921875 0.103125
1 0.3328125 0.1375 0.06875 0.078125
1 0.43125 0.3734375 0.234375 0.1859375
1 0.496875 0.2 0.140625 0.09375
1 0.38125 0.0953125 0.053125 0.05625
1 0.1 0.94375 0.1671875 0.1125
1 0.825 0.178125 0.040625 0.059375
1 0.503125 0.1578125 0.1203125 0.053125
1 0.434375 0.0609375 0.028125 0.0375
1 0.4109375 0.0734375 0.0359375 0.046875
1 0.4453125 0.2734375 0.190625 0.1078125
1 0.4515625 0.04375 0.03125 0.040625
1 0.66875 0.0390625 0.01875 0.021875
1 0.475 0.03125 0.021875 0.028125
2 0.675 0.175 0.0140625 0.075
2 0.2453125 0.0921875 0.0125 0.04375
2 0.0984375 0.1 0.015625 0.0578125
2 0.0859375 0.109375 0.0171875 0.0609375
2 0.334375 0.0875 0.0046875 0.025