1 0.059375 0.471875 0.1171875 0.2484375
1 0.3125 0.81875 0.3765625 0.3609375
1 0.3546875 0.5921875 0.31875 0.2671875
1 0.190625 0.2765625 0.1109375 0.13125
1 0.26875 0.19375 0.090625 0.10625
1 0.396875 0.4234375 0.2484375 0.20625
1 0.328125 0.1328125 0.0640625 0.0890625
1 0.1390625 0.93125 0.2171875 0.134375
1 0.4609375 0.2796875 0.1828125 0.140625
1 0.3796875 0.09375 0.0515625 0.071875
1 0.4515625 0.04375 0.03125 0.0421875
1 0.415625 0.075 0.034375 0.046875
1 0.4296875 0.3625 0.221875 0.1828125
1 0.4328125 0.059375 0.0296875 0.0359375
1 0.471875 0.2109375 0.1578125 0.1
1 0.5328125 0.0671875 0.0859375 0.0578125
1 0.490625 0.1625 0.140625 0.08125
1 0.4734375 0.028125 0.025 0.0328125
1 0.5296875 0.115625 0.1015625 0.0953125
2 0.6265625 0.1015625 0.0125 0.0546875
2 0.0984375 0.1 0.0140625 0.05625
2 0.334375 0.0828125 0.00625 0.0140625
2 0.084375 0.109375 0.015625 0.059375