1 0.06875 0.46875 0.1375 0.24375
1 0.26875 0.1921875 0.090625 0.103125
1 0.1796875 0.296875 0.1203125 0.1578125
1 0.3125 0.81875 0.375 0.3609375
1 0.421875 0.378125 0.2359375 0.1828125
1 0.3875 0.09375 0.046875 0.05625
1 0.159375 0.9296875 0.246875 0.1390625
1 0.4984375 0.15 0.1359375 0.065625
1 0.434375 0.059375 0.0265625 0.0359375
1 0.8671875 0.1796875 0.03125 0.0484375
1 0.38125 0.5359375 0.303125 0.2578125
1 0.4125 0.0734375 0.0359375 0.046875
1 0.4390625 0.278125 0.1796875 0.121875
1 0.4703125 0.0296875 0.0265625 0.0328125
1 0.953125 0.2453125 0.053125 0.078125
1 0.5296875 0.1140625 0.1 0.0984375
1 0.46875 0.2328125 0.1515625 0.103125
1 0.490625 0.196875 0.1515625 0.0875
2 0.6375 0.2625 0.0265625 0.128125
2 0.6234375 0.0546875 0.00625 0.0265625
2 0.33125 0.09375 0.0109375 0.04375
2 0.0984375 0.0984375 0.0140625 0.05625
2 0.084375 0.1078125 0.0171875 0.059375
2 0.3203125 0.0953125 0.0109375 0.0453125