1 0.175 0.29375 0.1078125 0.146875
1 0.0640625 0.4484375 0.128125 0.28125
1 0.315625 0.8171875 0.378125 0.3625
1 0.26875 0.19375 0.0921875 0.10625
1 0.35625 0.5859375 0.2859375 0.28125
1 0.43125 0.3734375 0.2328125 0.1859375
1 0.3328125 0.1375 0.06875 0.0765625
1 0.1234375 0.9375 0.196875 0.1234375
1 0.375 0.1015625 0.053125 0.0578125
1 0.859375 0.1890625 0.046875 0.0625
1 0.48125 0.2328125 0.16875 0.10625
1 0.4515625 0.04375 0.03125 0.040625
1 0.434375 0.0609375 0.028125 0.0375
1 0.4453125 0.2734375 0.190625 0.10625
1 0.4109375 0.0734375 0.0359375 0.046875
1 0.5015625 0.1578125 0.1203125 0.053125
1 0.4953125 0.18125 0.1390625 0.0671875
1 0.990625 0.28125 0.01875 0.0359375
2 0.240625 0.1125 0.0109375 0.05625
2 0.290625 0.1 0.0125 0.053125
2 0.275 0.103125 0.0109375 0.05
2 0.56875 0.1546875 0.021875 0.0625
2 0.334375 0.0875 0.00625 0.0265625
2 0.0984375 0.1015625 0.0140625 0.05625
2 0.4390625 0.0234375 0.00625 0.0296875
2 0.084375 0.1078125 0.0140625 0.0578125