1 0.065625 0.440625 0.1265625 0.2234375
1 0.3125 0.81875 0.3734375 0.3625
1 0.190625 0.265625 0.1078125 0.1609375
1 0.340625 0.5890625 0.3015625 0.2578125
1 0.1375 0.9328125 0.2171875 0.1328125
1 0.396875 0.4265625 0.2484375 0.21875
1 0.278125 0.1859375 0.08125 0.10625
1 0.3328125 0.1359375 0.0515625 0.071875
1 0.815625 0.1671875 0.040625 0.0578125
1 0.9484375 0.2671875 0.0484375 0.06875
1 0.43125 0.053125 0.0359375 0.053125
1 0.4078125 0.075 0.0375 0.0515625
1 0.4359375 0.3359375 0.1984375 0.1421875
1 0.3765625 0.0984375 0.0546875 0.0609375
1 0.9125 0.2125 0.0359375 0.04375
1 0.44375 0.24375 0.1390625 0.10625
1 0.671875 0.04375 0.0171875 0.0171875
1 0.484375 0.23125 0.128125 0.11875
1 0.83125 0.14375 0.0296875 0.0375
1 0.990625 0.26875 0.01875 0.0625
2 0.6515625 0.134375 0.0125 0.0609375
2 0.596875 0.025 0.003125 0.01875
2 0.6046875 0.0234375 0.0046875 0.0171875
2 0.4640625 0.0421875 0.0046875 0.0234375