1 0.0796875 0.4375 0.14375 0.2109375
1 0.3125 0.81875 0.3734375 0.3625
1 0.359375 0.5796875 0.31875 0.29375
1 0.19375 0.271875 0.115625 0.1609375
1 0.2734375 0.19375 0.08125 0.103125
1 0.9453125 0.2640625 0.0484375 0.0703125
1 0.1375 0.93125 0.2171875 0.134375
1 0.396875 0.4109375 0.2484375 0.1921875
1 0.334375 0.134375 0.06875 0.0734375
1 0.446875 0.3453125 0.1984375 0.153125
1 0.4484375 0.253125 0.1703125 0.1171875
1 0.7625 0.1046875 0.025 0.028125
1 0.3796875 0.090625 0.0453125 0.0703125
1 0.521875 0.1640625 0.0828125 0.0734375
1 0.4109375 0.0734375 0.0328125 0.0546875
1 0.434375 0.0609375 0.03125 0.040625
1 0.4890625 0.2296875 0.1484375 0.10625
1 0.4828125 0.175 0.1359375 0.065625
1 0.0078125 0.596875 0.015625 0.13125
1 0.8421875 0.11875 0.0140625 0.0265625
1 0.990625 0.28125 0.01875 0.0390625
2 0.65 0.128125 0.0125 0.05625
2 0.6609375 0.1359375 0.0078125 0.0375
2 0.0859375 0.109375 0.015625 0.0609375
2 0.0984375 0.1 0.0140625 0.0578125