1 0.371875 0.5296875 0.278125 0.2296875
1 0.30625 0.74375 0.35 0.3703125
1 0.18125 0.2984375 0.11875 0.1578125
1 0.26875 0.1921875 0.090625 0.103125
1 0.334375 0.134375 0.0625 0.075
1 0.2203125 0.9109375 0.3375 0.1765625
1 0.375 0.1 0.046875 0.0578125
1 0.421875 0.3765625 0.2359375 0.196875
1 0.459375 0.278125 0.190625 0.13125
1 0.475 0.1703125 0.10625 0.0734375
1 0.45 0.0484375 0.025 0.0359375
1 0.984375 0.2765625 0.028125 0.0484375
1 0.409375 0.06875 0.0453125 0.0609375
1 0.0671875 0.4546875 0.134375 0.246875
1 0.4359375 0.059375 0.0203125 0.0421875
1 0.4671875 0.2125 0.146875 0.059375
2 0.6015625 0.025 0.0046875 0.01875
2 0.0859375 0.1078125 0.0171875 0.059375
2 0.1 0.1 0.0140625 0.05625