1 0.2203125 0.625 0.11875 0.153125
1 0.0796875 0.4828125 0.0765625 0.1234375
1 0.1359375 0.4375 0.05625 0.0796875
0 0.3671875 0.55 0.4109375 0.4109375
1 0.4453125 0.4140625 0.0796875 0.078125
0 0.2921875 0.33125 0.165625 0.1421875
1 0.509375 0.3921875 0.0828125 0.0765625
1 0.590625 0.4703125 0.1234375 0.0984375
1 0.66875 0.440625 0.1265625 0.103125
1 0.7703125 0.53125 0.1453125 0.140625
1 0.5140625 0.86875 0.2390625 0.2484375
0 0.8078125 0.7859375 0.384375 0.403125
1 0.6703125 0.29375 0.090625 0.0640625
1 0.4875 0.278125 0.065625 0.059375
1 0.428125 0.2453125 0.0515625 0.046875
1 0.3484375 0.225 0.0390625 0.0421875
1 0.2984375 0.2390625 0.0359375 0.040625
1 0.609375 0.2625 0.059375 0.053125
1 0.5515625 0.2265625 0.0546875 0.04375
1 0.4515625 0.203125 0.0359375 0.0359375
1 0.365625 0.1890625 0.0390625 0.0234375
1 0.284375 0.1890625 0.0328125 0.040625
1 0.921875 0.321875 0.096875 0.078125
0 0.909375 0.459375 0.18125 0.2140625