0 0.0796875 0.3578125 0.1453125 0.1109375
0 0.165625 0.53125 0.2265625 0.296875
1 0.5015625 0.8578125 0.21875 0.2703125
0 0.4328125 0.571875 0.2921875 0.31875
1 0.4484375 0.4140625 0.096875 0.078125
0 0.290625 0.3328125 0.1640625 0.1421875
1 0.50625 0.3875 0.0890625 0.0875
1 0.5375 0.3234375 0.0828125 0.0765625
1 0.6703125 0.4375 0.1234375 0.096875
1 0.6 0.471875 0.1390625 0.103125
1 0.775 0.5265625 0.1515625 0.14375
1 0.7734375 0.3234375 0.0859375 0.0703125
1 0.35625 0.2328125 0.0484375 0.0359375
1 0.2765625 0.2015625 0.0609375 0.0671875
1 0.36875 0.1890625 0.0390625 0.0359375
1 0.7796875 0.2859375 0.0828125 0.05625
1 0.478125 0.2703125 0.053125 0.046875
1 0.4625 0.2421875 0.0546875 0.0390625
1 0.4859375 0.2109375 0.128125 0.0765625
0 0.803125 0.7734375 0.39375 0.453125
0 0.909375 0.4609375 0.1796875 0.25625
0 0.396875 0.3234375 0.1390625 0.159375