0 0.075 0.371875 0.1453125 0.1359375
1 0.1375 0.4421875 0.0625 0.096875
1 0.209375 0.609375 0.1328125 0.16875
1 0.44375 0.4109375 0.0828125 0.090625
0 0.2953125 0.33125 0.1640625 0.1359375
1 0.50625 0.3828125 0.1015625 0.090625
1 0.5875 0.4640625 0.1171875 0.1109375
1 0.671875 0.428125 0.128125 0.109375
1 0.7734375 0.521875 0.1484375 0.14375
1 0.28125 0.225 0.0375 0.0328125
1 0.5515625 0.225 0.05 0.0421875
1 0.36875 0.1859375 0.0359375 0.0359375
0 0.3671875 0.5546875 0.3984375 0.4234375
0 0.9046875 0.459375 0.190625 0.28125
0 0.7546875 0.8453125 0.490625 0.309375