0 0.428125 0.571875 0.3234375 0.3875
1 0.140625 0.4421875 0.0640625 0.0921875
0 0.075 0.3578125 0.146875 0.128125
0 0.296875 0.3328125 0.1734375 0.1296875
1 0.446875 0.40625 0.1078125 0.1
1 0.5109375 0.3765625 0.0859375 0.0828125
1 0.5953125 0.4515625 0.1265625 0.1203125
1 0.671875 0.4265625 0.1125 0.1078125
1 0.7765625 0.5203125 0.1515625 0.1328125
1 0.5484375 0.2203125 0.0515625 0.0515625
1 0.2828125 0.1828125 0.0421875 0.040625
1 0.3703125 0.1828125 0.0390625 0.040625
1 0.4484375 0.1921875 0.0421875 0.04375
0 0.80625 0.7921875 0.3859375 0.4140625
0 0.9125 0.45625 0.1734375 0.2171875