1 0.1359375 0.43125 0.0640625 0.090625
0 0.359375 0.55625 0.4078125 0.4109375
0 0.0765625 0.3640625 0.1484375 0.153125
0 0.296875 0.3265625 0.1765625 0.14375
1 0.4453125 0.4046875 0.0875 0.0828125
1 0.5125 0.36875 0.0796875 0.0828125
1 0.5953125 0.4578125 0.1171875 0.1109375
1 0.6765625 0.43125 0.1171875 0.096875
1 0.775 0.5265625 0.1578125 0.1328125
1 0.55 0.2109375 0.05625 0.0421875
1 0.3640625 0.1765625 0.0390625 0.0375
1 0.4515625 0.1953125 0.0375 0.04375
1 0.2828125 0.1828125 0.0390625 0.0328125
1 0.053125 0.246875 0.028125 0.0359375
0 0.809375 0.7796875 0.375 0.440625
0 0.909375 0.4484375 0.18125 0.234375