1 0.140625 0.4375 0.0671875 0.0890625
0 0.371875 0.5484375 0.425 0.403125
0 0.29375 0.3234375 0.1578125 0.1359375
1 0.4421875 0.4015625 0.0859375 0.0859375
1 0.5046875 0.3671875 0.09375 0.0859375
1 0.5921875 0.45625 0.128125 0.1171875
1 0.678125 0.421875 0.1234375 0.090625
1 0.7734375 0.5140625 0.1484375 0.1328125
1 0.5515625 0.2109375 0.0515625 0.046875
1 0.0828125 0.2203125 0.0296875 0.0421875
1 0.365625 0.178125 0.0359375 0.0328125
1 0.2828125 0.1765625 0.0359375 0.0421875
0 0.81875 0.78125 0.3609375 0.4375
0 0.9078125 0.4375 0.184375 0.2375