1 0.3546875 0.3984375 0.0859375 0.090625
1 0.2265625 0.4203125 0.0859375 0.090625
1 0.2390625 0.58125 0.1125 0.1296875
1 0.46875 0.78125 0.196875 0.2203125
1 0.621875 0.3265625 0.0984375 0.090625
1 0.5171875 0.2375 0.0640625 0.05
1 0.3625 0.21875 0.0484375 0.0421875
0 0.4234375 0.1921875 0.1515625 0.0765625
1 0.5484375 0.196875 0.05625 0.0375
1 0.2796875 0.16875 0.0375 0.0375
1 0.1546875 0.2609375 0.04375 0.0515625
1 0.034375 0.403125 0.053125 0.0703125
1 0.021875 0.3375 0.0390625 0.0578125
1 0.03125 0.2921875 0.0375 0.0515625
1 0.0515625 0.259375 0.0296875 0.059375