1 0.4203125 0.4953125 0.1234375 0.14375
1 0.41875 0.7125 0.1890625 0.23125
1 0.1875 0.54375 0.109375 0.14375
1 0.053125 0.4359375 0.0609375 0.0875
1 0.0203125 0.375 0.0390625 0.06875
1 0.2546875 0.3 0.059375 0.0703125
1 0.61875 0.2890625 0.0921875 0.0828125
1 0.8015625 0.675 0.234375 0.2140625
1 0.834375 0.8953125 0.33125 0.209375
0 0.2921875 0.1734375 0.0953125 0.0734375
1 0.9484375 0.265625 0.1015625 0.0828125
1 0.7125 0.203125 0.0609375 0.05
1 0.5484375 0.19375 0.05625 0.0515625
1 0.453125 0.16875 0.040625 0.046875
1 0.3703125 0.1625 0.0390625 0.03125
1 0.1 0.2328125 0.0390625 0.0421875
1 0.021875 0.28125 0.0328125 0.05