1 0.1515625 0.5328125 0.0921875 0.1234375
1 0.071875 0.4453125 0.075 0.0859375
1 0.28125 0.628125 0.1375 0.1625
1 0.5828125 0.5828125 0.16875 0.1734375
1 0.5234375 0.84375 0.2140625 0.253125
1 0.790625 0.6890625 0.20625 0.2265625
1 0.4875 0.234375 0.071875 0.06875
1 0.66875 0.203125 0.0578125 0.0578125
1 0.2609375 0.2421875 0.0515625 0.05
1 0.1109375 0.253125 0.040625 0.0484375
1 0.284375 0.1625 0.0359375 0.0421875
1 0.3703125 0.1578125 0.0328125 0.0484375
1 0.4546875 0.1734375 0.034375 0.03125
1 0.5515625 0.1953125 0.05 0.04375
1 0.1921875 0.1828125 0.03125 0.0359375