1 0.1125 0.240625 0.0390625 0.046875
1 0.071875 0.2078125 0.025 0.0328125
1 0.0390625 0.21875 0.0296875 0.0296875
1 0.4046875 0.3875 0.1015625 0.109375
1 0.3609375 0.703125 0.1609375 0.1890625
1 0.584375 0.5703125 0.1640625 0.16875
1 0.646875 0.9 0.259375 0.2
1 0.7890625 0.69375 0.2109375 0.1984375
1 0.859375 0.5046875 0.184375 0.1765625
1 0.5140625 0.259375 0.0859375 0.0828125
1 0.4265625 0.2765625 0.0640625 0.059375
0 0.2984375 0.2765625 0.2015625 0.1390625
1 0.31875 0.20625 0.05 0.0328125
1 0.36875 0.1640625 0.0359375 0.028125
1 0.2859375 0.1671875 0.0328125 0.03125
1 0.6625 0.2 0.0671875 0.0515625
1 0.5484375 0.1875 0.0546875 0.046875
1 0.825 0.25625 0.103125 0.071875