1 0.253125 0.4375 0.0953125 0.090625
1 0.2609375 0.3203125 0.0609375 0.0671875
1 0.4375 0.3375 0.08125 0.0703125
1 0.540625 0.4125 0.11875 0.109375
1 0.665625 0.61875 0.1921875 0.16875
1 0.8859375 0.5859375 0.2171875 0.2140625
1 0.65625 0.2015625 0.065625 0.05
1 0.55 0.1875 0.0515625 0.040625
1 0.4546875 0.1671875 0.040625 0.0421875
1 0.35 0.19375 0.0390625 0.040625
1 0.13125 0.271875 0.034375 0.04375
1 0.0609375 0.2421875 0.0234375 0.0375
1 0.2296875 0.1875 0.028125 0.040625
1 0.284375 0.1625 0.0328125 0.0328125
1 0.36875 0.159375 0.0359375 0.040625
0 0.88125 0.403125 0.2375 0.2375