1 0.3765625 0.4015625 0.0953125 0.0984375
1 0.034375 0.390625 0.06875 0.10625
1 0.1453125 0.275 0.0390625 0.0515625
1 0.4890625 0.3953125 0.1015625 0.096875
1 0.509375 0.3484375 0.090625 0.0703125
1 0.6734375 0.4 0.121875 0.0828125
1 0.6765625 0.4671875 0.1390625 0.096875
1 0.6984375 0.3125 0.0953125 0.0703125
1 0.6953125 0.246875 0.0828125 0.0625
1 0.5015625 0.1953125 0.0515625 0.0515625
1 0.553125 0.1921875 0.0421875 0.0375
1 0.36875 0.1609375 0.0359375 0.03125
1 0.28125 0.1671875 0.0328125 0.0328125
1 0.4546875 0.16875 0.03125 0.0390625
1 0.88125 0.5796875 0.2375 0.2375
0 0.89375 0.4140625 0.2125 0.253125