1 0.4015625 0.359375 0.084375 0.0890625
1 0.503125 0.396875 0.0953125 0.0984375
1 0.54375 0.35625 0.0890625 0.0859375
1 0.6734375 0.3890625 0.121875 0.08125
1 0.6734375 0.4484375 0.1296875 0.096875
1 0.621875 0.503125 0.14375 0.1359375
1 0.8921875 0.5859375 0.215625 0.246875
1 0.896875 0.24375 0.096875 0.0703125
1 0.5515625 0.1828125 0.05 0.0421875
1 0.45625 0.165625 0.046875 0.0484375
1 0.3671875 0.15625 0.0359375 0.0296875
1 0.2859375 0.1625 0.034375 0.0328125
1 0.2328125 0.1765625 0.0296875 0.028125
1 0.1578125 0.178125 0.0265625 0.0296875
0 0.896875 0.384375 0.2046875 0.1984375