1 0.76875 0.15625 0.0421875 0.0515625
1 0.496875 0.153125 0.096875 0.0609375
1 0.96875 0.2765625 0.0625 0.10625
1 0.8375 0.146875 0.028125 0.0421875
1 0.1203125 0.1734375 0.0453125 0.0375
1 0.73125 0.1375 0.034375 0.0515625
1 0.0828125 0.178125 0.0328125 0.0375
1 0.834375 0.103125 0.01875 0.0234375
1 0.75625 0.0984375 0.01875 0.028125
1 0.4046875 0.1515625 0.084375 0.0578125
1 0.94375 0.20625 0.046875 0.05625
2 0.3453125 0.48125 0.0625 0.2734375
2 0.6171875 0.1640625 0.0140625 0.06875
2 0.05 0.9140625 0.0921875 0.1703125