1 0.7046875 0.3328125 0.1625 0.159375
1 0.0875 0.21875 0.0921875 0.078125
1 0.603125 0.45625 0.1796875 0.278125
1 0.3203125 0.3 0.0890625 0.1421875
1 0.478125 0.1796875 0.0609375 0.05625
1 0.7890625 0.5484375 0.240625 0.3171875
1 0.8140625 0.2984375 0.1078125 0.13125
1 0.378125 0.21875 0.0609375 0.0734375
1 0.89375 0.4296875 0.2109375 0.2859375
1 0.2109375 0.184375 0.06875 0.06875
1 0.309375 0.15625 0.0375 0.0578125
1 0.8421875 0.128125 0.0453125 0.046875
1 0.259375 0.171875 0.0421875 0.0703125
1 0.290625 0.20625 0.0484375 0.0703125
1 0.3484375 0.1375 0.0359375 0.0375
1 0.8703125 0.1359375 0.0703125 0.0515625
1 0.3890625 0.153125 0.0390625 0.0546875
2 0.8953125 0.15625 0.0171875 0.0796875
2 0.1265625 0.1640625 0.0140625 0.05625
2 0.484375 0.1296875 0.0078125 0.053125
2 0.534375 0.1234375 0.009375 0.046875
2 0.9765625 0.1671875 0.0078125 0.059375
2 0.646875 0.1140625 0.0078125 0.040625
2 0.653125 0.115625 0.009375 0.046875