1 0.53125 0.346875 0.1390625 0.16875
1 0.73125 0.2859375 0.1390625 0.1125
1 0.615625 0.81875 0.3578125 0.3609375
1 0.290625 0.2609375 0.065625 0.1015625
1 0.378125 0.2234375 0.0609375 0.0859375
1 0.471875 0.1859375 0.0625 0.0671875
1 0.9046875 0.4625 0.190625 0.259375
1 0.3609375 0.11875 0.0296875 0.0359375
1 0.240625 0.1640625 0.034375 0.0609375
1 0.30625 0.1546875 0.03125 0.0515625
1 0.8140625 0.1375 0.075 0.05
1 0.2703125 0.0828125 0.0125 0.01875
1 0.428125 0.1140625 0.034375 0.04375
1 0.459375 0.153125 0.0484375 0.05625
2 0.671875 0.1359375 0.009375 0.0515625
2 0.609375 0.109375 0.009375 0.0515625
2 0.628125 0.8265625 0.0765625 0.1078125
2 0.65625 0.134375 0.0109375 0.0578125
2 0.05625 0.1609375 0.009375 0.040625
2 0.6203125 0.109375 0.0109375 0.05
2 0.51875 0.1203125 0.009375 0.046875
2 0.496875 0.125 0.009375 0.046875
2 0.159375 0.165625 0.0109375 0.0484375
2 0.809375 0.1109375 0.0078125 0.0375
2 0.165625 0.1703125 0.0078125 0.0484375
2 0.403125 0.08125 0.00625 0.0265625
2 0.2578125 0.05625 0.0046875 0.0203125
2 0.0078125 0.2140625 0.0109375 0.059375