1 0.4375 0.25625 0.06875 0.103125
1 0.9734375 0.4078125 0.053125 0.1328125
1 0.49375 0.2015625 0.0828125 0.0875
1 0.396875 0.1734375 0.0984375 0.0640625
1 0.1 0.225 0.096875 0.0671875
1 0.6234375 0.14375 0.0859375 0.0546875
1 0.4984375 0.14375 0.0765625 0.0515625
1 0.675 0.165625 0.0953125 0.0625
1 0.2953125 0.140625 0.0328125 0.0484375
1 0.7265625 0.1421875 0.065625 0.0484375
1 0.0265625 0.1546875 0.053125 0.034375
1 0.2375 0.1484375 0.028125 0.04375
1 0.2328125 0.0640625 0.009375 0.0125
2 0.15 0.346875 0.025 0.1515625
2 0.9859375 0.16875 0.021875 0.06875
2 0.809375 0.15625 0.0125 0.0625
2 0.6625 0.1125 0.009375 0.0515625
2 0.8796875 0.10625 0.0109375 0.0453125
2 0.4953125 0.109375 0.009375 0.021875
2 0.5125 0.109375 0.009375 0.01875
2 0.159375 0.3234375 0.0140625 0.1296875