1 0.3296875 0.18125 0.0515625 0.0828125
1 0.4765625 0.309375 0.1046875 0.1421875
1 0.8921875 0.4390625 0.2140625 0.1671875
1 0.834375 0.3125 0.1484375 0.146875
1 0.4875 0.2203125 0.084375 0.078125
1 0.90625 0.7375 0.1859375 0.4921875
1 0.2296875 0.1453125 0.0296875 0.0453125
1 0.54375 0.190625 0.0796875 0.090625
1 0.28125 0.1359375 0.028125 0.0453125
1 0.015625 0.16875 0.03125 0.04375
1 0.4578125 0.153125 0.0578125 0.075
1 0.315625 0.0609375 0.01875 0.0125
1 0.0265625 0.1515625 0.0484375 0.0390625
1 0.2609375 0.1171875 0.0203125 0.0375
1 0.1609375 0.1734375 0.0171875 0.034375
1 0.9921875 0.1515625 0.0140625 0.0390625
2 0.6765625 0.140625 0.015625 0.0625
2 0.15 0.16875 0.0109375 0.0515625
2 0.60625 0.1203125 0.0109375 0.053125
2 0.125 0.16875 0.0109375 0.0578125
2 0.5515625 0.128125 0.0078125 0.0375
2 0.96875 0.1765625 0.0140625 0.04375
2 0.4265625 0.08125 0.00625 0.0265625
2 0.5609375 0.121875 0.0078125 0.0484375
2 0.4421875 0.0875 0.00625 0.0328125
2 0.1015625 0.1734375 0.0125 0.0546875
2 0.51875 0.1234375 0.0109375 0.04375
2 0.484375 0.1234375 0.00625 0.0453125
2 0.5265625 0.121875 0.009375 0.040625
2 0.5125 0.1203125 0.00625 0.046875
2 0.4515625 0.0859375 0.00625 0.025
2 0.4625 0.0875 0.0046875 0.021875
2 0.609375 0.1109375 0.009375 0.04375