1 0.8875 0.453125 0.2234375 0.209375
1 0.365625 0.1453125 0.0359375 0.046875
1 0.9625 0.3671875 0.0734375 0.1359375
1 0.1765625 0.1984375 0.0625 0.0609375
1 0.034375 0.225 0.0671875 0.078125
2 0.2671875 0.321875 0.040625 0.1234375
2 0.896875 0.1625 0.0140625 0.0765625
2 0.15 0.2734375 0.0203125 0.0875
2 0.6765625 0.115625 0.0109375 0.0421875
2 0.0234375 0.3390625 0.03125 0.1171875
2 0.871875 0.171875 0.015625 0.0734375
2 0.203125 0.2734375 0.0140625 0.0734375
2 0.4953125 0.1296875 0.0078125 0.046875
2 0.190625 0.2765625 0.0375 0.09375
2 0.465625 0.1140625 0.00625 0.0296875
2 0.8421875 0.1546875 0.0140625 0.071875