1 0.565625 0.271875 0.1015625 0.1078125
1 0.9265625 0.75625 0.1453125 0.3578125
1 0.0578125 0.28125 0.115625 0.08125
1 0.9015625 0.4640625 0.1953125 0.2375
1 0.2546875 0.265625 0.065625 0.0890625
1 0.36875 0.2140625 0.109375 0.0828125
1 0.346875 0.303125 0.13125 0.18125
1 0.9828125 0.3296875 0.034375 0.0859375
1 0.1 0.23125 0.10625 0.071875
2 0.7671875 0.1609375 0.0140625 0.0640625
2 0.3125 0.1484375 0.009375 0.0484375
2 0.3828125 0.14375 0.0109375 0.05
2 0.51875 0.1515625 0.0125 0.0609375
2 0.2375 0.1671875 0.0109375 0.05
2 0.35625 0.1453125 0.009375 0.0484375
2 0.809375 0.1125 0.00625 0.034375
2 0.3390625 0.1515625 0.0109375 0.053125
2 0.33125 0.15 0.009375 0.053125
2 0.2046875 0.1765625 0.0078125 0.0390625
2 0.35 0.14375 0.0078125 0.05