1 0.89375 0.81875 0.2125 0.3609375
1 0.38125 0.321875 0.0984375 0.1328125
1 0.9 0.4421875 0.2 0.2375
1 0.2921875 0.26875 0.1125 0.0953125
1 0.040625 0.2796875 0.08125 0.0765625
1 0.4453125 0.2234375 0.1046875 0.096875
1 0.7484375 0.259375 0.0984375 0.0859375
1 0.5859375 0.26875 0.1078125 0.1140625
1 0.234375 0.2078125 0.09375 0.078125
2 0.565625 0.11875 0.0078125 0.0453125
2 0.128125 0.1703125 0.0109375 0.0484375
2 0.665625 0.1359375 0.009375 0.05625
2 0.0578125 0.1765625 0.0078125 0.0328125
2 0.046875 0.1671875 0.0078125 0.04375
2 0.68125 0.1390625 0.0109375 0.0515625
2 0.19375 0.33125 0.0265625 0.1375
2 0.16875 0.1640625 0.009375 0.0515625
2 0.153125 0.165625 0.009375 0.053125
2 0.809375 0.10625 0.0078125 0.0234375
2 0.4828125 0.1265625 0.0078125 0.0390625
2 0.134375 0.1671875 0.0078125 0.05
2 0.3671875 0.1421875 0.00625 0.0328125
2 0.5359375 0.1234375 0.009375 0.0421875
2 0.775 0.1140625 0.0078125 0.0375
2 0.959375 0.1828125 0.0140625 0.0828125