1 0.3984375 0.4328125 0.1390625 0.2671875
1 0.8921875 0.5015625 0.215625 0.2328125
1 0.715625 0.265625 0.1203125 0.1375
1 0.109375 0.2765625 0.1265625 0.0859375
1 0.8078125 0.3046875 0.1796875 0.171875
1 0.896875 0.14375 0.0640625 0.059375
1 0.05625 0.2390625 0.1109375 0.09375
1 0.390625 0.2234375 0.0875 0.090625
1 0.0265625 0.1515625 0.053125 0.0375
1 0.4359375 0.146875 0.0546875 0.053125
1 0.3515625 0.275 0.1015625 0.115625
2 0.671875 0.1296875 0.0109375 0.0546875
2 0.9046875 0.215625 0.015625 0.103125
2 0.7125 0.1140625 0.009375 0.0421875
2 0.6265625 0.1140625 0.009375 0.0484375
2 0.4859375 0.1375 0.00625 0.03125
2 0.0109375 0.2 0.0125 0.0609375
2 0.465625 0.1359375 0.00625 0.021875
2 0.5890625 0.115625 0.0140625 0.05625
2 0.415625 0.1578125 0.0125 0.0421875
2 0.1125 0.175 0.009375 0.046875