1 0.5921875 0.1484375 0.0796875 0.053125
1 0.915625 0.4578125 0.16875 0.215625
1 0.8125 0.921875 0.3703125 0.153125
1 0.4421875 0.28125 0.0828125 0.1265625
1 0.16875 0.20625 0.1078125 0.084375
1 0.296875 0.253125 0.065625 0.1140625
1 0.9109375 0.771875 0.1765625 0.4421875
1 0.321875 0.1140625 0.028125 0.0484375
1 0.35 0.3484375 0.128125 0.2171875
1 0.384375 0.1359375 0.034375 0.046875
1 0.4625 0.1484375 0.0796875 0.0578125
1 0.36875 0.1984375 0.071875 0.0828125
1 0.45625 0.528125 0.1859375 0.2875
2 0.8453125 0.25 0.0234375 0.11875
2 0.9828125 0.221875 0.0125 0.05625
2 0.05625 0.1703125 0.009375 0.0453125
2 0.55 0.13125 0.0078125 0.03125
2 0.9515625 0.190625 0.0171875 0.0953125
2 0.51875 0.128125 0.0046875 0.0203125
2 0.809375 0.1125 0.0078125 0.0328125