1 0.346875 0.1015625 0.046875 0.0625
1 0.03125 0.14375 0.0625 0.075
1 0.321875 0.0484375 0.03125 0.046875
1 0.86875 0.2421875 0.08125 0.1
1 0.9375 0.3140625 0.0953125 0.121875
1 0.9875 0.353125 0.0234375 0.1234375
1 0.978125 0.2515625 0.0421875 0.10625
1 0.803125 0.115625 0.0546875 0.0453125
1 0.928125 0.2171875 0.0734375 0.08125
1 0.83125 0.146875 0.05 0.06875
1 0.2234375 0.0078125 0.046875 0.015625
1 0.271875 0.084375 0.0609375 0.065625
2 0.840625 0.95 0.065625 0.0984375
2 0.2203125 0.053125 0.0109375 0.053125
2 0.9625 0.9484375 0.0453125 0.0984375