1 0.1984375 0.4921875 0.16875 0.1796875
1 0.40625 0.303125 0.1015625 0.1265625
1 0.65625 0.0984375 0.0359375 0.0515625
1 0.6515625 0.0234375 0.025 0.0328125
1 0.39375 0.2 0.078125 0.0859375
1 0.14375 0.26875 0.0890625 0.13125
1 0.20625 0.16875 0.1046875 0.078125
1 0.5796875 0.08125 0.0421875 0.0609375
1 0.59375 0.065625 0.0296875 0.05
1 0.725 0.0328125 0.0296875 0.0328125
1 0.121875 0.2265625 0.075 0.090625
1 0.5234375 0.0890625 0.0375 0.0484375
1 0.0390625 0.221875 0.0765625 0.071875
1 0.625 0.00625 0.01875 0.0125
1 0.7265625 0.05625 0.040625 0.0265625
1 0.5515625 0.059375 0.0265625 0.0390625
1 0.528125 0.0609375 0.034375 0.05
2 0.940625 0.2875 0.01875 0.115625
2 0.328125 0.1203125 0.0140625 0.0640625
2 0.0640625 0.2328125 0.015625 0.0875
2 0.0265625 0.2484375 0.01875 0.0890625
2 0.215625 0.1203125 0.0109375 0.021875
2 0.871875 0.1015625 0.015625 0.0609375
2 0.85625 0.0984375 0.0140625 0.0640625
2 0.1796875 0.128125 0.009375 0.0359375
2 0.3046875 0.1140625 0.0109375 0.0609375
2 0.1875 0.1140625 0.0125 0.0390625
2 0.9015625 0.1 0.0078125 0.0625
2 0.24375 0.115625 0.0140625 0.04375
2 0.8953125 0.1046875 0.009375 0.0578125
2 0.25 0.1140625 0.009375 0.0421875
2 0.196875 0.1234375 0.0078125 0.01875
2 0.0078125 0.2703125 0.015625 0.096875