1 0.0890625 0.6 0.178125 0.2421875
1 0.6765625 0.340625 0.0890625 0.1328125
1 0.24375 0.4375 0.1671875 0.1875
1 0.83125 0.2703125 0.13125 0.0953125
1 0.325 0.278125 0.0875 0.1109375
1 0.6546875 0.0625 0.028125 0.04375
1 0.5 0.10625 0.0421875 0.0546875
1 0.6953125 0.015625 0.025 0.03125
1 0.25625 0.2 0.06875 0.065625
1 0.73125 0.0484375 0.0296875 0.0421875
1 0.2328125 0.325 0.13125 0.146875
1 0.6375 0.1515625 0.0671875 0.125
1 0.3234375 0.1984375 0.0703125 0.0640625
1 0.109375 0.2890625 0.0921875 0.1078125
1 0.15625 0.30625 0.0984375 0.1421875
1 0.6390625 0.015625 0.0234375 0.03125
1 0.259375 0.23125 0.0828125 0.0671875
1 0.0390625 0.4203125 0.078125 0.178125
1 0.5671875 0.0890625 0.0390625 0.06875
2 0.9078125 0.2921875 0.021875 0.11875
2 0.2125 0.1 0.0140625 0.0546875
2 0.865625 0.0984375 0.0125 0.0671875
2 0.3421875 0.115625 0.0125 0.0609375
2 0.2953125 0.1140625 0.009375 0.059375
2 0.3625 0.115625 0.009375 0.05625
2 0.871875 0.1015625 0.0078125 0.053125