1 0.1625 0.7875 0.2546875 0.296875
1 0.6375 0.46875 0.128125 0.1734375
1 0.496875 0.6765625 0.178125 0.2796875
1 0.140625 0.2953125 0.0890625 0.1328125
1 0.3359375 0.5640625 0.184375 0.2109375
1 0.446875 0.4328125 0.134375 0.1609375
1 0.7609375 0.10625 0.0484375 0.0546875
1 0.4453125 0.0984375 0.0421875 0.053125
1 0.4703125 0.08125 0.0328125 0.0484375
1 0.346875 0.9875 0.209375 0.0234375
1 0.5796875 0.084375 0.0421875 0.0578125
1 0.5875 0.071875 0.034375 0.04375
1 0.5203125 0.0765625 0.04375 0.06875
2 0.921875 0.3390625 0.0359375 0.1375
2 0.2234375 0.1296875 0.0125 0.0609375
2 0.0375 0.2609375 0.0328125 0.10625
2 0.1859375 0.1265625 0.009375 0.0625
2 0.89375 0.1015625 0.009375 0.0609375
2 0.1765625 0.1359375 0.0078125 0.04375
2 0.1671875 0.1296875 0.0109375 0.0578125
2 0.2453125 0.0875 0.0078125 0.04375
2 0.978125 0.8796875 0.0421875 0.184375
2 0.0234375 0.26875 0.0265625 0.10625
2 0.0046875 0.2421875 0.009375 0.0765625