1 0.79375 0.3953125 0.1109375 0.109375
1 0.584375 0.2890625 0.0578125 0.1046875
1 0.546875 0.115625 0.021875 0.034375
1 0.628125 0.2421875 0.05 0.0625
1 0.1921875 0.240625 0.09375 0.065625
1 0.734375 0.5640625 0.171875 0.278125
1 0.334375 0.4375 0.19375 0.1484375
1 0.4 0.409375 0.125 0.1375
1 0.453125 0.0703125 0.009375 0.0171875
1 0.3546875 0.228125 0.06875 0.0578125
2 0.6296875 0.1609375 0.009375 0.0484375
2 0.640625 0.1640625 0.009375 0.046875
2 0.76875 0.5125 0.0359375 0.05
2 0.7625 0.071875 0.00625 0.0359375
2 0.4 0.1390625 0.0078125 0.0390625
2 0.4109375 0.140625 0.009375 0.0390625