1 0.146875 0.8375 0.271875 0.3140625
1 0.33125 0.5625 0.1859375 0.2078125
1 0.4375 0.41875 0.121875 0.1609375
1 0.56875 0.534375 0.1453125 0.203125
1 0.490625 0.7296875 0.20625 0.31875
1 0.084375 0.578125 0.16875 0.2671875
1 0.384375 0.9703125 0.2484375 0.0578125
1 0.8421875 0.2515625 0.128125 0.1109375
1 0.8640625 0.1953125 0.1296875 0.078125
1 0.215625 0.43125 0.1875 0.23125
1 0.421875 0.125 0.0515625 0.0625
1 0.95625 0.171875 0.0875 0.084375
2 0.7578125 0.1 0.0140625 0.034375
2 0.18125 0.1375 0.0125 0.0625
2 0.3375 0.040625 0.009375 0.0421875
2 0.23125 0.125 0.0125 0.065625
2 0.175 0.1375 0.009375 0.0609375
2 0.2421875 0.1234375 0.0125 0.0671875