1 0.5578125 0.5875 0.159375 0.23125
1 0.096875 0.571875 0.19375 0.2125
1 0.35 0.5390625 0.18125 0.228125
1 0.11875 0.3109375 0.1234375 0.1328125
1 0.4828125 0.3796875 0.1078125 0.1359375
1 0.5796875 0.2609375 0.0796875 0.1015625
1 0.6765625 0.359375 0.103125 0.1546875
1 0.7359375 0.203125 0.0625 0.084375
1 0.7484375 0.1015625 0.0359375 0.0578125
1 0.6515625 0.140625 0.0484375 0.0625
1 0.246875 0.4265625 0.1625 0.18125
1 0.3 0.2609375 0.1140625 0.146875
1 0.5390625 0.115625 0.0515625 0.0671875
1 0.575 0.084375 0.0390625 0.053125
1 0.4328125 0.14375 0.0609375 0.0640625
1 0.303125 0.19375 0.065625 0.0375
1 0.4234375 0.1 0.0453125 0.0640625
1 0.596875 0.0515625 0.0328125 0.046875
1 0.2953125 0.2125 0.08125 0.071875
2 0.2515625 0.084375 0.0125 0.071875
2 0.3296875 0.1140625 0.0125 0.0578125
2 0.1296875 0.184375 0.015625 0.078125
2 0.271875 0.1234375 0.0125 0.0390625
2 0.871875 0.0984375 0.0109375 0.053125
2 0.05625 0.1859375 0.0203125 0.071875
2 0.3359375 0.1125 0.009375 0.05625
2 0.115625 0.184375 0.01875 0.0859375
2 0.0703125 0.1859375 0.0109375 0.0625
2 0.35625 0.0171875 0.00625 0.0328125
2 0.9 0.096875 0.009375 0.0578125
2 0.878125 0.096875 0.009375 0.0484375
2 0.0078125 0.21875 0.0140625 0.0828125