1 0.2125 0.4703125 0.175 0.1734375
1 0.6796875 0.375 0.103125 0.1390625
1 0.475 0.7140625 0.2015625 0.2734375
1 0.15 0.303125 0.1109375 0.109375
1 0.725 0.2015625 0.059375 0.0875
1 0.0640625 0.459375 0.1265625 0.178125
1 0.0765625 0.8578125 0.153125 0.28125
1 0.615625 0.175 0.0546875 0.075
1 0.403125 0.2078125 0.08125 0.0984375
1 0.7328125 0.0484375 0.0296875 0.0421875
1 0.5765625 0.0921875 0.0421875 0.053125
1 0.8734375 0.134375 0.0640625 0.065625
1 0.7015625 0.0234375 0.0296875 0.04375
1 0.471875 0.125 0.05 0.0625
1 0.365625 0.18125 0.0640625 0.0828125
1 0.5265625 0.128125 0.0546875 0.0734375
1 0.48125 0.3578125 0.1171875 0.171875
1 0.6046875 0.0421875 0.0265625 0.0375
1 0.46875 0.0875 0.040625 0.0515625
1 0.6484375 0.0875 0.0359375 0.05625
1 0.653125 0.05 0.03125 0.0484375
1 0.3984375 0.11875 0.0671875 0.0765625
1 0.53125 0.071875 0.0375 0.046875
1 0.4859375 0.0640625 0.0359375 0.0546875
1 0.596875 0.0109375 0.0234375 0.021875
1 0.65 0.0265625 0.0234375 0.03125
1 0.66875 0.009375 0.0234375 0.01875
2 0.2671875 0.1203125 0.0125 0.0640625
2 0.1828125 0.1328125 0.0140625 0.0640625
2 0.178125 0.1015625 0.0109375 0.0421875
2 0.21875 0.115625 0.0140625 0.0609375
2 0.2015625 0.128125 0.0125 0.0625
2 0.1953125 0.14375 0.0109375 0.053125