1 0.2171875 0.70625 0.221875 0.25625
1 0.49375 0.8 0.2296875 0.31875
1 0.2390625 0.4359375 0.1578125 0.1625
1 0.41875 0.4625 0.1546875 0.2140625
1 0.084375 0.9125 0.16875 0.16875
1 0.53125 0.353125 0.1078125 0.13125
1 0.0734375 0.178125 0.10625 0.078125
1 0.721875 0.10625 0.040625 0.05625
1 0.6375 0.4140625 0.1078125 0.1609375
1 0.315625 0.1671875 0.0828125 0.0671875
1 0.703125 0.0421875 0.0328125 0.04375
1 0.7109375 0.0703125 0.03125 0.0484375
1 0.6359375 0.0921875 0.034375 0.0484375
1 0.5796875 0.5328125 0.1546875 0.23125
1 0.65 0.0375 0.03125 0.05
1 0.2 0.015625 0.0359375 0.0234375
1 0.5140625 0.0859375 0.05 0.05625
1 0.509375 0.140625 0.0859375 0.06875
1 0.6296875 0.015625 0.021875 0.03125
1 0.2125 0.2015625 0.1234375 0.0734375
2 0.9203125 0.3 0.021875 0.1359375
2 0.0203125 0.2734375 0.0203125 0.0859375
2 0.203125 0.13125 0.0125 0.0625
2 0.2140625 0.134375 0.0109375 0.0609375