1 0.1171875 0.3359375 0.10625 0.0859375
1 0.04375 0.66875 0.0875 0.3125
1 0.0375 0.4265625 0.06875 0.1515625
1 0.2140625 0.3875 0.0828125 0.1453125
1 0.9171875 0.3671875 0.0953125 0.10625
1 0.9875 0.284375 0.025 0.0609375
1 0.9171875 0.5546875 0.1640625 0.2390625
1 0.684375 0.31875 0.11875 0.090625
1 0.86875 0.1875 0.028125 0.0328125
1 0.35 0.24375 0.053125 0.053125
1 0.2453125 0.2953125 0.096875 0.0765625
1 0.8125 0.1875 0.015625 0.03125
1 0.7171875 0.28125 0.109375 0.0984375
1 0.3125 0.2390625 0.0390625 0.0453125
1 0.7828125 0.19375 0.0421875 0.040625
2 0.428125 0.2859375 0.0171875 0.0859375
2 0.4015625 0.2828125 0.0140625 0.0734375