1 0.40625 0.5765625 0.321875 0.246875
1 0.975 0.4 0.0484375 0.1109375
1 0.5828125 0.2859375 0.103125 0.084375
1 0.11875 0.415625 0.0734375 0.1390625
1 0.434375 0.2453125 0.09375 0.0609375
1 0.2078125 0.390625 0.090625 0.153125
1 0.034375 0.4296875 0.06875 0.1515625
1 0.3609375 0.2484375 0.053125 0.0484375
1 0.246875 0.26875 0.0703125 0.065625
1 0.14375 0.325 0.115625 0.09375
1 0.31875 0.2390625 0.0421875 0.046875
1 0.8671875 0.1890625 0.0203125 0.0265625
1 0.2265625 0.228125 0.03125 0.0328125
2 0.8375 0.228125 0.009375 0.0390625
2 0.3703125 0.1921875 0.0078125 0.0390625