1 0.0390625 0.6734375 0.078125 0.271875
1 0.678125 0.3140625 0.10625 0.0875
1 0.2125 0.3984375 0.0859375 0.11875
1 0.21875 0.2984375 0.0921875 0.0734375
1 0.9 0.2546875 0.053125 0.0609375
1 0.1703125 0.3546875 0.0890625 0.103125
1 0.55 0.28125 0.0875 0.0875
1 0.115625 0.396875 0.0921875 0.1734375
1 0.0328125 0.4296875 0.065625 0.140625
1 0.334375 0.240625 0.0484375 0.0484375
1 0.2265625 0.253125 0.034375 0.0234375
1 0.890625 0.521875 0.21875 0.2875
1 0.35 0.1984375 0.0203125 0.015625
1 0.0375 0.375 0.0734375 0.0859375
1 0.5046875 0.253125 0.03125 0.059375
1 0.296875 0.2375 0.03125 0.0375
2 0.4125 0.2875 0.0140625 0.071875
2 0.8125 0.3453125 0.01875 0.0984375
2 0.059375 0.55 0.04375 0.1703125