1 0.20625 0.609375 0.2125 0.2890625
1 0.890625 0.5203125 0.21875 0.2859375
1 0.0390625 0.6734375 0.078125 0.271875
1 0.2125 0.396875 0.084375 0.1140625
1 0.671875 0.315625 0.096875 0.084375
1 0.1203125 0.3984375 0.0828125 0.178125
1 0.540625 0.28125 0.1046875 0.090625
1 0.9 0.2546875 0.053125 0.0578125
1 0.334375 0.240625 0.0484375 0.046875
1 0.978125 0.3765625 0.04375 0.171875
1 0.171875 0.35 0.0921875 0.090625
1 0.29375 0.234375 0.0390625 0.0421875
1 0.0328125 0.4296875 0.065625 0.140625
1 0.9625 0.265625 0.071875 0.078125
1 0.0375 0.375 0.075 0.0875
1 0.2265625 0.24375 0.0328125 0.0390625
2 0.7125 0.36875 0.0265625 0.134375
2 0.3421875 0.26875 0.0109375 0.0546875
2 0.521875 0.3203125 0.0171875 0.084375
2 0.246875 0.2390625 0.00625 0.0296875
2 0.5375 0.325 0.015625 0.0734375