1 0.9 0.5578125 0.196875 0.2015625
1 0.184375 0.64375 0.165625 0.2515625
1 0.471875 0.2859375 0.084375 0.0765625
1 0.209375 0.390625 0.090625 0.1515625
1 0.1125 0.375 0.115625 0.096875
1 0.7 0.3109375 0.121875 0.1109375
1 0.5703125 0.2875 0.0890625 0.08125
1 0.121875 0.4171875 0.0703125 0.1421875
1 0.046875 0.6796875 0.09375 0.296875
1 0.896875 0.25625 0.05 0.0640625
1 0.2921875 0.2375 0.0390625 0.0390625
1 0.98125 0.4015625 0.0375 0.125
1 0.034375 0.4265625 0.06875 0.171875
1 0.221875 0.2296875 0.0234375 0.028125
1 0.259375 0.2453125 0.0390625 0.0421875
1 0.33125 0.2421875 0.05 0.046875
1 0.946875 0.2640625 0.053125 0.075
1 0.86875 0.190625 0.0234375 0.0265625
1 0.984375 0.275 0.0296875 0.0796875
1 0.53125 0.246875 0.05625 0.059375
2 0.234375 0.25625 0.0140625 0.0484375
2 0.3390625 0.28125 0.015625 0.0609375
2 0.4375 0.225 0.009375 0.0515625
2 0.3296875 0.2890625 0.009375 0.0421875
2 0.4484375 0.2203125 0.0140625 0.05625
2 0.3640625 0.18125 0.0078125 0.034375