1 0.171875 0.6375 0.1828125 0.271875
1 0.446875 0.2390625 0.078125 0.0625
1 0.04375 0.671875 0.0859375 0.31875
1 0.2140625 0.3890625 0.0828125 0.1484375
1 0.3484375 0.2453125 0.053125 0.0484375
1 0.040625 0.4375 0.065625 0.1390625
1 0.6921875 0.3109375 0.121875 0.1125
1 0.128125 0.4046875 0.0703125 0.14375
1 0.253125 0.265625 0.0875 0.0828125
1 0.8875 0.5203125 0.2234375 0.284375
1 0.5703125 0.290625 0.084375 0.075
1 0.50625 0.2515625 0.0484375 0.06875
1 0.8984375 0.2484375 0.0609375 0.0734375
1 0.71875 0.2828125 0.103125 0.090625
1 0.303125 0.2375 0.04375 0.04375
1 0.953125 0.2640625 0.0296875 0.0484375
1 0.153125 0.35 0.059375 0.0828125
1 0.278125 0.1984375 0.040625 0.03125
1 0.965625 0.3640625 0.0671875 0.1703125
1 0.221875 0.246875 0.025 0.03125
1 0.6 0.209375 0.0609375 0.0453125
1 0.009375 0.4140625 0.01875 0.0734375