1 0.8984375 0.540625 0.203125 0.2390625
1 0.04375 0.6703125 0.0875 0.3125
1 0.1296875 0.4046875 0.06875 0.146875
1 0.9046875 0.2515625 0.0578125 0.0671875
1 0.546875 0.2859375 0.0875 0.0765625
1 0.040625 0.4359375 0.065625 0.1390625
1 0.6703125 0.3046875 0.1140625 0.1046875
1 0.1390625 0.3515625 0.125 0.1125
1 0.9765625 0.4203125 0.0453125 0.075
1 0.5203125 0.2359375 0.090625 0.0640625
1 0.3265625 0.2421875 0.0484375 0.04375
1 0.296875 0.2375 0.0234375 0.0390625
1 0.8125 0.1953125 0.0265625 0.0359375
1 0.9265625 0.228125 0.0328125 0.046875
1 0.2203125 0.4046875 0.0859375 0.1328125
1 0.009375 0.4140625 0.01875 0.0765625
2 0.478125 0.234375 0.009375 0.05
2 0.621875 0.340625 0.0265625 0.1109375