1 0.1671875 0.6484375 0.1921875 0.3375
1 0.175 0.2796875 0.0796875 0.1578125
1 0.45625 0.2765625 0.096875 0.1234375
1 0.56875 0.2671875 0.096875 0.10625
1 0.4875 0.45625 0.159375 0.1984375
1 0.915625 0.565625 0.1671875 0.2484375
1 0.1875 0.0984375 0.040625 0.05625
1 0.6203125 0.6109375 0.2265625 0.290625
1 0.659375 0.4484375 0.1609375 0.203125
1 0.7875 0.271875 0.1109375 0.1203125
1 0.6328125 0.3453125 0.203125 0.1359375
1 0.9015625 0.3859375 0.18125 0.18125
1 0.7125 0.278125 0.1125 0.1265625
1 0.34375 0.1390625 0.1046875 0.0734375
1 0.215625 0.1859375 0.078125 0.1140625
1 0.925 0.2671875 0.1265625 0.13125
1 0.7921875 0.4296875 0.1703125 0.2109375
1 0.975 0.271875 0.05 0.0921875
1 0.6375 0.1828125 0.034375 0.0421875
2 0.2453125 0.228125 0.028125 0.103125
2 0.1359375 0.134375 0.015625 0.0796875