1 0.265625 0.2875 0.0890625 0.1390625
1 0.3984375 0.6171875 0.2015625 0.371875
1 0.1921875 0.6421875 0.1625 0.36875
1 0.1453125 0.45625 0.1484375 0.2296875
1 0.621875 0.5984375 0.2359375 0.3390625
1 0.56875 0.259375 0.109375 0.1484375
1 0.4578125 0.2734375 0.096875 0.11875
1 0.2265625 0.1609375 0.046875 0.0875
1 0.3609375 0.2765625 0.1 0.1515625
1 0.925 0.5421875 0.1484375 0.2890625
1 0.790625 0.5375 0.225 0.3015625
1 0.35625 0.4328125 0.134375 0.134375
1 0.784375 0.2703125 0.1171875 0.1203125
1 0.171875 0.2765625 0.0875 0.15625
1 0.765625 0.39375 0.1640625 0.146875
1 0.621875 0.4125 0.1546875 0.1640625
1 0.9703125 0.3890625 0.0578125 0.1125
1 0.5015625 0.459375 0.15 0.19375
1 0.865625 0.2734375 0.115625 0.121875
1 0.1859375 0.10625 0.0453125 0.0875
1 0.965625 0.2640625 0.06875 0.1171875
1 0.8875 0.378125 0.1515625 0.1546875
1 0.928125 0.265625 0.1203125 0.128125
1 0.028125 0.50625 0.0546875 0.46875
2 0.7765625 0.1921875 0.0171875 0.0453125
2 0.5703125 0.1578125 0.0171875 0.0578125
2 0.153125 0.10625 0.0109375 0.0671875
2 0.6515625 0.08125 0.015625 0.0625