1 0.4546875 0.4859375 0.2890625 0.225
1 0.68125 0.4296875 0.125 0.2078125
1 0.16875 0.5703125 0.1625 0.3015625
1 0.153125 0.3390625 0.1171875 0.1515625
1 0.2859375 0.2265625 0.06875 0.078125
1 0.5109375 0.35 0.08125 0.1171875
1 0.225 0.178125 0.0453125 0.05625
1 0.3890625 0.3625 0.1234375 0.15625
1 0.3203125 0.1796875 0.0375 0.0515625
1 0.265625 0.18125 0.0484375 0.0578125
1 0.696875 0.153125 0.0171875 0.0328125
1 0.90625 0.2640625 0.0546875 0.0453125
1 0.8109375 0.2 0.0359375 0.04375
1 0.9234375 0.284375 0.046875 0.0390625
1 0.846875 0.225 0.0328125 0.04375
2 0.946875 0.7515625 0.071875 0.28125
2 0.8578125 0.259375 0.0140625 0.0515625
2 0.6921875 0.3859375 0.021875 0.0359375
2 0.8625 0.2625 0.0078125 0.04375