1 0.290625 0.54375 0.3171875 0.2453125
1 0.7171875 0.553125 0.26875 0.25
1 0.375 0.3875 0.121875 0.1875
1 0.153125 0.38125 0.1140625 0.15625
1 0.3640625 0.2609375 0.1453125 0.096875
1 0.96875 0.421875 0.0609375 0.1234375
1 0.49375 0.303125 0.1625 0.109375
1 0.2484375 0.365625 0.140625 0.1859375
1 0.553125 0.4328125 0.11875 0.2265625
1 0.7140625 0.221875 0.0578125 0.05625
1 0.234375 0.2671875 0.0921875 0.1
1 0.1890625 0.1796875 0.040625 0.0546875
1 0.2265625 0.178125 0.04375 0.05625
1 0.29375 0.221875 0.0625 0.078125
1 0.6859375 0.384375 0.1046875 0.1125
1 0.3203125 0.1765625 0.034375 0.05625
1 0.2640625 0.175 0.0453125 0.065625
1 0.6734375 0.3328125 0.1703125 0.1453125
1 0.85625 0.23125 0.040625 0.0421875
1 0.8859375 0.25 0.0375 0.0328125
1 0.6390625 0.271875 0.1484375 0.0984375
1 0.9765625 0.325 0.046875 0.0671875
1 0.796875 0.1921875 0.0328125 0.0390625
1 0.903125 0.2640625 0.040625 0.0359375
1 0.7671875 0.1796875 0.028125 0.0359375
1 0.7375 0.1640625 0.0296875 0.0359375
2 0.896875 0.2953125 0.015625 0.0671875