1 0.1765625 0.3671875 0.1234375 0.153125
1 0.275 0.359375 0.1 0.1703125
1 0.4 0.4234375 0.121875 0.2265625
1 0.55 0.4109375 0.1078125 0.1828125
1 0.453125 0.74375 0.4890625 0.3578125
1 0.528125 0.2890625 0.1328125 0.1109375
1 0.39375 0.2609375 0.15625 0.0953125
1 0.634375 0.278125 0.146875 0.0890625
1 0.0578125 0.4046875 0.115625 0.1859375
1 0.0125 0.5703125 0.025 0.153125
1 0.7203125 0.4125 0.1421875 0.2671875
1 0.296875 0.2078125 0.0734375 0.1015625
1 0.909375 0.271875 0.0578125 0.04375
1 0.2421875 0.175 0.040625 0.0578125
1 0.2 0.1796875 0.04375 0.0546875
1 0.8109375 0.228125 0.0375 0.05
1 0.946875 0.3078125 0.0171875 0.03125
1 0.8609375 0.2359375 0.0328125 0.0453125
1 0.3328125 0.175 0.0265625 0.065625
1 0.884375 0.2515625 0.034375 0.0359375
1 0.975 0.3125 0.0484375 0.0515625
1 0.990625 0.3359375 0.01875 0.0546875
2 0.2046875 0.2140625 0.0125 0.0796875
2 0.21875 0.2140625 0.0140625 0.0765625
2 0.85 0.2984375 0.0171875 0.0671875