1 0.35 0.3859375 0.1234375 0.228125
1 0.490625 0.39375 0.109375 0.1984375
1 0.63125 0.3984375 0.103125 0.196875
1 0.31875 0.6703125 0.4015625 0.315625
1 0.746875 0.4390625 0.11875 0.228125
1 0.7578125 0.259375 0.0578125 0.0828125
1 0.865625 0.240625 0.0421875 0.0484375
1 0.95 0.38125 0.071875 0.1328125
1 0.29375 0.2203125 0.059375 0.0859375
1 0.7796875 0.203125 0.034375 0.04375
1 0.275 0.1734375 0.0484375 0.0609375
1 0.9234375 0.2828125 0.04375 0.040625
1 0.9875 0.334375 0.021875 0.053125
1 0.78125 0.184375 0.025 0.025
1 0.9609375 0.3125 0.0734375 0.0625
1 0.2359375 0.1734375 0.0453125 0.0578125
2 0.871875 0.4015625 0.0359375 0.128125
2 0.03125 0.7890625 0.0625 0.3140625
2 0.2125 0.190625 0.0140625 0.0515625