1 0.20625 0.3859375 0.125 0.1625
1 0.63125 0.384375 0.10625 0.1640625
1 0.3421875 0.3765625 0.0921875 0.165625
1 0.75625 0.259375 0.0578125 0.0828125
1 0.4875 0.4046875 0.10625 0.2125
1 0.1765625 0.184375 0.03125 0.0578125
1 0.425 0.2578125 0.1640625 0.0828125
1 0.275 0.1734375 0.0484375 0.059375
1 0.2859375 0.228125 0.0640625 0.0828125
1 0.328125 0.178125 0.0359375 0.05625
1 0.8640625 0.2390625 0.0390625 0.04375
1 0.9265625 0.2828125 0.040625 0.040625
1 0.8015625 0.196875 0.0265625 0.0375
1 0.4125 0.30625 0.125 0.1078125
1 0.7859375 0.2078125 0.034375 0.04375
1 0.896875 0.2609375 0.0421875 0.04375
1 0.7734375 0.1796875 0.0296875 0.03125
1 0.753125 0.1671875 0.0203125 0.0359375
1 0.9890625 0.3359375 0.0203125 0.05625
2 0.9015625 0.7640625 0.084375 0.2859375
2 0.0875 0.3703125 0.01875 0.1546875
2 0.4140625 0.33125 0.028125 0.1375
2 0.921875 0.56875 0.0390625 0.178125
2 0.978125 0.859375 0.04375 0.246875
2 0.296875 0.31875 0.028125 0.1421875
2 0.2828125 0.3140625 0.0203125 0.1359375
2 0.4625 0.2109375 0.0140625 0.0625
2 0.69375 0.1640625 0.00625 0.0390625
2 0.8765625 0.4234375 0.028125 0.1359375
2 0.9796875 0.984375 0.0265625 0.0296875