1 0.565625 0.0734375 0.05 0.06875
1 0.5078125 0.025 0.0546875 0.0421875
1 0.95625 0.3203125 0.0875 0.178125
1 0.65625 0.0640625 0.04375 0.0484375
1 0.48125 0.01875 0.059375 0.0375
1 0.6984375 0.0921875 0.0875 0.071875
1 0.425 0.0140625 0.01875 0.028125
1 0.6890625 0.04375 0.025 0.028125
2 0.4546875 0.371875 0.046875 0.2171875
2 0.890625 0.85 0.0953125 0.296875
2 0.6125 0.275 0.034375 0.1890625
2 0.4890625 0.2796875 0.034375 0.18125
2 0.565625 0.3171875 0.0390625 0.19375
2 0.471875 0.1859375 0.0328125 0.1296875
2 0.790625 0.928125 0.1140625 0.140625
2 0.428125 0.09375 0.01875 0.0890625
2 0.4109375 0.0625 0.0109375 0.0609375
2 0.49375 0.203125 0.0203125 0.0890625