1 0.4625 0.2 0.065625 0.0609375
1 0.928125 0.6484375 0.1421875 0.1765625
1 0.2890625 0.5375 0.128125 0.1734375
1 0.196875 0.5953125 0.1171875 0.2015625
1 0.1046875 0.6609375 0.1234375 0.21875
1 0.0390625 0.725 0.0578125 0.2265625
1 0.709375 0.6984375 0.21875 0.2359375
1 0.115625 0.3234375 0.0859375 0.0765625
1 0.93125 0.25625 0.059375 0.0515625
1 0.371875 0.478125 0.121875 0.171875
1 0.6859375 0.0875 0.03125 0.0265625
1 0.1125 0.296875 0.0890625 0.0578125
1 0.3140625 0.0546875 0.0296875 0.025
1 0.434375 0.44375 0.1171875 0.1359375
1 0.7671875 0.625 0.1859375 0.171875
1 0.9890625 0.575 0.021875 0.04375
2 0.3796875 0.271875 0.0125 0.0625
2 0.809375 0.940625 0.0453125 0.115625
2 0.44375 0.0828125 0.0078125 0.0328125
2 0.4546875 0.084375 0.0078125 0.034375
2 0.2203125 0.1765625 0.009375 0.0421875
2 0.209375 0.1828125 0.0078125 0.0328125
2 0.1734375 0.1421875 0.00625 0.0375
2 0.1671875 0.1515625 0.0078125 0.0484375
2 0.5015625 0.23125 0.0078125 0.0359375
2 0.1671875 0.1421875 0.00625 0.028125
2 0.415625 0.0921875 0.0046875 0.0203125
2 0.4296875 0.075 0.0046875 0.028125