1 0.196875 0.5953125 0.1171875 0.2015625
1 0.1125 0.646875 0.10625 0.2078125
1 0.3625 0.4921875 0.11875 0.1609375
1 0.790625 0.640625 0.184375 0.18125
1 0.0453125 0.725 0.06875 0.234375
1 0.121875 0.3359375 0.090625 0.0796875
1 0.0125 0.39375 0.025 0.0640625
1 0.2796875 0.5359375 0.1375 0.178125
1 0.309375 0.0546875 0.0265625 0.028125
1 0.6203125 0.1671875 0.040625 0.046875
1 0.0125 0.3484375 0.025 0.0390625
1 0.909375 0.29375 0.071875 0.071875
1 0.1 0.2984375 0.065625 0.0734375
2 0.440625 0.1796875 0.0109375 0.046875
2 0.375 0.2359375 0.0140625 0.0609375
2 0.35 0.2015625 0.0109375 0.046875
2 0.3609375 0.196875 0.0109375 0.046875
2 0.3625 0.2421875 0.0125 0.0609375
2 0.5 0.08125 0.0046875 0.025
2 0.3171875 0.18125 0.0078125 0.04375
2 0.553125 0.065625 0.00625 0.028125
2 0.4125 0.3046875 0.015625 0.06875
2 0.5359375 0.0671875 0.00625 0.0203125
2 0.290625 0.165625 0.009375 0.04375
2 0.1609375 0.1625 0.00625 0.0421875
2 0.196875 0.1671875 0.009375 0.040625
2 0.5015625 0.23125 0.009375 0.0390625
2 0.225 0.1828125 0.009375 0.0453125
2 0.1671875 0.165625 0.00625 0.0328125