1 0.7671875 0.6265625 0.1859375 0.1765625
1 0.921875 0.653125 0.1546875 0.1640625
1 0.196875 0.5953125 0.1171875 0.203125
1 0.2921875 0.54375 0.125 0.184375
1 0.984375 0.284375 0.03125 0.0421875
1 0.121875 0.3359375 0.0921875 0.0765625
1 0.103125 0.6546875 0.1171875 0.2109375
1 0.4359375 0.45625 0.115625 0.14375
1 0.4828125 0.11875 0.059375 0.0453125
1 0.0390625 0.7265625 0.0546875 0.203125
1 0.9015625 0.2609375 0.06875 0.05
1 0.1765625 0.109375 0.0328125 0.034375
1 0.3953125 0.1375 0.0546875 0.046875
1 0.21875 0.1140625 0.03125 0.03125
1 0.678125 0.209375 0.0609375 0.05625
1 0.6875 0.0859375 0.0328125 0.03125
1 0.646875 0.1046875 0.040625 0.0375
1 0.3625 0.49375 0.11875 0.1515625
1 0.3140625 0.15 0.01875 0.0390625
1 0.26875 0.11875 0.0390625 0.0328125
1 0.4125 0.128125 0.040625 0.0359375
1 0.715625 0.1484375 0.034375 0.03125
1 0.3046875 0.15 0.0359375 0.040625
1 0.7265625 0.0828125 0.05625 0.04375
2 0.5640625 0.2671875 0.0171875 0.0734375
2 0.3140625 0.378125 0.021875 0.0875
2 0.6453125 0.38125 0.0203125 0.0640625
2 0.378125 0.371875 0.0140625 0.053125
2 0.6265625 0.375 0.0171875 0.071875
2 0.3 0.375 0.0125 0.0765625