1 0.765625 0.6265625 0.1875 0.175
1 0.46875 0.1546875 0.065625 0.0453125
1 0.28125 0.540625 0.13125 0.1828125
1 0.196875 0.6015625 0.1171875 0.2140625
1 0.1078125 0.65625 0.115625 0.228125
1 0.3625 0.475 0.1421875 0.15625
1 0.3234375 0.1265625 0.04375 0.0421875
1 0.140625 0.325 0.1015625 0.078125
1 0.1015625 0.30625 0.06875 0.0703125
1 0.015625 0.3734375 0.03125 0.084375
1 0.0375 0.7515625 0.0484375 0.175
1 0.9625 0.31875 0.06875 0.075
1 0.6765625 0.1203125 0.034375 0.0359375
1 0.6828125 0.203125 0.0515625 0.0375
1 0.6015625 0.1296875 0.0609375 0.04375
2 0.8890625 0.5484375 0.0234375 0.0890625
2 0.4140625 0.253125 0.0109375 0.0609375
2 0.9359375 0.58125 0.028125 0.1109375
2 0.696875 0.4203125 0.015625 0.0734375
2 0.709375 0.415625 0.0171875 0.0984375
2 0.578125 0.06875 0.0078125 0.028125
2 0.4625 0.08125 0.00625 0.03125
2 0.4703125 0.078125 0.0078125 0.0328125
2 0.95 0.584375 0.021875 0.1046875
2 0.478125 0.08125 0.00625 0.028125