1 0.071875 0.3640625 0.09375 0.0828125
1 0.28125 0.5390625 0.128125 0.1796875
1 0.196875 0.5953125 0.11875 0.2015625
1 0.10625 0.65625 0.103125 0.2046875
1 0.1625 0.278125 0.08125 0.0671875
1 0.365625 0.11875 0.040625 0.0328125
1 0.434375 0.45625 0.115625 0.14375
1 0.3984375 0.1375 0.053125 0.046875
1 0.13125 0.2484375 0.0640625 0.0640625
1 0.45625 0.115625 0.059375 0.04375
1 0.0390625 0.725 0.05625 0.20625
1 0.678125 0.20625 0.0625 0.071875
1 0.3125 0.0546875 0.0296875 0.0265625
1 0.3625 0.49375 0.11875 0.1515625
1 0.6734375 0.1140625 0.0359375 0.0375
1 0.271875 0.13125 0.0390625 0.0375
1 0.9390625 0.259375 0.0765625 0.065625
1 0.209375 0.1234375 0.034375 0.03125
1 0.69375 0.0875 0.028125 0.025
1 0.975 0.3203125 0.046875 0.0734375
1 0.096875 0.090625 0.025 0.0234375
1 0.2109375 0.05625 0.021875 0.0203125
1 0.271875 0.05625 0.025 0.0203125
2 0.6171875 0.3734375 0.0234375 0.0671875
2 0.584375 0.0765625 0.00625 0.0296875
2 0.0921875 0.134375 0.00625 0.03125
2 0.4921875 0.075 0.0046875 0.028125
2 0.5015625 0.23125 0.0078125 0.0359375
2 0.415625 0.090625 0.003125 0.021875