1 0.10625 0.65625 0.1046875 0.20625
1 0.0546875 0.36875 0.1015625 0.0859375
1 0.1890625 0.228125 0.071875 0.0625
1 0.196875 0.5953125 0.1171875 0.203125
1 0.928125 0.65625 0.1421875 0.1734375
1 0.353125 0.50625 0.1125 0.1375
1 0.45625 0.1421875 0.059375 0.0375
1 0.5 0.4140625 0.11875 0.14375
1 0.2765625 0.5359375 0.1203125 0.171875
1 0.5046875 0.1203125 0.0484375 0.0328125
1 0.0796875 0.3078125 0.0640625 0.05
1 0.3265625 0.11875 0.046875 0.03125
1 0.790625 0.640625 0.1859375 0.18125
1 0.4375 0.4453125 0.1359375 0.1859375
1 0.203125 0.1015625 0.0265625 0.0234375
1 0.96875 0.3171875 0.0609375 0.046875
1 0.3453125 0.1484375 0.0375 0.0421875
1 0.3 0.1734375 0.05 0.053125
1 0.2671875 0.103125 0.0265625 0.028125
1 0.340625 0.05 0.0265625 0.021875
1 0.696875 0.0875 0.025 0.025
1 0.590625 0.1125 0.04375 0.0328125
1 0.575 0.1328125 0.0578125 0.0390625
1 0.578125 0.0578125 0.0203125 0.0140625
2 0.70625 0.4625 0.028125 0.0734375
2 0.1859375 0.1828125 0.0109375 0.0375
2 0.225 0.1796875 0.00625 0.0421875
2 0.3875 0.1 0.00625 0.0265625
2 0.96875 0.5609375 0.015625 0.0375
2 0.578125 0.0671875 0.0046875 0.028125
2 0.7890625 0.471875 0.021875 0.096875
2 0.4421875 0.078125 0.00625 0.0296875
2 0.34375 0.0671875 0.00625 0.0265625
2 0.78125 0.1265625 0.0078125 0.03125
2 0.290625 0.165625 0.0078125 0.04375
2 0.565625 0.0625 0.0046875 0.021875
2 0.5015625 0.2296875 0.0078125 0.0359375
2 0.803125 0.4796875 0.0171875 0.0984375
2 0.528125 0.0703125 0.0046875 0.0234375
2 0.415625 0.084375 0.00625 0.021875
2 0.234375 0.1484375 0.0078125 0.0375
2 0.315625 0.065625 0.00625 0.028125
2 0.4296875 0.0734375 0.00625 0.0265625