1 0.98125 0.6109375 0.0375 0.09375
1 0.109375 0.653125 0.103125 0.2078125
1 0.196875 0.5953125 0.11875 0.203125
1 0.125 0.3328125 0.1 0.078125
1 0.5328125 0.8203125 0.2171875 0.278125
1 0.0390625 0.715625 0.0578125 0.2390625
1 0.0140625 0.390625 0.028125 0.0671875
1 0.98125 0.28125 0.0375 0.0484375
1 0.625 0.75625 0.209375 0.228125
1 0.2328125 0.203125 0.0640625 0.05625
1 0.725 0.696875 0.1859375 0.2140625
1 0.275 0.1078125 0.034375 0.03125
1 0.5828125 0.1421875 0.0375 0.0609375
1 0.790625 0.640625 0.184375 0.1796875
1 0.9296875 0.26875 0.065625 0.053125
2 0.4015625 0.2515625 0.0125 0.053125
2 0.4328125 0.25625 0.0109375 0.059375
2 0.203125 0.1703125 0.0078125 0.05625
2 0.184375 0.1890625 0.00625 0.04375
2 0.4421875 0.2515625 0.009375 0.053125
2 0.209375 0.175 0.0078125 0.0484375
2 0.09375 0.1328125 0.0078125 0.03125
2 0.103125 0.1359375 0.00625 0.0234375
2 0.5015625 0.23125 0.009375 0.0359375