1 0.98125 0.6109375 0.0375 0.0921875
1 0.196875 0.596875 0.1171875 0.2015625
1 0.5328125 0.8203125 0.2171875 0.2796875
1 0.0390625 0.7140625 0.0578125 0.2359375
1 0.05 0.3625 0.09375 0.0796875
1 0.08125 0.30625 0.078125 0.0515625
1 0.2171875 0.265625 0.0765625 0.071875
1 0.975 0.28125 0.046875 0.0484375
1 0.625 0.75625 0.2109375 0.228125
1 0.1078125 0.653125 0.103125 0.20625
1 0.725 0.696875 0.1859375 0.2140625
1 0.790625 0.640625 0.184375 0.18125
1 0.70625 0.0828125 0.0296875 0.028125
1 0.346875 0.0484375 0.0203125 0.0203125
2 0.3625 0.2625 0.015625 0.071875
2 0.375 0.2640625 0.0109375 0.0609375
2 0.5890625 0.2703125 0.0140625 0.0609375
2 0.7 0.4578125 0.025 0.0625
2 0.5015625 0.23125 0.0078125 0.0359375
2 0.575 0.2734375 0.01875 0.04375