1 0.459375 0.453125 0.1296875 0.128125
1 0.89375 0.80625 0.2046875 0.19375
1 0.33125 0.50625 0.121875 0.153125
1 0.675 0.6890625 0.1890625 0.228125
1 0.9328125 0.6765625 0.1328125 0.165625
1 0.09375 0.675 0.1140625 0.2078125
1 0.1859375 0.59375 0.115625 0.2015625
1 0.1265625 0.328125 0.0984375 0.0796875
1 0.25625 0.5453125 0.1125 0.1609375
1 0.9390625 0.2734375 0.0703125 0.0578125
1 0.75 0.6140625 0.184375 0.171875
1 0.0625 0.33125 0.0734375 0.0703125
1 0.0328125 0.7546875 0.03125 0.128125
2 0.475 0.2984375 0.0140625 0.0765625