1 0.9328125 0.6640625 0.134375 0.1625
1 0.490625 0.421875 0.10625 0.11875
1 0.35 0.4890625 0.1171875 0.15625
1 0.4234375 0.4484375 0.115625 0.1453125
1 0.653125 0.1796875 0.0546875 0.04375
1 0.01875 0.35 0.0375 0.05625
1 0.03125 0.7296875 0.0421875 0.1890625
1 0.2734375 0.540625 0.125 0.1625
1 0.353125 0.2046875 0.0703125 0.05625
1 0.1015625 0.3078125 0.065625 0.071875
1 0.7 0.084375 0.025 0.028125
1 0.984375 0.28125 0.0296875 0.0421875
1 0.325 0.2484375 0.0828125 0.0640625
1 0.2234375 0.1125 0.0265625 0.0375
1 0.18125 0.609375 0.1140625 0.1828125
1 0.7875 0.64375 0.1875 0.18125
1 0.89375 0.25 0.06875 0.04375
2 0.440625 0.2796875 0.0171875 0.0625
2 0.4234375 0.2953125 0.0109375 0.0546875
2 0.778125 0.1359375 0.0109375 0.028125
2 0.221875 0.1421875 0.0109375 0.0390625
2 0.31875 0.1296875 0.0078125 0.0265625
2 0.5015625 0.2328125 0.009375 0.0359375
2 0.509375 0.0171875 0.0140625 0.0234375
2 0.96875 0.09375 0.0109375 0.0328125
2 0.2578125 0.140625 0.009375 0.0359375