1 0.428125 0.2078125 0.0734375 0.053125
1 0.928125 0.6484375 0.1421875 0.1765625
1 0.196875 0.5953125 0.1171875 0.2015625
1 0.2890625 0.5375 0.128125 0.1734375
1 0.471875 0.1640625 0.0609375 0.0421875
1 0.1046875 0.6609375 0.1234375 0.21875
1 0.709375 0.6984375 0.21875 0.2359375
1 0.0390625 0.725 0.0578125 0.2234375
1 0.1703125 0.246875 0.078125 0.0609375
1 0.93125 0.2578125 0.0609375 0.0515625
1 0.11875 0.3390625 0.1 0.0828125
1 0.09375 0.309375 0.0890625 0.071875
1 0.371875 0.478125 0.121875 0.171875
1 0.2203125 0.115625 0.0296875 0.0265625
1 0.7671875 0.6265625 0.1859375 0.1734375
1 0.3078125 0.0546875 0.0171875 0.025
1 0.434375 0.44375 0.1171875 0.1359375
1 0.6984375 0.0859375 0.034375 0.028125
1 0.16875 0.109375 0.0296875 0.03125
1 0.115625 0.1046875 0.021875 0.025
1 0.021875 0.140625 0.04375 0.0390625
1 0.64375 0.215625 0.084375 0.0578125
1 0.9890625 0.575 0.021875 0.04375
1 0.00625 0.36875 0.0109375 0.05625
1 0.9890625 0.2953125 0.0203125 0.0390625
2 0.559375 0.2578125 0.0125 0.0609375
2 0.3515625 0.1171875 0.009375 0.03125
2 0.3171875 0.11875 0.009375 0.0375
2 0.0796875 0.1265625 0.0046875 0.0234375
2 0.5015625 0.2296875 0.0078125 0.0359375
2 0.30625 0.121875 0.00625 0.0375