1 0.603125 0.7140625 0.1953125 0.2640625
1 0.4109375 0.14375 0.053125 0.040625
1 0.1078125 0.646875 0.109375 0.2328125
1 0.6296875 0.5515625 0.125 0.1640625
1 0.196875 0.5953125 0.11875 0.2015625
1 0.0140625 0.396875 0.0265625 0.05625
1 0.2875 0.5484375 0.1171875 0.1546875
1 0.034375 0.725 0.046875 0.1890625
1 0.425 0.440625 0.1171875 0.159375
1 0.8203125 0.6890625 0.1671875 0.20625
1 0.921875 0.6671875 0.146875 0.19375
1 0.575 0.1796875 0.0640625 0.046875
1 0.228125 0.1171875 0.0234375 0.0265625
1 0.5390625 0.14375 0.0703125 0.05
1 0.121875 0.3359375 0.0984375 0.09375
1 0.303125 0.1046875 0.0609375 0.05625
1 0.1984375 0.1203125 0.0328125 0.0359375
1 0.078125 0.3140625 0.0625 0.08125
1 0.9015625 0.2984375 0.0703125 0.06875
1 0.3578125 0.490625 0.1125 0.1515625
1 0.740625 0.2234375 0.0484375 0.0625
2 0.890625 0.5375 0.0328125 0.084375
2 0.1875 0.1515625 0.0078125 0.0390625
2 0.4125 0.0703125 0.00625 0.028125
2 0.5078125 0.0765625 0.0078125 0.03125
2 0.5 0.0765625 0.00625 0.0296875
2 0.9875 0.6015625 0.01875 0.0671875
2 0.621875 0.0859375 0.00625 0.0328125
2 0.809375 0.1703125 0.0078125 0.034375
2 0.1734375 0.1421875 0.0078125 0.0359375
2 0.153125 0.1359375 0.0078125 0.034375
2 0.165625 0.1421875 0.009375 0.0328125