1 0.35625 0.51875 0.13125 0.1625
1 0.934375 0.6765625 0.13125 0.1671875
1 0.75 0.6140625 0.1859375 0.1734375
1 0.5078125 0.4328125 0.1171875 0.1390625
1 0.0921875 0.6640625 0.0984375 0.178125
1 0.5453125 0.125 0.0609375 0.0390625
1 0.425 0.446875 0.1234375 0.1671875
1 0.95625 0.2671875 0.0578125 0.0515625
1 0.0296875 0.36875 0.059375 0.0734375
1 0.3203125 0.1484375 0.03125 0.0453125
1 0.03125 0.7390625 0.040625 0.1671875
1 0.78125 0.078125 0.021875 0.0234375
1 0.1515625 0.3078125 0.1015625 0.1078125
1 0.703125 0.0859375 0.034375 0.0265625
1 0.6453125 0.1828125 0.0609375 0.0515625
1 0.3109375 0.1609375 0.05 0.071875
1 0.090625 0.3046875 0.040625 0.065625
2 0.55625 0.3484375 0.015625 0.0765625
2 0.4390625 0.3546875 0.0171875 0.0796875
2 0.75 0.4453125 0.021875 0.090625
2 0.728125 0.4390625 0.015625 0.09375
2 0.434375 0.296875 0.0140625 0.0625
2 0.940625 0.5640625 0.01875 0.065625
2 0.39375 0.2640625 0.0125 0.0671875
2 0.1875 0.16875 0.0109375 0.0390625
2 0.4515625 0.0828125 0.0078125 0.0328125
2 0.3703125 0.25625 0.0125 0.0546875
2 0.221875 0.18125 0.009375 0.0421875
2 0.38125 0.253125 0.0125 0.059375
2 0.93125 0.5703125 0.009375 0.0375
2 0.2125 0.18125 0.0078125 0.0390625
2 0.4390625 0.08125 0.0078125 0.03125
2 0.290625 0.1640625 0.009375 0.0421875
2 0.428125 0.0890625 0.00625 0.028125
2 0.1671875 0.16875 0.0078125 0.0390625