1 0.934375 0.6765625 0.13125 0.1671875
1 0.1 0.653125 0.1140625 0.2234375
1 0.2671875 0.5375 0.115625 0.1765625
1 0.6921875 0.6859375 0.1890625 0.2125
1 0.565625 0.50625 0.1578125 0.203125
1 0.0328125 0.3734375 0.065625 0.075
1 0.75 0.615625 0.1859375 0.1765625
1 0.03125 0.746875 0.040625 0.1515625
1 0.7015625 0.209375 0.0859375 0.0703125
1 0.0609375 0.3234375 0.0828125 0.0546875
1 0.1859375 0.5859375 0.1265625 0.2109375
1 0.959375 0.30625 0.078125 0.08125
1 0.203125 0.1234375 0.0328125 0.03125
1 0.7875 0.08125 0.021875 0.0234375
1 0.9875 0.3015625 0.025 0.0390625
1 0.91875 0.2546875 0.071875 0.0515625
2 0.5015625 0.3296875 0.0125 0.075
2 0.690625 0.4421875 0.021875 0.078125
2 0.8015625 0.4875 0.028125 0.096875
2 0.965625 0.5703125 0.025 0.0640625
2 0.096875 0.1328125 0.0078125 0.0328125
2 0.08125 0.128125 0.00625 0.0265625
2 0.109375 0.13125 0.00625 0.0296875
2 0.0609375 0.1203125 0.0046875 0.0234375