1 0.98125 0.6109375 0.0375 0.0921875
1 0.196875 0.596875 0.11875 0.2015625
1 0.109375 0.653125 0.103125 0.20625
1 0.4453125 0.203125 0.0765625 0.05625
1 0.5328125 0.8203125 0.2171875 0.2796875
1 0.0796875 0.3171875 0.0796875 0.0734375
1 0.0390625 0.7078125 0.05625 0.221875
1 0.625 0.75625 0.2109375 0.228125
1 0.090625 0.259375 0.0703125 0.0515625
1 0.9703125 0.30625 0.0578125 0.0609375
1 0.390625 0.15625 0.06875 0.0609375
1 0.725 0.696875 0.1859375 0.2140625
1 0.790625 0.640625 0.184375 0.18125
1 0.271875 0.1078125 0.0296875 0.0359375
1 0.70625 0.0828125 0.028125 0.028125
1 0.346875 0.0484375 0.0203125 0.0203125
1 0.975 0.2828125 0.05 0.0484375
2 0.040625 0.85625 0.040625 0.15
2 0.396875 0.271875 0.0125 0.0625
2 0.384375 0.271875 0.0171875 0.0734375
2 0.34375 0.0640625 0.00625 0.0265625
2 0.7 0.4578125 0.025 0.0625