1 0.35625 0.3109375 0.0875 0.15
1 0.4875 0.221875 0.0640625 0.09375
1 0.5734375 0.196875 0.05625 0.0828125
1 0.6328125 0.1609375 0.0484375 0.0828125
1 0.640625 0.5953125 0.1265625 0.25625
1 0.7625 0.4453125 0.1140625 0.1609375
1 0.059375 0.4578125 0.1140625 0.18125
1 0.215625 0.165625 0.0640625 0.090625
1 0.4171875 0.1015625 0.0359375 0.08125
0 0.34375 0.1265625 0.08125 0.1484375
1 0.5671875 0.121875 0.0359375 0.0671875
1 0.6 0.084375 0.0296875 0.0640625
1 0.6390625 0.0765625 0.0296875 0.059375
0 0.7640625 0.203125 0.1625 0.2625
0 0.4609375 0.0578125 0.0546875 0.1140625