1 0.6125 0.453125 0.1078125 0.1859375
1 0.4765625 0.178125 0.05 0.0796875
1 0.575 0.1359375 0.04375 0.06875
1 0.2359375 0.359375 0.090625 0.140625
0 0.1203125 0.3140625 0.2265625 0.3796875
0 0.2875 0.1265625 0.0984375 0.1421875
1 0.3953125 0.1078125 0.0390625 0.053125
1 0.4234375 0.059375 0.0265625 0.0421875
1 0.5546875 0.053125 0.0296875 0.0578125
1 0.60625 0.0578125 0.028125 0.04375
1 0.9109375 0.81875 0.175 0.35
0 0.8765625 0.3109375 0.2421875 0.440625
0 0.7015625 0.225 0.1421875 0.2875
0 0.4640625 0.0609375 0.059375 0.1140625