1 0.2734375 0.3625 0.0953125 0.16875
1 0.3125 0.1875 0.0578125 0.1015625
1 0.46875 0.15625 0.0578125 0.0796875
1 0.5515625 0.1515625 0.0578125 0.0828125
1 0.6046875 0.309375 0.0796875 0.13125
1 0.659375 0.2203125 0.0671875 0.0984375
1 0.7546875 0.4265625 0.128125 0.1828125
1 0.753125 0.8578125 0.2109375 0.2828125
0 0.778125 0.1984375 0.175 0.24375
1 0.89375 0.0890625 0.0890625 0.0640625
1 0.615625 0.10625 0.0390625 0.0609375
1 0.5484375 0.0734375 0.0375 0.0515625
1 0.6171875 0.0546875 0.028125 0.046875
1 0.3640625 0.08125 0.03125 0.0578125
1 0.334375 0.05625 0.0328125 0.046875
0 0.1578125 0.2 0.1703125 0.25625
0 0.459375 0.0515625 0.0546875 0.0875