1 0.4875 0.371875 0.075 0.1484375
1 0.6234375 0.3640625 0.0828125 0.1421875
1 0.7484375 0.3890625 0.1125 0.1625
1 0.671875 0.559375 0.1109375 0.190625
1 0.525 0.7375 0.1359375 0.3265625
1 0.7484375 0.8953125 0.1859375 0.209375
1 0.884375 0.7390625 0.23125 0.321875
0 0.9015625 0.3609375 0.1953125 0.40625
1 0.2859375 0.0484375 0.0359375 0.0421875
1 0.4046875 0.0375 0.0265625 0.0515625
1 0.215625 0.0703125 0.0328125 0.0484375
1 0.3234375 0.0515625 0.0265625 0.0421875
1 0.359375 0.0484375 0.0265625 0.0484375