1 0.2125 0.065625 0.0390625 0.059375
1 0.2859375 0.046875 0.034375 0.0390625
1 0.3234375 0.04375 0.0359375 0.0578125
1 0.359375 0.04375 0.034375 0.0359375
1 0.4046875 0.0375 0.0265625 0.04375
1 0.1046875 0.2125 0.0734375 0.06875
1 0.484375 0.3640625 0.0921875 0.1578125
1 0.6234375 0.3671875 0.090625 0.1359375
1 0.7453125 0.3875 0.1171875 0.16875
1 0.6703125 0.5609375 0.115625 0.196875
1 0.884375 0.746875 0.228125 0.35625
1 0.74375 0.890625 0.19375 0.21875
1 0.528125 0.7359375 0.1390625 0.3078125
0 0.8953125 0.359375 0.209375 0.396875