1 0.2140625 0.065625 0.0296875 0.05625
1 0.2890625 0.04375 0.0328125 0.0359375
1 0.3234375 0.046875 0.0328125 0.04375
1 0.359375 0.0421875 0.0265625 0.04375
1 0.4015625 0.0375 0.0328125 0.0609375
1 0.4453125 0.0265625 0.0328125 0.053125
1 0.6109375 0.1171875 0.1015625 0.0765625
1 0.7296875 0.0484375 0.084375 0.0640625
1 0.4875 0.36875 0.08125 0.15625
1 0.6203125 0.3640625 0.096875 0.146875
1 0.7515625 0.3875 0.1078125 0.1640625
1 0.6765625 0.5515625 0.1078125 0.1921875
1 0.521875 0.73125 0.1375 0.309375
1 0.7453125 0.896875 0.1953125 0.20625
1 0.8859375 0.74375 0.2203125 0.3515625
0 0.9 0.3328125 0.2 0.3390625