1 0.046875 0.4328125 0.09375 0.178125
1 0.2125 0.0609375 0.0265625 0.046875
1 0.2875 0.04375 0.0390625 0.040625
1 0.3203125 0.0421875 0.0296875 0.040625
1 0.3578125 0.0390625 0.028125 0.0484375
1 0.403125 0.034375 0.0296875 0.0421875
1 0.446875 0.0265625 0.0265625 0.053125
1 0.7421875 0.3875 0.1140625 0.1578125
1 0.665625 0.5515625 0.121875 0.190625
1 0.5265625 0.728125 0.1390625 0.3328125
1 0.484375 0.3609375 0.084375 0.16875
1 0.621875 0.359375 0.0921875 0.140625
1 0.746875 0.8984375 0.1859375 0.203125
1 0.8828125 0.7390625 0.225 0.3515625
1 0.965625 0.0578125 0.0640625 0.0515625
1 0.9640625 0.1078125 0.071875 0.046875
0 0.8203125 0.2359375 0.2828125 0.4328125