1 0.0953125 0.45625 0.1484375 0.1921875
1 0.3015625 0.2671875 0.075 0.1203125
1 0.2171875 0.19375 0.0671875 0.0984375
1 0.2328125 0.1171875 0.05 0.0625
1 0.1875 0.075 0.0484375 0.0625
1 0.2359375 0.05 0.028125 0.0578125
1 0.2734375 0.05625 0.028125 0.053125
1 0.2921875 0.09375 0.0359375 0.05625
1 0.3140625 0.1484375 0.04375 0.071875
1 0.3796875 0.0875 0.040625 0.0703125
1 0.44375 0.0515625 0.0390625 0.0609375
1 0.4875 0.3703125 0.0859375 0.153125
1 0.5171875 0.6734375 0.1375 0.2859375
1 0.628125 0.44375 0.109375 0.18125
1 0.8078125 0.5375 0.153125 0.23125
1 0.74375 0.9125 0.1921875 0.1734375
1 0.85625 0.3609375 0.1328125 0.1625
1 0.6984375 0.2890625 0.09375 0.128125
1 0.56875 0.196875 0.0671875 0.103125
1 0.696875 0.1421875 0.065625 0.0828125
1 0.79375 0.06875 0.0671875 0.06875
0 0.640625 0.0375 0.0703125 0.0734375
1 0.5765625 0.05625 0.0328125 0.053125
1 0.546875 0.1046875 0.0421875 0.0625
1 0.5328125 0.028125 0.0234375 0.040625
1 0.409375 0.028125 0.028125 0.04375
1 0.3515625 0.05 0.0296875 0.040625