1 0.2765625 0.3234375 0.08125 0.1390625
1 0.078125 0.35625 0.1 0.153125
1 0.4828125 0.36875 0.09375 0.1671875
1 0.5921875 0.275 0.0828125 0.1203125
1 0.7 0.2671875 0.0953125 0.153125
1 0.5203125 0.6359375 0.1234375 0.2609375
1 0.7 0.7453125 0.1921875 0.3578125
1 0.89375 0.734375 0.2109375 0.36875
1 0.4875 0.9109375 0.1703125 0.178125
1 0.95625 0.29375 0.0875 0.14375
1 0.6984375 0.134375 0.0546875 0.08125
1 0.775 0.0671875 0.0671875 0.0609375
1 0.6609375 0.0609375 0.046875 0.059375
1 0.60625 0.0921875 0.040625 0.0421875
1 0.61875 0.165625 0.053125 0.0734375
1 0.465625 0.0859375 0.0421875 0.0765625
1 0.53125 0.028125 0.0328125 0.05
1 0.575 0.0265625 0.0328125 0.040625
1 0.63125 0.0234375 0.040625 0.046875
1 0.303125 0.1859375 0.059375 0.0984375
1 0.3703125 0.153125 0.0453125 0.08125
1 0.25625 0.0796875 0.0484375 0.05
1 0.1984375 0.1296875 0.0546875 0.071875
1 0.215625 0.2203125 0.065625 0.096875
1 0.11875 0.221875 0.0578125 0.1078125