1 0.5265625 0.6359375 0.128125 0.2921875
1 0.4875 0.3625 0.1015625 0.1875
1 0.6109375 0.3390625 0.103125 0.2203125
1 0.6765625 0.2359375 0.0875 0.1609375
1 0.8234375 0.28125 0.1234375 0.1625
1 0.9453125 0.5 0.1078125 0.1328125
0 0.93125 0.796875 0.1375 0.40625
1 0.9625 0.278125 0.075 0.190625
1 0.7828125 0.0625 0.0796875 0.0921875
1 0.6125 0.1015625 0.0515625 0.0859375
1 0.546875 0.1078125 0.0578125 0.0734375
1 0.4640625 0.0875 0.059375 0.090625
1 0.3203125 0.3109375 0.103125 0.1578125
0 0.2734375 0.1609375 0.1421875 0.209375
0 0.275 0.0390625 0.1046875 0.0625
1 0.1578125 0.171875 0.0625 0.0890625
1 0.0671875 0.25625 0.0703125 0.1078125
1 0.0578125 0.74375 0.09375 0.3328125
1 0.5078125 0.909375 0.20625 0.18125