0 0.309375 0.3015625 0.19375 0.3125
1 0.2328125 0.25 0.0875 0.1234375
1 0.1203125 0.2484375 0.078125 0.13125
1 0.159375 0.15 0.053125 0.1
0 0.2546875 0.0890625 0.0921875 0.1625
1 0.3078125 0.125 0.05625 0.0875
1 0.34375 0.078125 0.0375 0.071875
1 0.403125 0.084375 0.046875 0.0515625
1 0.459375 0.0765625 0.05 0.0859375
1 0.5703125 0.153125 0.0609375 0.103125
1 0.4890625 0.3796875 0.1015625 0.1515625
1 0.525 0.6296875 0.1234375 0.2671875
1 0.4890625 0.909375 0.146875 0.18125
1 0.74375 0.7890625 0.2234375 0.4078125
1 0.7796875 0.4609375 0.128125 0.221875
1 0.803125 0.2765625 0.1109375 0.1515625
1 0.71875 0.1796875 0.0875 0.1078125
1 0.69375 0.115625 0.0671875 0.0875
1 0.7890625 0.053125 0.109375 0.10625
1 0.9609375 0.28125 0.078125 0.153125
1 0.9546875 0.6109375 0.0890625 0.29375
0 0.6140625 0.0578125 0.065625 0.115625