1 0.409375 0.278125 0.1015625 0.08125
1 0.234375 0.378125 0.0890625 0.103125
1 0.03125 0.734375 0.0625 0.16875
1 0.50625 0.3671875 0.128125 0.1375
1 0.5875 0.1921875 0.0828125 0.0640625
1 0.5828125 0.1125 0.0359375 0.0265625
1 0.653125 0.0984375 0.028125 0.01875
1 0.725 0.2203125 0.071875 0.0828125
1 0.715625 0.0953125 0.021875 0.015625
1 0.6984375 0.1609375 0.078125 0.046875
1 0.9171875 0.1359375 0.0203125 0.0265625
1 0.00625 0.553125 0.0109375 0.09375
1 0.78125 0.19375 0.0640625 0.0671875
2 0.9046875 0.4734375 0.028125 0.1609375
2 0.75 0.4640625 0.0453125 0.18125
2 0.7234375 0.4484375 0.0328125 0.175
2 0.2359375 0.78125 0.0796875 0.2359375
2 0.825 0.2546875 0.015625 0.0859375
2 0.9125 0.2484375 0.0140625 0.0796875
2 0.809375 0.253125 0.01875 0.0875
2 0.8921875 0.1921875 0.0078125 0.0484375
2 0.875 0.1765625 0.0078125 0.0421875
2 0.7859375 0.1296875 0.0078125 0.028125
2 0.86875 0.1765625 0.00625 0.0421875
2 0.7296875 0.1234375 0.0046875 0.015625
2 0.8984375 0.1375 0.0046875 0.0234375
2 0.925 0.146875 0.0046875 0.0296875
2 0.9046875 0.221875 0.0109375 0.0625
2 0.9015625 0.190625 0.009375 0.0515625