1 0.5234375 0.3484375 0.1484375 0.14375
1 0.184375 0.39375 0.0765625 0.121875
1 0.340625 0.30625 0.090625 0.096875
1 0.0453125 0.5015625 0.0609375 0.13125
1 0.2734375 0.353125 0.0734375 0.1015625
1 0.690625 0.24375 0.06875 0.075
1 0.5765625 0.1125 0.03125 0.028125
1 0.45625 0.2515625 0.0859375 0.078125
1 0.5140625 0.2296875 0.084375 0.065625
1 0.1140625 0.4484375 0.071875 0.1375
1 0.5875 0.1984375 0.0828125 0.0609375
1 0.3984375 0.275 0.09375 0.0921875
1 0.7734375 0.090625 0.0140625 0.0140625
1 0.653125 0.175 0.0734375 0.0453125
1 0.09375 0.38125 0.0359375 0.0390625
1 0.5515625 0.2125 0.0765625 0.0609375
1 0.671875 0.1609375 0.065625 0.0546875
1 0.7390625 0.2140625 0.05625 0.0578125
1 0.790625 0.1890625 0.0640625 0.0609375
2 0.6484375 0.3203125 0.0359375 0.0921875
2 0.3 0.5921875 0.065625 0.1625
2 0.865625 0.2390625 0.015625 0.0765625
2 0.890625 0.1640625 0.009375 0.05
2 0.096875 0.2890625 0.0078125 0.0375
2 0.8453125 0.23125 0.0171875 0.08125
2 0.0875 0.29375 0.009375 0.03125
2 0.0796875 0.296875 0.009375 0.0328125