1 0.2828125 0.5265625 0.2234375 0.209375
1 0.39375 0.2859375 0.090625 0.0828125
1 0.3328125 0.3140625 0.0921875 0.0921875
1 0.6078125 0.1125 0.034375 0.0296875
1 0.1984375 0.3953125 0.0875 0.1125
1 0.0609375 0.4921875 0.0609375 0.128125
1 0.5125 0.2265625 0.0859375 0.0640625
1 0.54375 0.11875 0.034375 0.028125
1 0.728125 0.225 0.0640625 0.06875
1 0.1234375 0.4359375 0.071875 0.1265625
1 0.5890625 0.1921875 0.0796875 0.0640625
1 0.6890625 0.1640625 0.059375 0.0421875
1 0.559375 0.2140625 0.0625 0.0578125
1 0.7125 0.15625 0.05 0.0421875
1 0.7578125 0.090625 0.015625 0.0140625
2 0.8484375 0.3859375 0.03125 0.1484375
2 0.28125 0.609375 0.046875 0.1515625
2 0.1046875 0.9171875 0.0703125 0.1640625
2 0.9078125 0.2203125 0.0109375 0.0609375
2 0.04375 0.9125 0.0859375 0.1734375
2 0.921875 0.1859375 0.0078125 0.0453125
2 0.93125 0.1890625 0.0109375 0.0453125
2 0.9125 0.1609375 0.00625 0.0296875
2 0.9375 0.1625 0.00625 0.028125