1 0.1875 0.5625 0.225 0.2921875
1 0.509375 0.3328125 0.1265625 0.115625
1 0.3921875 0.2765625 0.0953125 0.09375
1 0.015625 0.5265625 0.03125 0.128125
1 0.509375 0.23125 0.0921875 0.0671875
1 0.646875 0.2703125 0.103125 0.103125
1 0.721875 0.23125 0.0640625 0.071875
1 0.5859375 0.1953125 0.084375 0.0640625
1 0.0921875 0.3140625 0.05625 0.0609375
1 0.1484375 0.425 0.0859375 0.128125
1 0.6515625 0.1765625 0.0734375 0.046875
1 0.159375 0.1984375 0.0609375 0.0421875
2 0.778125 0.371875 0.03125 0.1421875
2 0.0859375 0.89375 0.059375 0.2
2 0.6453125 0.3296875 0.034375 0.0875
2 0.628125 0.3375 0.0328125 0.0984375
2 0.9390625 0.1515625 0.00625 0.0265625