1 0.396875 0.284375 0.0984375 0.0828125
1 0.5171875 0.2203125 0.0875 0.075
1 0.5875 0.25625 0.0953125 0.08125
1 0.325 0.315625 0.0921875 0.0984375
1 0.040625 0.6890625 0.0796875 0.23125
1 0.184375 0.39375 0.078125 0.1234375
1 0.596875 0.1125 0.034375 0.028125
1 0.1140625 0.4484375 0.0703125 0.1359375
1 0.0921875 0.2984375 0.0453125 0.05
1 0.7921875 0.19375 0.040625 0.05
1 0.653125 0.175 0.0703125 0.0484375
1 0.13125 0.303125 0.0734375 0.0625
1 0.190625 0.25 0.0671875 0.0640625
1 0.825 0.1734375 0.046875 0.04375
2 0.846875 0.234375 0.015625 0.0859375
2 0.9390625 0.171875 0.00625 0.0359375
2 0.9046875 0.209375 0.0109375 0.06875
2 0.86875 0.1859375 0.0109375 0.0578125
2 0.85 0.171875 0.0078125 0.040625
2 0.859375 0.1765625 0.0078125 0.0328125
2 0.93125 0.1421875 0.0046875 0.0296875
2 0.940625 0.1390625 0.0046875 0.0296875