1 0.190625 0.58125 0.21875 0.2421875
1 0.4453125 0.4015625 0.1640625 0.1484375
1 0.6 0.3 0.1125 0.1125
1 0.046875 0.35625 0.0671875 0.0640625
1 0.4078125 0.278125 0.096875 0.0796875
1 0.0265625 0.703125 0.053125 0.203125
1 0.225 0.3765625 0.090625 0.103125
1 0.290625 0.3296875 0.09375 0.1140625
1 0.290625 0.221875 0.06875 0.0515625
1 0.125 0.4390625 0.08125 0.1265625
1 0.721875 0.2265625 0.065625 0.06875
1 0.521875 0.2234375 0.0875 0.071875
1 0.040625 0.496875 0.0640625 0.1453125
1 0.6546875 0.178125 0.0671875 0.0453125
1 0.5671875 0.2125 0.0625 0.0578125
1 0.4640625 0.2578125 0.0703125 0.06875
1 0.496875 0.1171875 0.0515625 0.05625
1 0.6890625 0.103125 0.0234375 0.0171875
1 0.7859375 0.1890625 0.05 0.0609375
1 0.8140625 0.18125 0.0328125 0.04375
1 0.15625 0.1984375 0.053125 0.0421875
2 0.878125 0.225 0.0125 0.0640625
2 0.9234375 0.159375 0.0046875 0.0234375
2 0.2046875 0.2609375 0.0140625 0.05625