1 0.6765625 0.1640625 0.0640625 0.04375
1 0.728125 0.225 0.065625 0.071875
1 0.2125 0.384375 0.0734375 0.1015625
1 0.7828125 0.184375 0.0484375 0.0453125
1 0.5625 0.20625 0.0796875 0.059375
1 0.1359375 0.428125 0.0640625 0.1296875
1 0.6421875 0.2796875 0.090625 0.09375
1 0.7203125 0.1546875 0.059375 0.0390625
1 0.8546875 0.1578125 0.028125 0.0390625
1 0.7515625 0.14375 0.0453125 0.0359375
1 0.83125 0.1671875 0.0375 0.0515625
1 0.7921875 0.134375 0.028125 0.03125
1 0.040625 0.35625 0.0515625 0.0875
1 0.609375 0.240625 0.0828125 0.08125
2 0.9359375 0.2140625 0.0125 0.0625
2 0.8625 0.20625 0.0125 0.0609375
2 0.8734375 0.20625 0.0125 0.0625
2 0.8375 0.1734375 0.0078125 0.0421875