1 0.15625 0.6171875 0.2078125 0.2328125
1 0.2984375 0.334375 0.096875 0.0953125
1 0.3890625 0.275 0.0890625 0.0859375
1 0.23125 0.3734375 0.0859375 0.10625
1 0.0171875 0.528125 0.034375 0.11875
1 0.6125 0.2953125 0.1015625 0.09375
1 0.4796875 0.23125 0.0875 0.0625
1 0.5390625 0.2234375 0.0875 0.0640625
1 0.575 0.2109375 0.0578125 0.0515625
1 0.0703125 0.490625 0.0515625 0.11875
1 0.640625 0.175 0.0375 0.0421875
1 0.8 0.1828125 0.0421875 0.053125
1 0.48125 0.134375 0.0484375 0.0328125
1 0.6234375 0.1140625 0.0328125 0.028125
1 0.2953125 0.1984375 0.0375 0.0359375
1 0.753125 0.1765625 0.03125 0.0515625
1 0.6390625 0.103125 0.028125 0.021875
1 0.590625 0.1125 0.0328125 0.025
2 0.85625 0.33125 0.025 0.1
2 0.9125 0.18125 0.0078125 0.040625
2 0.15 0.2734375 0.0109375 0.04375
2 0.9390625 0.1546875 0.0046875 0.028125
2 0.0625 0.328125 0.0109375 0.04375
2 0.0359375 0.9296875 0.0640625 0.1359375
2 0.0515625 0.3390625 0.0125 0.040625
2 0.1375 0.28125 0.0109375 0.04375
2 0.934375 0.1453125 0.0046875 0.021875
2 0.0171875 0.3265625 0.00625 0.034375
2 0.1015625 0.98125 0.028125 0.0359375
2 0.003125 0.371875 0.00625 0.046875