1 0.6546875 0.26875 0.090625 0.0921875
1 0.2296875 0.3765625 0.0890625 0.1
1 0.153125 0.271875 0.0578125 0.0671875
1 0.721875 0.2296875 0.065625 0.071875
1 0.5390625 0.3390625 0.1359375 0.1390625
1 0.4875 0.1328125 0.046875 0.040625
1 0.4390625 0.2609375 0.0859375 0.075
1 0.30625 0.4921875 0.246875 0.253125
1 0.065625 0.4953125 0.06875 0.1265625
1 0.1390625 0.434375 0.06875 0.1359375
1 0.396875 0.1640625 0.05625 0.0390625
1 0.3015625 0.1953125 0.05625 0.0546875
1 0.4875 0.234375 0.090625 0.0796875
1 0.6921875 0.1625 0.053125 0.0375
1 0.046875 0.3421875 0.05625 0.0671875
1 0.715625 0.15625 0.0515625 0.0421875
1 0.775 0.196875 0.059375 0.0625
1 0.96875 0.4625 0.053125 0.0828125
1 0.159375 0.196875 0.059375 0.0421875
1 0.8109375 0.1828125 0.0390625 0.046875
1 0.0078125 0.390625 0.015625 0.04375
2 0.825 0.5078125 0.0453125 0.2078125
2 0.79375 0.503125 0.0328125 0.18125
2 0.715625 0.1046875 0.00625 0.028125
2 0.83125 0.2046875 0.0140625 0.0625
2 0.9421875 0.1984375 0.009375 0.0578125
2 0.2296875 0.2109375 0.00625 0.0265625
2 0.915625 0.1578125 0.0078125 0.0375
2 0.878125 0.20625 0.0140625 0.0609375
2 0.925 0.171875 0.009375 0.0515625
2 0.55 0.103125 0.0046875 0.01875