1 0.29375 0.4921875 0.2 0.19375
1 0.078125 0.6984375 0.1546875 0.246875
1 0.3328125 0.1859375 0.0546875 0.0484375
1 0.334375 0.3140625 0.0921875 0.0921875
1 0.5140625 0.3578125 0.1421875 0.1421875
1 0.2671875 0.3484375 0.084375 0.09375
1 0.634375 0.26875 0.103125 0.096875
1 0.1234375 0.4359375 0.071875 0.128125
1 0.015625 0.525 0.03125 0.11875
1 0.5125 0.2296875 0.090625 0.0671875
1 0.78125 0.1984375 0.0453125 0.05625
1 0.203125 0.390625 0.0734375 0.1
1 0.525 0.125 0.0390625 0.0328125
1 0.4578125 0.259375 0.078125 0.0734375
1 0.7265625 0.21875 0.065625 0.0734375
1 0.3921875 0.2765625 0.0953125 0.0953125
1 0.0546875 0.3359375 0.05 0.0640625
1 0.5875 0.19375 0.08125 0.0625
1 0.15625 0.2734375 0.065625 0.0609375
1 0.55625 0.2140625 0.0609375 0.05625
1 0.41875 0.1546875 0.05 0.0453125
1 0.6375 0.103125 0.0265625 0.0265625
1 0.571875 0.1140625 0.0359375 0.028125
1 0.60625 0.10625 0.0296875 0.0265625
1 0.253125 0.225 0.0640625 0.05
1 0.478125 0.1359375 0.0453125 0.0390625
1 0.578125 0.121875 0.040625 0.03125
1 0.8296875 0.1625 0.0359375 0.0578125
1 0.1421875 0.2078125 0.025 0.0265625
1 0.45625 0.1375 0.03125 0.0375
2 0.803125 0.29375 0.0125 0.0671875
2 0.7265625 0.4953125 0.0328125 0.1046875
2 0.73125 0.33125 0.0234375 0.134375
2 0.875 0.253125 0.0140625 0.08125
2 0.65 0.325 0.028125 0.090625
2 0.890625 0.2078125 0.0109375 0.05625
2 0.8765625 0.203125 0.0140625 0.05625
2 0.6921875 0.33125 0.0265625 0.13125
2 0.7203125 0.36875 0.025 0.0765625
2 0.7 0.3015625 0.0171875 0.0984375
2 0.634375 0.3234375 0.034375 0.1125