1 0.415625 0.2734375 0.0953125 0.0921875
1 0.2640625 0.35625 0.0890625 0.0984375
1 0.4765625 0.134375 0.0546875 0.0390625
1 0.1796875 0.2546875 0.059375 0.0515625
1 0.5203125 0.2265625 0.0828125 0.065625
1 0.1890625 0.390625 0.0828125 0.121875
1 0.58125 0.20625 0.084375 0.0578125
1 0.115625 0.4515625 0.06875 0.11875
1 0.76875 0.2 0.05625 0.0546875
1 0.6546875 0.1765625 0.065625 0.046875
1 0.81875 0.1515625 0.0390625 0.0359375
1 0.70625 0.159375 0.0640625 0.040625
1 0.04375 0.3609375 0.0640625 0.0609375
2 0.340625 0.7046875 0.0703125 0.2640625
2 0.64375 0.3265625 0.0296875 0.090625
2 0.85625 0.1953125 0.0125 0.0515625
2 0.625 0.3375 0.0421875 0.09375
2 0.884375 0.196875 0.0078125 0.053125
2 0.93125 0.2125 0.0078125 0.0625
2 0.9265625 0.153125 0.00625 0.0328125