1 0.471875 0.3921875 0.175 0.15
1 0.15625 0.6171875 0.2078125 0.234375
1 0.4796875 0.2390625 0.0875 0.075
1 0.3921875 0.2765625 0.0953125 0.0921875
1 0.26875 0.415625 0.1515625 0.171875
1 0.015625 0.5296875 0.03125 0.128125
1 0.6125 0.29375 0.103125 0.09375
1 0.3 0.325 0.0984375 0.08125
1 0.075 0.48125 0.0609375 0.13125
1 0.5390625 0.2234375 0.0875 0.0625
1 0.146875 0.4234375 0.075 0.1390625
1 0.6546875 0.175 0.0703125 0.046875
1 0.575 0.2078125 0.05625 0.05625
1 0.725 0.2265625 0.0703125 0.078125
1 0.69375 0.09375 0.021875 0.021875
1 0.6890625 0.1609375 0.0640625 0.0484375
1 0.8203125 0.0890625 0.0125 0.01875
1 0.75 0.0921875 0.0171875 0.0140625
1 0.771875 0.2 0.0546875 0.0640625
1 0.00625 0.3671875 0.0125 0.040625
2 0.203125 0.634375 0.046875 0.178125
2 0.89375 0.3140625 0.021875 0.096875
2 0.4390625 0.4765625 0.0328125 0.1625
2 0.41875 0.4875 0.0328125 0.1859375
2 0.91875 0.16875 0.0078125 0.0390625
2 0.9046875 0.20625 0.009375 0.059375
2 0.9390625 0.1546875 0.009375 0.0453125