1 0.071875 0.7140625 0.14375 0.2453125
1 0.3046875 0.4765625 0.1890625 0.165625
1 0.5015625 0.3484375 0.153125 0.1578125
1 0.340625 0.3046875 0.090625 0.0953125
1 0.184375 0.39375 0.0765625 0.1234375
1 0.1140625 0.45 0.0703125 0.1375
1 0.2734375 0.353125 0.075 0.1015625
1 0.04375 0.5015625 0.0609375 0.1296875
1 0.45625 0.25 0.0859375 0.078125
1 0.65625 0.1734375 0.0671875 0.0515625
1 0.5140625 0.2296875 0.084375 0.065625
1 0.396875 0.275 0.0953125 0.0921875
1 0.6015625 0.1953125 0.0796875 0.0546875
1 0.634375 0.2765625 0.1015625 0.1078125
1 0.0359375 0.34375 0.0578125 0.0796875
1 0.5515625 0.2140625 0.0765625 0.0609375
1 0.734375 0.2078125 0.06875 0.0765625
2 0.8328125 0.4828125 0.0421875 0.1890625
2 0.828125 0.24375 0.021875 0.075
2 0.8890625 0.221875 0.0125 0.06875
2 0.875 0.2546875 0.01875 0.0734375
2 0.9015625 0.1734375 0.009375 0.040625
2 0.915625 0.159375 0.00625 0.03125
2 0.925 0.1609375 0.00625 0.0328125
2 0.9296875 0.1484375 0.00625 0.025
2 0.940625 0.1546875 0.00625 0.0359375