1 0.1484375 0.6359375 0.215625 0.2234375
1 0.546875 0.3265625 0.134375 0.115625
1 0.184375 0.39375 0.0765625 0.121875
1 0.1875 0.2515625 0.059375 0.0625
1 0.4265625 0.275 0.103125 0.0765625
1 0.0546875 0.503125 0.06875 0.1375
1 0.4890625 0.134375 0.046875 0.034375
1 0.653125 0.1734375 0.0625 0.0484375
1 0.4671875 0.246875 0.0890625 0.0703125
1 0.6796875 0.10625 0.028125 0.0234375
1 0.515625 0.2296875 0.0828125 0.065625
1 0.775 0.2015625 0.0484375 0.0578125
1 0.8046875 0.1859375 0.034375 0.046875
1 0.6859375 0.1671875 0.040625 0.046875
1 0.7046875 0.0953125 0.021875 0.01875
1 0.559375 0.215625 0.0640625 0.0578125
1 0.7515625 0.096875 0.0171875 0.0171875
1 0.83125 0.16875 0.0359375 0.0453125
1 0.1609375 0.196875 0.065625 0.0421875
2 0.3421875 0.5671875 0.0515625 0.2171875
2 0.446875 0.8953125 0.0703125 0.2078125
2 0.7765625 0.2890625 0.0203125 0.1125
2 0.9328125 0.21875 0.0109375 0.0640625
2 0.91875 0.221875 0.015625 0.0625
2 0.4109375 0.8953125 0.05 0.20625
2 0.93125 0.159375 0.00625 0.028125
2 0.703125 0.1640625 0.0109375 0.0453125