1 0.540625 0.4125 0.265625 0.23125
1 0.7296875 0.2765625 0.1625 0.140625
1 0.1125 0.321875 0.1703125 0.11875
1 0.859375 0.55625 0.2640625 0.2734375
1 0.2015625 0.925 0.2796875 0.1484375
1 0.1734375 0.25625 0.13125 0.1140625
1 0.053125 0.4078125 0.10625 0.153125
1 0.2359375 0.2015625 0.1078125 0.09375
1 0.01875 0.496875 0.0359375 0.16875
1 0.753125 0.225 0.14375 0.1171875
1 0.8359375 0.1359375 0.0625 0.0734375
1 0.0359375 0.18125 0.071875 0.0671875
1 0.2578125 0.0609375 0.0546875 0.04375
1 0.9875 0.2703125 0.0234375 0.065625
1 0.890625 0.146875 0.0546875 0.0703125
1 0.75 0.1125 0.059375 0.084375
1 0.1515625 0.1125 0.05625 0.0421875
1 0.98125 0.16875 0.0359375 0.0734375
1 0.0890625 0.15 0.0609375 0.0515625
1 0.296875 0.15 0.1453125 0.1109375
1 0.6875 0.1046875 0.053125 0.0734375
1 0.328125 0.0296875 0.021875 0.0296875
1 0.3125 0.0359375 0.0265625 0.0328125
1 0.290625 0.0453125 0.0359375 0.0390625
1 0.9390625 0.1546875 0.0515625 0.0765625
1 0.634375 0.1015625 0.0421875 0.0640625
1 0.1296875 0.1296875 0.0609375 0.046875
2 0.8875 0.284375 0.0296875 0.1171875
2 0.0125 0.2015625 0.0140625 0.071875