1 0.0359375 0.2390625 0.015625 0.021875
2 0.3140625 0.3515625 0.021875 0.0734375
2 0.85625 0.2546875 0.0140625 0.0734375
2 0.7140625 0.21875 0.0171875 0.0640625
2 0.565625 0.1765625 0.0125 0.0578125
2 0.74375 0.246875 0.0140625 0.078125
2 0.35 0.153125 0.00625 0.0328125
2 0.24375 0.18125 0.0078125 0.03125
2 0.3921875 0.153125 0.0078125 0.0390625
2 0.76875 0.23125 0.0171875 0.0609375
2 0.1875 0.184375 0.0078125 0.0359375
2 0.259375 0.1703125 0.009375 0.0421875
2 0.4203125 0.134375 0.0078125 0.0390625
2 0.7953125 0.228125 0.0125 0.053125
2 0.0953125 0.2921875 0.009375 0.0625
2 0.1171875 0.2765625 0.0125 0.05
2 0.096875 0.35625 0.0171875 0.0515625
2 0.5375 0.178125 0.0140625 0.0234375
2 0.1125 0.2875 0.009375 0.0390625