1 0.034375 0.240625 0.01875 0.0234375
1 0.125 0.1671875 0.01875 0.01875
2 0.9765625 0.3203125 0.0109375 0.0578125
2 0.7125 0.2296875 0.009375 0.05625
2 0.85 0.2578125 0.0109375 0.0625
2 0.34375 0.2515625 0.0140625 0.0640625
2 0.9421875 0.30625 0.0109375 0.0609375
2 0.921875 0.2671875 0.0125 0.0453125
2 0.8171875 0.178125 0.009375 0.0375
2 0.3875 0.115625 0.0078125 0.0265625
2 0.796875 0.2390625 0.0140625 0.0671875
2 0.803125 0.196875 0.0078125 0.0390625
2 0.321875 0.2515625 0.0125 0.028125
2 0.765625 0.153125 0.0109375 0.040625
2 0.571875 0.140625 0.0078125 0.0171875
2 0.565625 0.1390625 0.00625 0.01875
2 0.340625 0.1640625 0.0078125 0.0203125