1 0.9890625 0.146875 0.021875 0.0203125
1 0.0359375 0.2390625 0.015625 0.021875
2 0.7921875 0.234375 0.0140625 0.040625
2 0.525 0.1640625 0.0109375 0.05625
2 0.19375 0.25625 0.009375 0.0578125
2 0.3265625 0.228125 0.0125 0.0671875
2 0.2765625 0.1609375 0.0078125 0.034375
2 0.30625 0.240625 0.0140625 0.0671875
2 0.6453125 0.246875 0.015625 0.0796875
2 0.634375 0.2453125 0.0140625 0.0765625
2 0.9109375 0.2078125 0.009375 0.0390625
2 0.353125 0.1390625 0.00625 0.0390625
2 0.234375 0.23125 0.0109375 0.0515625
2 0.3609375 0.2265625 0.0109375 0.0625
2 0.0875 0.265625 0.009375 0.046875
2 0.88125 0.2078125 0.009375 0.046875
2 0.2984375 0.1640625 0.0046875 0.021875
2 0.08125 0.2734375 0.0078125 0.04375
2 0.3546875 0.2234375 0.0078125 0.0578125
2 0.890625 0.2125 0.009375 0.046875
2 0.896875 0.2140625 0.0078125 0.04375
2 0.24375 0.2265625 0.0125 0.0265625
2 0.99375 0.375 0.0109375 0.06875