2 0.521875 0.3109375 0.0203125 0.0859375
2 0.56875 0.2484375 0.0109375 0.0609375
2 0.853125 0.2859375 0.021875 0.08125
2 0.8984375 0.2671875 0.0140625 0.0421875
2 0.2109375 0.203125 0.0140625 0.0390625
2 0.5515625 0.1046875 0.0046875 0.028125
2 0.6171875 0.1078125 0.00625 0.028125
2 0.5203125 0.18125 0.009375 0.03125
2 0.896875 0.3109375 0.0140625 0.04375
2 0.484375 0.196875 0.0140625 0.03125
2 0.603125 0.0984375 0.0046875 0.01875
2 0.19375 0.2140625 0.0171875 0.021875
2 0.0609375 0.1984375 0.0109375 0.0390625