1 0.1234375 0.165625 0.015625 0.0171875
1 0.93125 0.1171875 0.0171875 0.0171875
2 0.89375 0.38125 0.028125 0.0890625
2 0.759375 0.3078125 0.015625 0.0875
2 0.1296875 0.2515625 0.0078125 0.053125
2 0.109375 0.384375 0.0171875 0.0828125
2 0.528125 0.171875 0.0109375 0.0515625
2 0.6140625 0.1984375 0.0109375 0.0421875
2 0.9203125 0.3765625 0.0171875 0.0984375
2 0.3640625 0.1609375 0.0078125 0.0421875
2 0.190625 0.1984375 0.00625 0.0375
2 0.890625 0.2078125 0.00625 0.0390625
2 0.3890625 0.1515625 0.00625 0.0359375
2 0.2078125 0.2015625 0.00625 0.021875
2 0.378125 0.109375 0.0046875 0.0265625
2 0.1984375 0.203125 0.009375 0.0234375
2 0.2140625 0.2 0.00625 0.0234375