1 0.034375 0.240625 0.021875 0.0234375
2 0.8171875 0.2578125 0.009375 0.05625
2 0.46875 0.18125 0.0109375 0.0578125
2 0.853125 0.246875 0.0078125 0.0515625
2 0.73125 0.2265625 0.0140625 0.05
2 0.95625 0.2796875 0.009375 0.046875
2 0.5390625 0.1765625 0.009375 0.0421875
2 0.909375 0.2578125 0.0078125 0.0453125
2 0.9171875 0.265625 0.0078125 0.046875
2 0.9484375 0.2703125 0.0125 0.0515625
2 0.6484375 0.125 0.00625 0.03125
2 0.5359375 0.1328125 0.0078125 0.0421875
2 0.5640625 0.1421875 0.0125 0.021875
2 0.553125 0.140625 0.0078125 0.0203125
2 0.5296875 0.1328125 0.0078125 0.0390625
2 0.9890625 0.525 0.0203125 0.1015625