1 0.034375 0.240625 0.021875 0.0265625
2 0.478125 0.175 0.009375 0.05625
2 0.8359375 0.2640625 0.0140625 0.0578125
2 0.8859375 0.2625 0.0078125 0.046875
2 0.9890625 0.5421875 0.0203125 0.11875
2 0.9875 0.328125 0.0125 0.053125
2 0.521875 0.1046875 0.00625 0.03125
2 0.9546875 0.265625 0.009375 0.0515625
2 0.540625 0.1328125 0.009375 0.0421875
2 0.553125 0.140625 0.0078125 0.01875
2 0.5640625 0.1421875 0.0125 0.0234375
2 0.9296875 0.275 0.009375 0.0390625
2 0.9359375 0.275 0.0078125 0.046875
2 0.540625 0.178125 0.01875 0.0296875
2 0.965625 0.3109375 0.01875 0.046875