1 0.0359375 0.240625 0.0171875 0.0234375
1 0.66875 0.034375 0.015625 0.015625
1 0.125 0.1640625 0.021875 0.01875
2 0.9625 0.41875 0.015625 0.0921875
2 0.3875 0.1671875 0.0125 0.0359375
2 0.81875 0.1734375 0.0125 0.0484375
2 0.6015625 0.11875 0.0078125 0.0359375
2 0.35 0.15625 0.00625 0.0328125
2 0.528125 0.165625 0.009375 0.0515625
2 0.2640625 0.1890625 0.0078125 0.0359375
2 0.5375 0.1796875 0.009375 0.0234375
2 0.3515625 0.1015625 0.00625 0.0234375
2 0.371875 0.1125 0.00625 0.0265625
2 0.759375 0.153125 0.009375 0.03125
2 0.3875 0.1046875 0.00625 0.0234375
2 0.7515625 0.1515625 0.009375 0.03125
2 0.2578125 0.178125 0.0078125 0.046875