1 0.0328125 0.240625 0.0234375 0.0265625
2 0.84375 0.2640625 0.009375 0.05625
2 0.478125 0.175 0.0078125 0.05625
2 0.853125 0.2453125 0.00625 0.0453125
2 0.540625 0.1328125 0.0109375 0.0421875
2 0.5515625 0.1078125 0.00625 0.03125
2 0.553125 0.140625 0.0078125 0.021875
2 0.5609375 0.175 0.009375 0.04375
2 0.96875 0.2859375 0.0109375 0.0484375
2 0.9453125 0.28125 0.0078125 0.0484375
2 0.9625 0.2734375 0.009375 0.0578125
2 0.953125 0.26875 0.0078125 0.0421875
2 0.5625 0.1625 0.0140625 0.0671875
2 0.990625 0.553125 0.01875 0.0796875
2 0.996875 0.3 0.00625 0.046875