1 0.45625 0.60625 0.2125 0.24375
1 0.5640625 0.721875 0.2296875 0.2484375
1 0.7875 0.7390625 0.2234375 0.246875
1 0.3203125 0.9015625 0.3578125 0.196875
1 0.1515625 0.8390625 0.3015625 0.303125
1 0.859375 0.1828125 0.1453125 0.1265625
1 0.5640625 0.15625 0.0984375 0.1234375
1 0.728125 0.1640625 0.0703125 0.090625
1 0.66875 0.1515625 0.0609375 0.0765625
1 0.6328125 0.1234375 0.053125 0.08125
1 0.978125 0.1125 0.04375 0.096875
1 0.934375 0.1421875 0.0640625 0.0828125
1 0.9125 0.084375 0.0515625 0.0359375
1 0.859375 0.10625 0.0515625 0.0359375