1 0.7640625 0.2390625 0.0953125 0.1078125
1 0.9390625 0.2359375 0.08125 0.0875
1 0.9796875 0.34375 0.0390625 0.0671875
1 0.7546875 0.140625 0.0671875 0.05625
1 0.790625 0.1328125 0.046875 0.053125
1 0.434375 0.1515625 0.05 0.0796875
1 0.6015625 0.10625 0.046875 0.0578125
1 0.403125 0.1234375 0.034375 0.0625
1 0.4703125 0.053125 0.0234375 0.0296875
1 0.49375 0.0359375 0.0203125 0.025
1 0.7 0.0765625 0.0390625 0.0390625
1 0.6390625 0.05 0.0265625 0.0265625
1 0.296875 0.05 0.028125 0.01875
1 0.584375 0.040625 0.025 0.028125
1 0.575 0.0234375 0.021875 0.0203125
1 0.6609375 0.075 0.0453125 0.053125
1 0.028125 0.2390625 0.0546875 0.04375
1 0.4546875 0.034375 0.0171875 0.0234375
1 0.7546875 0.01875 0.0125 0.015625
1 0.6109375 0.0359375 0.0265625 0.0265625
1 0.5421875 0.1046875 0.04375 0.071875
1 0.66875 0.00625 0.0140625 0.0125
2 0.9515625 0.153125 0.009375 0.040625
2 0.834375 0.0796875 0.00625 0.034375
2 0.94375 0.146875 0.0078125 0.0390625