1 0.7703125 0.2421875 0.0984375 0.128125
1 0.9640625 0.328125 0.0703125 0.121875
1 0.6 0.1078125 0.0484375 0.053125
1 0.6546875 0.0796875 0.0390625 0.0390625
1 0.9515625 0.2484375 0.0890625 0.059375
1 0.4734375 0.05625 0.0234375 0.034375
1 0.7921875 0.1359375 0.046875 0.05625
1 0.840625 0.4578125 0.1390625 0.2265625
1 0.3421875 0.1234375 0.040625 0.04375
1 0.5234375 0.0453125 0.03125 0.0421875
1 0.575 0.1453125 0.053125 0.0671875
1 0.603125 0.0375 0.0234375 0.025
1 0.15 0.171875 0.05625 0.0703125
1 0.23125 0.071875 0.0296875 0.0296875
1 0.884375 0.1140625 0.0265625 0.0453125
1 0.4796875 0.025 0.0171875 0.025
1 0.290625 0.0484375 0.0203125 0.01875
1 0.4609375 0.0359375 0.0203125 0.0265625
1 0.578125 0.0359375 0.0265625 0.03125
1 0.896875 0.0546875 0.034375 0.0234375
1 0.49375 0.453125 0.0921875 0.203125
1 0.765625 0.15 0.0609375 0.0625
1 0.4390625 0.0203125 0.015625 0.021875
1 0.6328125 0.00625 0.0140625 0.0125
1 0.23125 0.0734375 0.053125 0.0359375
2 0.378125 0.471875 0.0578125 0.178125
2 0.1578125 0.796875 0.0609375 0.209375
2 0.4015625 0.3515625 0.0328125 0.146875
2 0.4671875 0.4359375 0.0375 0.165625