1 0.246875 0.6234375 0.2296875 0.1984375
1 0.45625 0.5890625 0.2125 0.21875
1 0.5578125 0.6890625 0.2046875 0.2078125
1 0.775 0.740625 0.228125 0.296875
1 0.2953125 0.9015625 0.35625 0.196875
1 0.159375 0.8359375 0.31875 0.253125
1 0.9390625 0.153125 0.0796875 0.0890625
1 0.975 0.10625 0.0484375 0.0828125
1 0.840625 0.1703125 0.10625 0.1125
1 0.725 0.153125 0.078125 0.0640625
1 0.671875 0.1390625 0.071875 0.0515625
1 0.5625 0.1625 0.0765625 0.10625
1 0.63125 0.128125 0.05 0.0765625
1 0.8890625 0.1234375 0.065625 0.0796875
1 0.059375 0.259375 0.115625 0.1234375