1 0.1765625 0.378125 0.1359375 0.1859375
1 0.2421875 0.6390625 0.2359375 0.1734375
1 0.421875 0.6078125 0.2171875 0.20625
1 0.5640625 0.6859375 0.196875 0.2234375
1 0.7890625 0.7484375 0.2546875 0.25625
1 0.51875 0.94375 0.309375 0.1125
1 0.321875 0.9015625 0.334375 0.196875
1 0.1625 0.84375 0.3234375 0.2796875
1 0.0296875 0.771875 0.0578125 0.1265625
1 0.9328125 0.1515625 0.0796875 0.0890625
1 0.84375 0.15625 0.0890625 0.0984375
1 0.725 0.1578125 0.0921875 0.1140625
1 0.66875 0.1515625 0.0640625 0.0859375
1 0.5609375 0.153125 0.0921875 0.0890625
1 0.6296875 0.134375 0.0515625 0.071875
1 0.9796875 0.1171875 0.040625 0.08125