1 0.2375 0.6140625 0.2515625 0.25
1 0.4125 0.61875 0.196875 0.196875
1 0.571875 0.73125 0.2328125 0.2609375
1 0.78125 0.7578125 0.2625 0.3234375
1 0.5390625 0.9484375 0.3140625 0.103125
1 0.31875 0.890625 0.29375 0.21875
1 0.1625 0.8484375 0.325 0.290625
1 0.5734375 0.153125 0.1 0.0734375
1 0.7171875 0.1578125 0.103125 0.0921875
1 0.81875 0.153125 0.0890625 0.109375
1 0.940625 0.146875 0.0734375 0.096875
1 0.9796875 0.10625 0.040625 0.10625
1 0.884375 0.115625 0.0671875 0.078125
1 0.659375 0.1484375 0.0828125 0.0796875