1 0.3515625 0.0296875 0.0390625 0.0375
1 0.196875 0.1265625 0.059375 0.0546875
1 0.284375 0.06875 0.0421875 0.046875
1 0.3984375 0.0109375 0.034375 0.021875
1 0.321875 0.046875 0.04375 0.0421875
1 0.075 0.215625 0.0671875 0.09375
1 0.15 0.1578125 0.034375 0.05
2 0.7296875 0.4625 0.0296875 0.1890625
2 0.2359375 0.571875 0.0328125 0.18125
2 0.1984375 0.475 0.0453125 0.165625
2 0.24375 0.40625 0.03125 0.1515625
2 0.078125 0.48125 0.040625 0.0703125
2 0.759375 0.1421875 0.0109375 0.0453125
2 0.459375 0.159375 0.021875 0.0484375
2 0.628125 0.4421875 0.0359375 0.14375
2 0.4890625 0.025 0.0171875 0.0453125
2 0.2765625 0.4453125 0.0359375 0.10625
2 0.58125 0.0890625 0.0171875 0.0640625
2 0.0921875 0.1546875 0.009375 0.0421875
2 0.2015625 0.40625 0.034375 0.0734375
2 0.45625 0.021875 0.0140625 0.0296875
2 0.340625 0.1171875 0.0125 0.03125
2 0.5953125 0.03125 0.0109375 0.034375
2 0.471875 0.0171875 0.0078125 0.0328125
2 0.3671875 0.1703125 0.0328125 0.05625
2 0.65 0.2109375 0.0234375 0.0765625
2 0.6078125 0.478125 0.0828125 0.1015625