1 0.975 0.3796875 0.0484375 0.146875
2 0.4734375 0.8734375 0.0546875 0.21875
2 0.4015625 0.8765625 0.0625 0.2265625
2 0.5890625 0.3125 0.0234375 0.11875
2 0.403125 0.4640625 0.03125 0.1328125
2 0.5453125 0.33125 0.0265625 0.1171875
2 0.14375 0.834375 0.0421875 0.1125
2 0.4609375 0.4203125 0.0359375 0.1078125
2 0.98125 0.653125 0.034375 0.1390625
2 0.865625 0.2953125 0.0140625 0.06875
2 0.484375 0.321875 0.0265625 0.1328125
2 0.8921875 0.2890625 0.0171875 0.0765625
2 0.0171875 0.5296875 0.0171875 0.071875
2 0.090625 0.5453125 0.028125 0.13125
2 0.446875 0.2578125 0.0203125 0.0828125
2 0.3765625 0.4859375 0.025 0.0765625
2 0.4296875 0.24375 0.0109375 0.053125
2 0.3765625 0.3203125 0.0140625 0.0609375
2 0.103125 0.8 0.034375 0.0734375
2 0.46875 0.265625 0.021875 0.065625
2 0.1765625 0.4859375 0.0390625 0.0875