1 0.23125 0.1015625 0.0421875 0.0515625
1 0.325 0.05 0.0421875 0.04375
1 0.171875 0.1453125 0.053125 0.071875
1 0.56875 0.1609375 0.04375 0.046875
2 0.596875 0.5046875 0.0296875 0.2046875
2 0.2453125 0.390625 0.034375 0.1484375
2 0.41875 0.265625 0.03125 0.128125
2 0.609375 0.1484375 0.0171875 0.078125
2 0.134375 0.5515625 0.0359375 0.16875
2 0.5046875 0.15625 0.015625 0.0875
2 0.615625 0.05625 0.009375 0.0484375
2 0.225 0.5109375 0.05 0.1296875
2 0.4578125 0.1765625 0.015625 0.08125
2 0.490625 0.0328125 0.009375 0.046875
2 0.071875 0.4859375 0.05625 0.0921875
2 0.55625 0.21875 0.01875 0.0640625
2 0.16875 0.3296875 0.0234375 0.11875
2 0.740625 0.2734375 0.0125 0.071875
2 0.671875 0.4859375 0.040625 0.08125
2 0.775 0.2453125 0.0265625 0.096875
2 0.321875 0.203125 0.0171875 0.0828125
2 0.3078125 0.328125 0.0203125 0.1
2 0.6375 0.2296875 0.015625 0.090625
2 0.5328125 0.1875 0.015625 0.1109375
2 0.465625 0.225 0.0125 0.0546875
2 0.321875 0.59375 0.05 0.153125
2 0.54375 0.153125 0.0125 0.0703125
2 0.296875 0.0359375 0.00625 0.0359375
2 0.665625 0.1671875 0.0203125 0.1015625
2 0.7578125 0.2890625 0.0125 0.065625
2 0.475 0.034375 0.00625 0.028125
2 0.3703125 0.1609375 0.0171875 0.0796875
2 0.7640625 0.2359375 0.015625 0.0609375
2 0.4125 0.1734375 0.0140625 0.0546875
2 0.3859375 0.14375 0.0125 0.05625
2 0.3078125 0.228125 0.0140625 0.053125
2 0.4234375 0.1703125 0.009375 0.0390625
2 0.540625 0.11875 0.015625 0.03125
2 0.3890625 0.1796875 0.0125 0.046875
2 0.26875 0.2390625 0.0140625 0.065625