1 0.4 0.0125 0.034375 0.0234375
1 0.3515625 0.028125 0.040625 0.0390625
1 0.196875 0.1265625 0.059375 0.0546875
1 0.0765625 0.2140625 0.0671875 0.090625
2 0.51875 0.2734375 0.0328125 0.1359375
2 0.7859375 0.2984375 0.01875 0.0921875
2 0.4984375 0.1640625 0.015625 0.0796875
2 0.7296875 0.4625 0.03125 0.1890625
2 0.403125 0.3375 0.034375 0.146875
2 0.590625 0.090625 0.0109375 0.0625
2 0.628125 0.0375 0.0125 0.05
2 0.7984375 0.103125 0.0109375 0.059375
2 0.459375 0.159375 0.021875 0.0484375
2 0.653125 0.1921875 0.0125 0.053125
2 0.678125 0.196875 0.0234375 0.0390625
2 0.3671875 0.16875 0.0359375 0.065625
2 0.09375 0.153125 0.009375 0.0421875
2 0.6703125 0.459375 0.0390625 0.1171875
2 0.45625 0.025 0.0125 0.0390625
2 0.596875 0.0328125 0.009375 0.03125
2 0.225 0.4859375 0.0484375 0.1875
2 0.5796875 0.0609375 0.009375 0.05
2 0.8578125 0.1109375 0.0140625 0.0671875
2 0.6484375 0.20625 0.021875 0.0828125