1 0.353125 0.0359375 0.0390625 0.0375
1 0.2296875 0.1015625 0.040625 0.0484375
1 0.5734375 0.1609375 0.0359375 0.0421875
1 0.4046875 0.0125 0.0234375 0.0234375
1 0.1703125 0.14375 0.053125 0.0703125
2 0.609375 0.1484375 0.015625 0.0734375
2 0.603125 0.503125 0.04375 0.21875
2 0.55 0.1578125 0.01875 0.0890625
2 0.24375 0.3625 0.021875 0.096875
2 0.103125 0.453125 0.0375 0.1015625
2 0.6625 0.1765625 0.01875 0.0828125
2 0.5515625 0.3203125 0.015625 0.090625
2 0.4484375 0.146875 0.015625 0.0875
2 0.703125 0.1671875 0.0171875 0.0890625
2 0.575 0.33125 0.0265625 0.0875
2 0.3125 0.590625 0.04375 0.1578125
2 0.225 0.528125 0.053125 0.0953125
2 0.078125 0.471875 0.028125 0.0890625
2 0.4828125 0.2171875 0.021875 0.0984375
2 0.5828125 0.1625 0.015625 0.04375
2 0.06875 0.221875 0.0125 0.0515625
2 0.0609375 0.48125 0.046875 0.10625
2 0.6796875 0.1734375 0.0109375 0.0515625
2 0.26875 0.225 0.01875 0.08125
2 0.4859375 0.1703125 0.025 0.08125
2 0.3953125 0.175 0.0125 0.0484375
2 0.4203125 0.184375 0.0171875 0.0796875
2 0.765625 0.2265625 0.01875 0.0765625