1 0.0828125 0.746875 0.165625 0.33125
1 0.0765625 0.4515625 0.1515625 0.2078125
1 0.4390625 0.3609375 0.1671875 0.1125
1 0.4796875 0.4625 0.221875 0.10625
1 0.4703125 0.6046875 0.28125 0.2125
1 0.584375 0.6609375 0.1796875 0.2921875
1 0.78125 0.7046875 0.2015625 0.3484375
1 0.959375 0.49375 0.08125 0.18125
1 0.9078125 0.3859375 0.1484375 0.190625
1 0.8109375 0.328125 0.128125 0.159375
1 0.8390625 0.2328125 0.0984375 0.0984375
1 0.6953125 0.228125 0.103125 0.13125
1 0.7265625 0.16875 0.078125 0.1109375
1 0.6578125 0.1609375 0.1046875 0.08125
1 0.5828125 0.19375 0.0796875 0.0984375
1 0.5171875 0.18125 0.1015625 0.0734375
1 0.425 0.25 0.109375 0.0875
1 0.9359375 0.1484375 0.0890625 0.1
1 0.8671875 0.1125 0.0765625 0.08125