1 0.0875 0.7359375 0.1703125 0.2578125
1 0.303125 0.746875 0.2734375 0.25
1 0.071875 0.3765625 0.14375 0.115625
1 0.3421875 0.3609375 0.1359375 0.128125
1 0.6609375 0.5828125 0.1859375 0.19375
1 0.7046875 0.8171875 0.21875 0.2703125
1 0.6421875 0.4640625 0.1640625 0.1515625
1 0.66875 0.3375 0.1015625 0.1203125
1 0.5640625 0.2921875 0.11875 0.121875
1 0.35 0.2515625 0.0890625 0.0859375
1 0.25625 0.340625 0.096875 0.1140625
1 0.684375 0.146875 0.0515625 0.06875
1 0.7421875 0.1984375 0.0703125 0.0890625
1 0.95 0.4359375 0.0984375 0.1703125
1 0.9484375 0.3125 0.103125 0.1109375
1 0.8734375 0.284375 0.0921875 0.1140625
1 0.81875 0.2390625 0.059375 0.09375