1 0.365625 0.3421875 0.128125 0.1359375
1 0.1375 0.396875 0.1671875 0.14375
1 0.090625 0.7234375 0.175 0.2328125
1 0.1765625 0.83125 0.31875 0.25
1 0.5 0.925 0.29375 0.15
1 0.7078125 0.5625 0.21875 0.1984375
1 0.69375 0.4171875 0.153125 0.1203125
1 0.678125 0.3125 0.090625 0.0921875
1 0.621875 0.2234375 0.1078125 0.078125
0 0.621875 0.128125 0.2328125 0.15625
1 0.775 0.1421875 0.0703125 0.0796875
1 0.825 0.2359375 0.05625 0.1109375
1 0.853125 0.1734375 0.059375 0.10625
1 0.934375 0.2328125 0.075 0.1140625
1 0.9734375 0.3921875 0.053125 0.1609375