1 0.61875 0.3484375 0.0703125 0.090625
1 0.7203125 0.284375 0.059375 0.071875
1 0.1328125 0.5171875 0.1421875 0.10625
1 0.2859375 0.440625 0.1109375 0.08125
1 0.3875 0.3765625 0.09375 0.0703125
1 0.465625 0.33125 0.0734375 0.078125
1 0.525 0.29375 0.0609375 0.0609375
1 0.578125 0.2640625 0.0484375 0.05625
1 0.61875 0.2390625 0.0484375 0.0703125
1 0.8453125 0.228125 0.053125 0.071875
1 0.9234375 0.196875 0.0609375 0.06875
0 0.7375 0.153125 0.153125 0.0875
1 0.6359375 0.1921875 0.0609375 0.04375
1 0.140625 0.85 0.19375 0.3
1 0.0953125 0.4671875 0.1484375 0.078125
1 0.246875 0.3890625 0.1015625 0.059375
1 0.3125 0.2171875 0.0640625 0.04375
1 0.4078125 0.2 0.0765625 0.0515625
1 0.5078125 0.1984375 0.0546875 0.05
1 0.3953125 0.29375 0.0671875 0.053125