1 0.1234375 0.51875 0.1453125 0.1015625
1 0.2828125 0.440625 0.1078125 0.059375
1 0.415625 0.553125 0.1125 0.14375
1 0.5875 0.471875 0.0921875 0.1296875
1 0.7609375 0.278125 0.0609375 0.0796875
1 0.621875 0.2390625 0.0484375 0.0671875
1 0.5765625 0.2609375 0.0453125 0.05625
1 0.521875 0.29375 0.0515625 0.0625
1 0.4625 0.3296875 0.0671875 0.0609375
1 0.384375 0.3765625 0.084375 0.06875
1 0.2390625 0.39375 0.1109375 0.0703125
1 0.390625 0.2890625 0.053125 0.059375
1 0.275 0.2140625 0.0515625 0.05
1 0.3578125 0.2125 0.0734375 0.0515625
1 0.434375 0.1828125 0.0546875 0.040625
1 0.496875 0.2015625 0.0484375 0.0421875
0 0.565625 0.15625 0.1421875 0.0796875
1 0.703125 0.1859375 0.0578125 0.0515625
1 0.7984375 0.2015625 0.0578125 0.05
1 0.0734375 0.45625 0.1171875 0.0859375
1 0.1671875 0.2171875 0.0671875 0.06875