1 0.13125 0.5125 0.14375 0.1078125
1 0.2859375 0.4390625 0.1078125 0.071875
1 0.20625 0.8515625 0.2078125 0.278125
1 0.384375 0.3796875 0.09375 0.0875
1 0.465625 0.3375 0.0796875 0.071875
1 0.5546875 0.28125 0.065625 0.0640625
1 0.3859375 0.209375 0.0609375 0.05625
0 0.4796875 0.153125 0.1265625 0.0765625
1 0.4921875 0.196875 0.059375 0.059375
1 0.5453125 0.20625 0.028125 0.0484375
1 0.5875 0.21875 0.040625 0.053125
1 0.6359375 0.23125 0.0484375 0.0609375
1 0.734375 0.1828125 0.0515625 0.0609375
1 0.2484375 0.3921875 0.1046875 0.06875
1 0.4 0.2859375 0.0546875 0.0515625
1 0.471875 0.25625 0.0515625 0.053125
1 0.6734375 0.1859375 0.04375 0.046875
1 0.0875 0.4609375 0.1390625 0.090625