1 0.2453125 0.4578125 0.1234375 0.08125
1 0.0578125 0.4734375 0.115625 0.08125
1 0.265625 0.3765625 0.10625 0.0828125
1 0.3828125 0.3265625 0.08125 0.071875
1 0.4828125 0.321875 0.06875 0.0609375
1 0.5609375 0.2703125 0.059375 0.0609375
1 0.63125 0.2359375 0.0421875 0.05625
1 0.6765625 0.20625 0.0390625 0.0515625
1 0.7140625 0.325 0.0625 0.096875
1 0.91875 0.225 0.0328125 0.04375
1 0.9578125 0.2390625 0.03125 0.053125
1 0.7203125 0.184375 0.0265625 0.04375
1 0.6765625 0.1515625 0.040625 0.046875
1 0.4390625 0.196875 0.0515625 0.0375
1 0.51875 0.1921875 0.065625 0.046875
1 0.3234375 0.2015625 0.0578125 0.0390625
1 0.234375 0.2125 0.053125 0.05
0 0.384375 0.1515625 0.140625 0.0796875
1 0.459375 0.115625 0.0015625 0.0171875
1 0.8484375 0.1609375 0.0578125 0.053125