1 0.11875 0.4734375 0.1265625 0.0984375
1 0.2890625 0.384375 0.0984375 0.071875
1 0.4109375 0.3171875 0.0765625 0.0734375
1 0.484375 0.2796875 0.0515625 0.0671875
1 0.53125 0.3046875 0.059375 0.0484375
1 0.6328125 0.246875 0.0453125 0.0609375
1 0.6984375 0.3375 0.0625 0.0859375
1 0.784375 0.26875 0.046875 0.078125
1 0.8578125 0.2171875 0.0609375 0.0640625
1 0.925 0.2421875 0.0328125 0.0703125
1 0.9796875 0.2625 0.0359375 0.0625
1 0.3171875 0.8359375 0.1859375 0.2734375
1 0.2125 0.221875 0.0578125 0.05625
1 0.4078125 0.209375 0.0640625 0.0625
1 0.571875 0.24375 0.0390625 0.0609375
1 0.625 0.1859375 0.0234375 0.0421875
1 0.6734375 0.184375 0.0234375 0.05
1 0.6453125 0.1609375 0.0234375 0.04375
1 0.7078125 0.1515625 0.0453125 0.046875
1 0.7578125 0.165625 0.05 0.053125
0 0.2953125 0.16875 0.128125 0.08125
1 0.53125 0.23125 0.0484375 0.0671875