1 0.2296875 0.2234375 0.0609375 0.05625
1 0.1609375 0.4546875 0.125 0.096875
1 0.3890625 0.36875 0.09375 0.0734375
1 0.4921875 0.278125 0.05625 0.0640625
1 0.559375 0.2640625 0.05625 0.071875
1 0.5890625 0.44375 0.1015625 0.1421875
1 0.75625 0.2734375 0.0515625 0.0921875
1 0.6203125 0.1671875 0.0203125 0.040625
1 0.853125 0.23125 0.0546875 0.05625
1 0.9265625 0.253125 0.0328125 0.0609375
1 0.971875 0.2265625 0.0453125 0.0515625
0 0.8609375 0.15625 0.140625 0.0828125
1 0.653125 0.14375 0.0203125 0.040625
1 0.59375 0.14375 0.01875 0.0375
1 0.565625 0.1453125 0.0234375 0.0328125
1 0.490625 0.159375 0.01875 0.028125
1 0.4609375 0.1625 0.0234375 0.0296875
1 0.428125 0.1578125 0.0203125 0.03125
1 0.3984375 0.1578125 0.01875 0.0296875
1 0.3515625 0.2046875 0.0453125 0.040625
1 0.14375 0.2203125 0.05 0.04375
1 0.5546875 0.1984375 0.034375 0.053125