1 0.39375 0.33125 0.0765625 0.0640625
1 0.56875 0.3609375 0.0828125 0.121875
1 0.5109375 0.2671875 0.0609375 0.0625
1 0.609375 0.2109375 0.0328125 0.05
1 0.6515625 0.16875 0.0265625 0.040625
1 0.9296875 0.253125 0.040625 0.0609375
1 0.7640625 0.1625 0.0453125 0.046875
1 0.975 0.2234375 0.046875 0.05625
1 0.1734375 0.21875 0.0640625 0.05
1 0.25 0.2109375 0.05625 0.05
0 0.365625 0.146875 0.0390625 0.0703125
1 0.3359375 0.153125 0.0203125 0.028125
1 0.4296875 0.1578125 0.0265625 0.046875
1 0.4625 0.15625 0.021875 0.0359375
1 0.4875 0.1609375 0.0234375 0.0390625