1 0.13125 0.5328125 0.0953125 0.14375
1 0.2390625 0.4671875 0.0734375 0.146875
1 0.3078125 0.6015625 0.078125 0.16875
1 0.41875 0.515625 0.0734375 0.1171875
1 0.5828125 0.346875 0.0890625 0.0890625
1 0.4453125 0.296875 0.05625 0.0796875
1 0.4890625 0.2609375 0.059375 0.06875
1 0.503125 0.1984375 0.0328125 0.046875
1 0.5578125 0.2578125 0.0484375 0.0609375
0 0.7078125 0.1421875 0.1203125 0.078125
1 0.8625 0.1734375 0.0453125 0.040625
1 0.965625 0.1875 0.046875 0.0390625
1 0.415625 0.190625 0.028125 0.0421875
1 0.4328125 0.228125 0.0265625 0.0390625
1 0.3265625 0.1671875 0.0234375 0.0296875
1 0.2671875 0.18125 0.0390625 0.0421875
1 0.3015625 0.1609375 0.0171875 0.0375
1 0.3921875 0.1609375 0.0234375 0.0359375