1 0.26875 0.7296875 0.09375 0.1859375
1 0.2828125 0.425 0.0515625 0.0984375
1 0.3703125 0.3765625 0.0578125 0.0859375
1 0.6234375 0.3578125 0.0859375 0.109375
1 0.6828125 0.28125 0.0640625 0.0921875
1 0.775 0.3875 0.0984375 0.1265625
1 0.928125 0.5046875 0.134375 0.1640625
1 0.9671875 0.178125 0.0453125 0.0421875
1 0.68125 0.1421875 0.0484375 0.053125
1 0.4984375 0.25 0.0421875 0.0578125
1 0.5578125 0.2453125 0.0453125 0.05625
1 0.5171875 0.203125 0.0296875 0.0390625
1 0.453125 0.196875 0.0296875 0.0328125
1 0.2765625 0.3234375 0.0453125 0.053125
1 0.3359375 0.3015625 0.0515625 0.05
1 0.321875 0.25 0.0375 0.046875
1 0.2671875 0.2421875 0.0328125 0.046875
1 0.3703125 0.209375 0.0375 0.046875
1 0.4484375 0.1984375 0.0359375 0.040625
1 0.490625 0.1671875 0.028125 0.0328125
1 0.3984375 0.15625 0.0234375 0.0359375
1 0.4328125 0.165625 0.0265625 0.0234375
1 0.634375 0.1265625 0.0234375 0.0359375
1 0.25625 0.1765625 0.0359375 0.0359375
1 0.29375 0.165625 0.0265625 0.0375
1 0.3296875 0.1640625 0.0203125 0.0359375