1 0.2546875 0.2640625 0.0375 0.053125
1 0.3046875 0.2859375 0.0296875 0.05
1 0.29375 0.23125 0.0328125 0.05
1 0.4015625 0.2484375 0.0375 0.053125
1 0.3796875 0.34375 0.0703125 0.0765625
1 0.490625 0.4859375 0.10625 0.1234375
1 0.596875 0.365625 0.0921875 0.096875
1 0.7171875 0.3859375 0.1 0.10625
1 0.8578125 0.4140625 0.115625 0.109375
1 0.95625 0.1859375 0.0453125 0.0375
1 0.45625 0.2078125 0.0359375 0.0671875
1 0.490625 0.1984375 0.028125 0.0359375
1 0.4859375 0.265625 0.0421875 0.0421875
1 0.509375 0.3078125 0.0515625 0.0625
1 0.5984375 0.2625 0.0578125 0.0703125
1 0.54375 0.2203125 0.034375 0.0515625
1 0.4890625 0.15 0.0203125 0.0390625
1 0.4234375 0.1625 0.0234375 0.03125
1 0.340625 0.1875 0.0359375 0.0390625
1 0.3 0.165625 0.0296875 0.05
1 0.0828125 0.2 0.0578125 0.0375
1 0.7015625 0.31875 0.0859375 0.0671875