1 0.2671875 0.578125 0.0875 0.153125
1 0.375 0.6375 0.0828125 0.1609375
1 0.403125 0.4484375 0.05625 0.09375
1 0.35625 0.34375 0.0484375 0.0796875
1 0.2828125 0.409375 0.0640625 0.0921875
1 0.296875 0.2640625 0.0390625 0.0625
1 0.490625 0.4046875 0.0640625 0.1078125
1 0.55 0.3515625 0.0703125 0.0890625
1 0.6375 0.3203125 0.0921875 0.1375
1 0.7109375 0.4484375 0.1 0.08125
1 0.8078125 0.4578125 0.1140625 0.128125
1 0.91875 0.4328125 0.1171875 0.1296875
1 0.9671875 0.1921875 0.0484375 0.04375
1 0.4828125 0.246875 0.0390625 0.0640625
1 0.428125 0.2078125 0.0296875 0.05625
1 0.4671875 0.1984375 0.0296875 0.046875
1 0.1671875 0.2203125 0.0484375 0.04375
1 0.9515625 0.5609375 0.0953125 0.1125
1 0.3734375 0.8921875 0.1125 0.2140625