1 0.21875 0.7765625 0.1359375 0.2890625
1 0.4125 0.6125 0.0859375 0.159375
1 0.3984375 0.9296875 0.1203125 0.140625
1 0.3234375 0.4515625 0.0625 0.10625
1 0.384375 0.346875 0.0484375 0.090625
1 0.3125 0.3375 0.0453125 0.0578125
1 0.2984375 0.278125 0.04375 0.040625
1 0.3671875 0.2875 0.0453125 0.040625
1 0.346875 0.2546875 0.0421875 0.0375
1 0.2796875 0.2421875 0.0484375 0.040625
1 0.1875 0.2328125 0.046875 0.0390625
1 0.4 0.1640625 0.0234375 0.040625
1 0.4609375 0.2046875 0.0234375 0.0375
1 0.484375 0.2640625 0.0484375 0.053125
1 0.55 0.3046875 0.0609375 0.0765625
1 0.6390625 0.3546875 0.0828125 0.090625
1 0.7359375 0.3484375 0.0921875 0.1140625
1 0.8328125 0.4390625 0.0796875 0.1078125
1 0.915625 0.43125 0.0953125 0.128125
1 0.965625 0.1921875 0.05 0.0390625
1 0.6296875 0.2921875 0.059375 0.0640625
0 0.36875 0.14375 0.0703125 0.0703125