1 0.34375 0.4046875 0.05 0.0828125
1 0.365625 0.3125 0.0453125 0.0671875
0 0.440625 0.296875 0.115625 0.1640625
1 0.5140625 0.253125 0.0296875 0.059375
1 0.5859375 0.3140625 0.0640625 0.0828125
1 0.671875 0.30625 0.0609375 0.08125
1 0.69375 0.4125 0.09375 0.11875
1 0.7765625 0.3765625 0.0890625 0.11875
1 0.934375 0.5203125 0.1171875 0.1296875
1 0.296875 0.29375 0.0484375 0.0921875
1 0.346875 0.2609375 0.040625 0.0625
1 0.2203125 0.2328125 0.0640625 0.053125
1 0.5703125 0.1625 0.0515625 0.0515625
1 0.9671875 0.1859375 0.0484375 0.0484375