1 0.5140625 0.2765625 0.05625 0.06875
1 0.6015625 0.284375 0.0546875 0.0859375
1 0.6828125 0.38125 0.0875 0.1109375
1 0.8265625 0.3890625 0.115625 0.1140625
1 0.821875 0.5390625 0.1265625 0.16875
1 0.9359375 0.5375 0.1234375 0.153125
1 0.9453125 0.1921875 0.0390625 0.059375
1 0.890625 0.1828125 0.053125 0.0578125
1 0.290625 0.2578125 0.0359375 0.0578125
1 0.209375 0.2234375 0.0515625 0.05625
1 0.39375 0.1609375 0.0203125 0.0390625
1 0.425 0.15625 0.0203125 0.0390625
1 0.453125 0.1578125 0.0234375 0.0375
1 0.4875 0.1546875 0.0234375 0.0484375
1 0.7140625 0.3359375 0.0765625 0.0890625
1 0.5640625 0.228125 0.04375 0.0703125