1 0.18125 0.221875 0.053125 0.05625
1 0.2578125 0.2375 0.0453125 0.059375
1 0.54375 0.278125 0.0421875 0.0625
1 0.6328125 0.2890625 0.0640625 0.071875
1 0.6390625 0.371875 0.084375 0.096875
1 0.7453125 0.3625 0.0828125 0.09375
1 0.859375 0.390625 0.1203125 0.1
1 0.8828125 0.5015625 0.1359375 0.13125
1 0.7765625 0.1984375 0.0359375 0.04375
1 0.653125 0.18125 0.0515625 0.05
1 0.4875 0.1625 0.0234375 0.0328125
1 0.4546875 0.1546875 0.0234375 0.0390625
1 0.4265625 0.1515625 0.0234375 0.0375
1 0.29375 0.1703125 0.01875 0.0390625
1 0.3140625 0.1515625 0.021875 0.040625
1 0.9734375 0.2125 0.0421875 0.053125
1 0.925 0.2046875 0.0453125 0.053125