1 0.640625 0.746875 0.2171875 0.1703125
1 0.3 0.759375 0.2203125 0.159375
0 0.36875 0.3078125 0.2296875 0.1890625
1 0.2046875 0.2375 0.0609375 0.0609375
1 0.3265625 0.2 0.0546875 0.04375
1 0.6 0.2640625 0.0453125 0.0859375
1 0.65 0.309375 0.0640625 0.0984375
1 0.7453125 0.3609375 0.090625 0.096875
1 0.871875 0.421875 0.121875 0.1296875
1 0.7734375 0.9140625 0.2625 0.171875
1 0.965625 0.2140625 0.0453125 0.053125
1 0.821875 0.24375 0.059375 0.04375
1 0.7171875 0.2453125 0.0515625 0.04375
1 0.75 0.203125 0.0609375 0.0375
1 0.546875 0.209375 0.0609375 0.046875
1 0.63125 0.1453125 0.0375 0.0375
1 0.4875 0.1609375 0.0265625 0.021875
1 0.0421875 0.2171875 0.0515625 0.046875
1 0.1140625 0.2171875 0.05 0.0359375