1 0.159375 0.4578125 0.125 0.0875
0 0.20625 0.8359375 0.4109375 0.328125
1 0.0484375 0.5328125 0.0953125 0.0921875
0 0.5421875 0.225 0.121875 0.1203125
1 0.6671875 0.3 0.0765625 0.10625
1 0.771875 0.3734375 0.1015625 0.11875
1 0.8046875 0.7765625 0.2578125 0.15625
1 0.7984375 0.928125 0.2671875 0.1421875
1 0.8328125 0.228125 0.0578125 0.05625
1 0.3375 0.3640625 0.0921875 0.078125
1 0.325 0.21875 0.0671875 0.0375
1 0.4015625 0.1984375 0.0625 0.0515625
1 0.2203125 0.2265625 0.0640625 0.0421875
1 0.128125 0.2234375 0.0484375 0.040625
0 0.6484375 0.1609375 0.11875 0.0671875
1 0.634375 0.2078125 0.0546875 0.0375
1 0.734375 0.1765625 0.046875 0.040625
1 0.746875 0.2609375 0.0515625 0.05
1 0.909375 0.2140625 0.0609375 0.0484375
1 0.459375 0.1578125 0.0234375 0.04375
1 0.4859375 0.1484375 0.0296875 0.0375