1 0.1875 0.434375 0.1171875 0.0859375
1 0.303125 0.378125 0.1046875 0.0625
1 0.4140625 0.321875 0.0734375 0.078125
1 0.5 0.2984375 0.0734375 0.059375
1 0.50625 0.3625 0.0625 0.0671875
1 0.628125 0.278125 0.0609375 0.0734375
0 0.5453125 0.2109375 0.1328125 0.1171875
1 0.6921875 0.2921875 0.059375 0.09375
1 0.771875 0.2546875 0.05 0.0625
1 0.7171875 0.1875 0.0609375 0.0484375
0 0.8015625 0.1640625 0.1015625 0.078125
1 0.890625 0.2109375 0.0640625 0.0484375
1 0.23125 0.221875 0.0671875 0.0390625
1 0.321875 0.2171875 0.0671875 0.040625
1 0.425 0.21875 0.065625 0.0484375
1 0.5796875 0.7375 0.1765625 0.1875
1 0.3703125 0.1828125 0.0375 0.0359375
1 0.425 0.1515625 0.021875 0.0359375
1 0.4578125 0.1546875 0.01875 0.040625
0 0.275 0.8046875 0.55 0.390625
0 0.2125 0.178125 0.1296875 0.046875