1 0.2390625 0.7171875 0.2078125 0.140625
1 0.6453125 0.678125 0.1953125 0.1375
1 0.859375 0.7515625 0.2296875 0.1875
1 0.7421875 0.9015625 0.2765625 0.18125
1 0.3265625 0.8875 0.2359375 0.1703125
1 0.075 0.5125 0.15 0.1125
1 0.234375 0.4046875 0.1125 0.0796875
1 0.3515625 0.34375 0.1015625 0.078125
1 0.428125 0.29375 0.06875 0.06875
1 0.4765625 0.378125 0.0828125 0.096875
1 0.5890625 0.36875 0.075 0.096875
1 0.68125 0.36875 0.0640625 0.0859375
1 0.6875 0.2875 0.0640625 0.059375
1 0.728125 0.23125 0.0609375 0.05625
1 0.8578125 0.2171875 0.0484375 0.0578125
1 0.6296875 0.23125 0.0421875 0.0578125
1 0.7078125 0.1875 0.059375 0.0375
1 0.765625 0.171875 0.04375 0.05
1 0.9109375 0.1859375 0.0453125 0.046875
0 0.5359375 0.228125 0.1265625 0.1015625
1 0.2484375 0.2078125 0.0546875 0.053125
1 0.309375 0.1953125 0.05 0.0390625
1 0.3859375 0.19375 0.0609375 0.046875