1 0.1046875 0.453125 0.1390625 0.0734375
1 0.2375 0.39375 0.1140625 0.0734375
1 0.3625 0.3640625 0.0828125 0.071875
1 0.478125 0.45625 0.0859375 0.1171875
1 0.5296875 0.51875 0.1078125 0.1203125
1 0.6296875 0.4140625 0.09375 0.09375
1 0.7296875 0.28125 0.05 0.0734375
1 0.796875 0.225 0.0515625 0.0640625
1 0.85 0.1734375 0.0546875 0.0375
1 0.9109375 0.2015625 0.0546875 0.059375
1 0.4296875 0.2921875 0.0640625 0.0578125
1 0.55 0.3140625 0.053125 0.059375
1 0.6015625 0.34375 0.0640625 0.06875
1 0.6265625 0.2671875 0.059375 0.0578125
1 0.5640625 0.2484375 0.0609375 0.059375
1 0.359375 0.190625 0.065625 0.0421875
1 0.24375 0.203125 0.0578125 0.0484375
1 0.18125 0.1875 0.0453125 0.0375
1 0.1203125 0.1875 0.0390625 0.0484375
1 0.4234375 0.1765625 0.0484375 0.05
1 0.678125 0.1828125 0.0578125 0.05
0 0.7734375 0.134375 0.0859375 0.078125
1 0.915625 0.6765625 0.1640625 0.10625
1 0.8875 0.81875 0.2171875 0.2078125
1 0.0546875 0.8328125 0.1078125 0.171875
1 0.365625 0.7984375 0.2359375 0.071875
0 0.5484375 0.203125 0.1328125 0.1328125
1 0.478125 0.3640625 0.0765625 0.0875