1 0.1015625 0.46875 0.1296875 0.0765625
1 0.2375 0.4 0.1078125 0.0734375
1 0.35 0.3390625 0.0875 0.0640625
1 0.4296875 0.2984375 0.0609375 0.05625
1 0.3671875 0.2125 0.053125 0.0375
1 0.3109375 0.203125 0.0453125 0.046875
1 0.24375 0.2140625 0.059375 0.05625
1 0.2796875 0.1625 0.0328125 0.0421875
1 0.3671875 0.4390625 0.1 0.090625
1 0.4796875 0.36875 0.0765625 0.090625
1 0.4765625 0.45625 0.075 0.0921875
1 0.525 0.528125 0.1078125 0.1359375
1 0.6359375 0.6453125 0.15625 0.171875
1 0.60625 0.8296875 0.2421875 0.171875
1 0.909375 0.65 0.178125 0.1328125
1 0.9265625 0.778125 0.146875 0.1078125
1 0.0875 0.7078125 0.1734375 0.1078125
1 0.6125 0.434375 0.08125 0.1015625
1 0.6796875 0.35625 0.0640625 0.090625
1 0.7546875 0.3015625 0.0546875 0.08125
0 0.75625 0.221875 0.096875 0.08125
0 0.9265625 0.14375 0.1140625 0.0765625
1 0.553125 0.321875 0.0640625 0.0734375
1 0.5875 0.3578125 0.0609375 0.0609375
1 0.6453125 0.3078125 0.0546875 0.0609375
1 0.6203125 0.2625 0.0484375 0.0609375
1 0.68125 0.1765625 0.05625 0.053125
1 0.571875 0.24375 0.0515625 0.0625
1 0.1671875 0.2171875 0.059375 0.0484375
1 0.3921875 0.1484375 0.0234375 0.0265625
1 0.3390625 0.15625 0.0328125 0.0359375
1 0.81875 0.16875 0.0578125 0.0515625
0 0.128125 0.190625 0.1484375 0.0765625
0 0.509375 0.15625 0.1453125 0.090625