1 0.2390625 0.3875 0.115625 0.090625
1 0.103125 0.45625 0.1421875 0.0734375
1 0.3515625 0.3421875 0.0859375 0.078125
1 0.425 0.2921875 0.06875 0.08125
1 0.346875 0.4671875 0.1109375 0.1125
1 0.4796875 0.4515625 0.096875 0.10625
1 0.4765625 0.3609375 0.0953125 0.0796875
1 0.440625 0.5859375 0.1359375 0.146875
1 0.4921875 0.70625 0.13125 0.1375
1 0.6578125 0.7734375 0.2078125 0.1625
1 0.8453125 0.6484375 0.1640625 0.1796875
1 0.85625 0.2328125 0.0546875 0.05625
1 0.6125 0.4296875 0.1 0.109375
1 0.6796875 0.35 0.0671875 0.0875
1 0.753125 0.3 0.0546875 0.0703125
1 0.7828125 0.228125 0.05625 0.0625
1 0.903125 0.1703125 0.0640625 0.0296875
1 0.9203125 0.2109375 0.0453125 0.0609375
1 0.359375 0.2 0.059375 0.040625
1 0.2703125 0.2109375 0.059375 0.0375
1 0.178125 0.203125 0.053125 0.0484375
1 0.26875 0.1578125 0.0375 0.046875
1 0.540625 0.321875 0.0578125 0.0640625
1 0.6171875 0.265625 0.0421875 0.0578125
1 0.7078125 0.2375 0.0921875 0.0671875
0 0.103125 0.1828125 0.175 0.096875
0 0.375 0.1578125 0.1421875 0.090625
0 0.546875 0.20625 0.1515625 0.1484375
1 0.58125 0.2375 0.0609375 0.0734375