1 0.3515625 0.78125 0.1796875 0.25625
1 0.8703125 0.7484375 0.2390625 0.1921875
1 0.5609375 0.503125 0.0953125 0.14375
1 0.428125 0.503125 0.1171875 0.14375
1 0.30625 0.515625 0.121875 0.1375
1 0.2390625 0.3953125 0.1125 0.071875
1 0.10625 0.4421875 0.1359375 0.071875
1 0.4171875 0.340625 0.0765625 0.0734375
1 0.6265625 0.328125 0.06875 0.08125
1 0.7390625 0.3453125 0.046875 0.0921875
1 0.7875 0.26875 0.0578125 0.0671875
1 0.85 0.240625 0.0515625 0.0625
1 0.7953125 0.1875 0.065625 0.05
1 0.8765625 0.1515625 0.053125 0.05
1 0.9296875 0.184375 0.0515625 0.046875
1 0.525 0.271875 0.059375 0.0671875
1 0.34375 0.334375 0.059375 0.0734375
1 0.434375 0.2859375 0.0609375 0.053125
1 0.421875 0.1890625 0.0640625 0.0484375
1 0.2765625 0.19375 0.0625 0.046875
1 0.184375 0.2125 0.0578125 0.0375
1 0.69375 0.253125 0.0890625 0.10625
1 0.684375 0.175 0.0625 0.040625
1 0.63125 0.21875 0.0328125 0.05
1 0.5703125 0.2984375 0.053125 0.0765625
0 0.1125 0.1671875 0.1640625 0.0609375
0 0.721875 0.121875 0.1515625 0.09375
0 0.375 0.1578125 0.1375 0.0828125