1 0.1015625 0.8734375 0.1546875 0.253125
1 0.4375 0.7984375 0.0984375 0.221875
1 0.9328125 0.8328125 0.1328125 0.253125
1 0.7109375 0.4921875 0.0703125 0.1078125
1 0.959375 0.5078125 0.08125 0.109375
1 0.7078125 0.3171875 0.046875 0.0875
1 0.771875 0.271875 0.0609375 0.090625
1 0.615625 0.2609375 0.0390625 0.0625
1 0.70625 0.2375 0.0359375 0.0515625
1 0.9734375 0.2609375 0.0453125 0.0671875
1 0.34375 0.3375 0.0515625 0.08125
1 0.0546875 0.6 0.1078125 0.1859375
0 0.1875 0.346875 0.1984375 0.271875
1 0.303125 0.2484375 0.0328125 0.0609375
1 0.384375 0.2390625 0.0328125 0.053125
1 0.3265625 0.1921875 0.03125 0.053125
1 0.35625 0.2109375 0.0296875 0.0515625
1 0.4546875 0.18125 0.0234375 0.0421875
1 0.4171875 0.1734375 0.021875 0.0328125
1 0.5046875 0.2125 0.0296875 0.0484375
1 0.58125 0.1890625 0.0265625 0.0421875
1 0.596875 0.1421875 0.0171875 0.0421875
1 0.6453125 0.1765625 0.040625 0.0765625
1 0.8890625 0.1765625 0.046875 0.046875
1 0.96875 0.1921875 0.046875 0.04375
1 0.0609375 0.20625 0.0484375 0.04375