1 0.4453125 0.7984375 0.0921875 0.2140625
1 0.765625 0.840625 0.1484375 0.2609375
1 0.6390625 0.3921875 0.0640625 0.0875
1 0.7265625 0.3828125 0.065625 0.0921875
1 0.940625 0.48125 0.1171875 0.13125
0 0.7390625 0.228125 0.103125 0.153125
1 0.9796875 0.221875 0.0375 0.0484375
1 0.9671875 0.1828125 0.05 0.040625
1 0.884375 0.171875 0.059375 0.04375
1 0.328125 0.3515625 0.0484375 0.078125
1 0.3703125 0.2734375 0.0390625 0.071875
1 0.5015625 0.2078125 0.0453125 0.053125
1 0.6203125 0.2734375 0.0484375 0.0671875
1 0.6484375 0.2078125 0.034375 0.05
1 0.6 0.20625 0.028125 0.05625
1 0.2140625 0.46875 0.0859375 0.109375
1 0.2859375 0.8203125 0.13125 0.2359375
1 0.0515625 0.7859375 0.0953125 0.3078125
1 0.184375 0.3640625 0.0703125 0.0765625
1 0.2859375 0.3109375 0.0421875 0.078125
1 0.3265625 0.2609375 0.0296875 0.05625
1 0.2734375 0.2515625 0.0375 0.0515625
1 0.3171875 0.20625 0.0296875 0.0421875
1 0.3546875 0.20625 0.0296875 0.0671875
1 0.396875 0.2125 0.028125 0.0484375
1 0.3890625 0.1640625 0.0265625 0.0359375
1 0.45625 0.1890625 0.0203125 0.0390625
1 0.409375 0.178125 0.028125 0.0390625
1 0.6125 0.1390625 0.0171875 0.0328125
1 0.6578125 0.1609375 0.021875 0.0359375