1 0.2765625 0.4234375 0.0703125 0.10625
1 0.284375 0.8390625 0.1203125 0.2328125
1 0.4390625 0.79375 0.1015625 0.23125
1 0.7046875 0.6328125 0.0984375 0.1578125
1 0.85 0.5734375 0.1140625 0.146875
0 0.9234375 0.3578125 0.153125 0.296875
1 0.7171875 0.390625 0.0796875 0.09375
1 0.18125 0.6140625 0.125 0.1671875
1 0.221875 0.3828125 0.0984375 0.1109375
1 0.0453125 0.8671875 0.0890625 0.2484375
1 0.33125 0.2875 0.0390625 0.090625
1 0.6078125 0.2765625 0.0453125 0.1
1 0.6546875 0.2640625 0.0375 0.0671875
0 0.7046875 0.1984375 0.10625 0.1390625
1 0.6109375 0.19375 0.04375 0.0421875
1 0.5046875 0.2125 0.0515625 0.0671875
1 0.4703125 0.21875 0.0359375 0.0609375
1 0.43125 0.2140625 0.0421875 0.06875
1 0.365625 0.203125 0.0421875 0.06875
1 0.4 0.175 0.028125 0.0578125
0 0.2453125 0.246875 0.134375 0.15
1 0.1828125 0.1859375 0.053125 0.0671875
1 0.575 0.16875 0.0296875 0.046875
1 0.825 0.1640625 0.05625 0.05625
1 0.9015625 0.1703125 0.0484375 0.04375
1 0.9703125 0.1875 0.0484375 0.046875
1 0.6 0.1515625 0.0359375 0.040625
1 0.590625 0.1265625 0.0296875 0.0328125
1 0.559375 0.1265625 0.0296875 0.0234375
1 0.3390625 0.1515625 0.0265625 0.0328125
1 0.378125 0.13125 0.0453125 0.0703125
1 0.4109375 0.153125 0.0203125 0.0328125
1 0.446875 0.121875 0.01875 0.0265625
1 0.4609375 0.1515625 0.0171875 0.0234375
1 0.4375 0.1609375 0.0265625 0.0328125
1 0.5578125 0.1046875 0.015625 0.0296875
1 0.603125 0.0984375 0.0328125 0.05625