1 0.4390625 0.7875 0.0859375 0.240625
1 0.28125 0.8109375 0.1140625 0.2375
1 0.7921875 0.79375 0.1578125 0.2375
1 0.7953125 0.5265625 0.1234375 0.1625
0 0.6546875 0.3484375 0.1078125 0.1984375
1 0.821875 0.3421875 0.0765625 0.1109375
1 0.1828125 0.46875 0.0859375 0.13125
0 0.1046875 0.384375 0.196875 0.271875
1 0.2984375 0.2796875 0.0515625 0.103125
1 0.3609375 0.228125 0.0390625 0.0703125
1 0.50625 0.2125 0.0296875 0.06875
1 0.4703125 0.221875 0.025 0.0703125
1 0.434375 0.215625 0.0171875 0.0796875
1 0.40625 0.221875 0.0265625 0.06875
1 0.5890625 0.2171875 0.03125 0.0640625
1 0.6578125 0.2328125 0.0609375 0.0671875
0 0.9109375 0.1484375 0.1671875 0.0859375