1 0.284375 0.828125 0.1515625 0.2515625
1 0.4375 0.8046875 0.1078125 0.2421875
1 0.1390625 0.5203125 0.1140625 0.159375
1 0.125 0.44375 0.1015625 0.1015625
1 0.6296875 0.2921875 0.0609375 0.071875
1 0.946875 0.4703125 0.1015625 0.14375
1 0.9515625 0.21875 0.06875 0.0796875
1 0.4171875 0.2421875 0.05 0.059375
1 0.3875 0.203125 0.0296875 0.0484375
1 0.340625 0.1890625 0.0234375 0.0390625
1 0.278125 0.1703125 0.03125 0.0390625
1 0.3046875 0.153125 0.0296875 0.0390625
1 0.334375 0.1515625 0.0203125 0.028125
1 0.4328125 0.2078125 0.0390625 0.0640625
1 0.4671875 0.2125 0.0328125 0.0484375
1 0.5 0.2046875 0.0359375 0.04375
1 0.409375 0.1671875 0.0234375 0.0390625
1 0.3875 0.1546875 0.0265625 0.0328125
1 0.3234375 0.1375 0.021875 0.0234375
1 0.490625 0.1875 0.0265625 0.0375
1 0.4453125 0.178125 0.0265625 0.0296875
1 0.453125 0.19375 0.025 0.0375
1 0.425 0.121875 0.0203125 0.0203125
1 0.5921875 0.2140625 0.034375 0.05
1 0.6140625 0.18125 0.034375 0.0375
0 0.6859375 0.134375 0.109375 0.0734375
1 0.6078125 0.1453125 0.0265625 0.028125
1 0.5671875 0.1453125 0.0234375 0.0296875
1 0.603125 0.1234375 0.025 0.0265625
1 0.5625 0.1109375 0.03125 0.0484375
1 0.4390625 0.1625 0.021875 0.0203125
1 0.6875 0.2484375 0.0421875 0.0765625
1 0.7984375 0.1625 0.0640625 0.05