1 0.1375 0.8765625 0.25625 0.2015625
1 0.5 0.7265625 0.265625 0.19375
1 0.796875 0.8375 0.2328125 0.2359375
1 0.565625 0.45625 0.0890625 0.15625
1 0.628125 0.3734375 0.0859375 0.140625
1 0.7265625 0.30625 0.0703125 0.1515625
1 0.828125 0.2234375 0.0453125 0.078125
1 0.65625 0.1734375 0.0796875 0.09375
1 0.5484375 0.1703125 0.0515625 0.0328125
1 0.471875 0.178125 0.0640625 0.0625
1 0.4109375 0.1734375 0.0765625 0.05625
1 0.325 0.1859375 0.0765625 0.0703125
1 0.35625 0.4375 0.1046875 0.1375
1 0.4671875 0.4359375 0.065625 0.153125
0 0.484375 0.290625 0.19375 0.159375
1 0.2453125 0.36875 0.0921875 0.0984375
1 0.1828125 0.4578125 0.1453125 0.1203125
1 0.09375 0.4296875 0.06875 0.1375
1 0.1671875 0.3390625 0.0796875 0.0984375