1 0.328125 0.8578125 0.2578125 0.2375
1 0.6515625 0.7703125 0.2171875 0.2109375
1 0.89375 0.6859375 0.2125 0.140625
1 0.3140625 0.6625 0.23125 0.178125
1 0.5625 0.4765625 0.0921875 0.1609375
1 0.6296875 0.3796875 0.0734375 0.1328125
1 0.7265625 0.3109375 0.053125 0.14375
1 0.903125 0.2109375 0.0640625 0.06875
0 0.853125 0.15625 0.1546875 0.0765625
1 0.3375 0.4578125 0.1078125 0.1328125
1 0.265625 0.4265625 0.0828125 0.078125
1 0.084375 0.4515625 0.1671875 0.128125
1 0.2734375 0.2078125 0.0609375 0.09375
1 0.359375 0.2 0.0671875 0.0703125
0 0.484375 0.3140625 0.2078125 0.209375
1 0.4734375 0.4484375 0.090625 0.15