1 0.484375 0.675 0.2125 0.1875
1 0.7765625 0.6546875 0.2171875 0.1609375
1 0.8984375 0.8359375 0.2 0.1734375
1 0.553125 0.4828125 0.0984375 0.1734375
1 0.4640625 0.4515625 0.084375 0.1328125
1 0.303125 0.5078125 0.1078125 0.1578125
1 0.1125 0.5078125 0.15 0.1015625
1 0.090625 0.4359375 0.146875 0.0875
0 0.3859375 0.1734375 0.171875 0.096875
1 0.7234375 0.30625 0.0515625 0.08125
1 0.621875 0.3859375 0.065625 0.109375
0 0.471875 0.328125 0.20625 0.2078125
1 0.7734375 0.271875 0.0515625 0.1
1 0.815625 0.2515625 0.0515625 0.0984375
1 0.284375 0.321875 0.0890625 0.0671875