1 0.3375 0.8328125 0.15 0.3265625
1 0.35 0.553125 0.1046875 0.1765625
1 0.3421875 0.453125 0.090625 0.0984375
1 0.615625 0.4140625 0.0671875 0.11875
1 0.784375 0.6765625 0.209375 0.18125
1 0.11875 0.5 0.146875 0.1140625
1 0.08125 0.440625 0.1390625 0.0984375
1 0.2515625 0.3796875 0.1203125 0.0875
0 0.1578125 0.1765625 0.165625 0.0625
1 0.390625 0.3625 0.0875 0.09375
1 0.534375 0.321875 0.0671875 0.103125
1 0.60625 0.3265625 0.0453125 0.0859375
1 0.7078125 0.3109375 0.0453125 0.0859375
1 0.7953125 0.2546875 0.03125 0.0765625
0 0.7390625 0.1359375 0.1484375 0.09375
1 0.640625 0.190625 0.0734375 0.0671875
1 0.509375 0.18125 0.059375 0.046875
1 0.4015625 0.1921875 0.0609375 0.0515625
1 0.315625 0.2140625 0.0890625 0.0671875