1 0.4109375 0.7390625 0.16875 0.2
1 0.3515625 0.6140625 0.109375 0.1734375
1 0.325 0.4796875 0.1 0.1203125
1 0.1265625 0.5125 0.1453125 0.10625
1 0.0875 0.45625 0.1328125 0.0828125
1 0.2421875 0.3734375 0.1265625 0.0640625
1 0.690625 0.3109375 0.0765625 0.1203125
1 0.7734375 0.2421875 0.0515625 0.103125
1 0.5609375 0.3125 0.0640625 0.1234375
1 0.465625 0.33125 0.053125 0.0875
1 0.40625 0.209375 0.0640625 0.0703125
1 0.196875 0.2328125 0.0328125 0.053125
1 0.35 0.1984375 0.0625 0.0515625
0 0.2484375 0.171875 0.140625 0.0828125