1 0.2359375 0.915625 0.1609375 0.16875
1 0.2921875 0.44375 0.115625 0.13125
1 0.125 0.5109375 0.1390625 0.1171875
1 0.0828125 0.446875 0.1453125 0.08125
1 0.2390625 0.38125 0.0984375 0.0671875
1 0.9171875 0.4609375 0.1390625 0.2171875
1 0.4578125 0.3234375 0.078125 0.109375
1 0.521875 0.2828125 0.05625 0.0828125
1 0.7265625 0.1984375 0.08125 0.071875
1 0.8171875 0.2359375 0.046875 0.071875
1 0.9015625 0.2125 0.0453125 0.059375
1 0.3125 0.20625 0.0859375 0.0734375
1 0.3953125 0.203125 0.0640625 0.0765625
1 0.35625 0.321875 0.0703125 0.0875
1 0.5796875 0.2625 0.0640625 0.078125
1 0.6140625 0.1875 0.084375 0.0609375
0 0.1703125 0.175 0.1421875 0.0765625
1 0.50625 0.1984375 0.0578125 0.0484375