1 0.2625 0.734375 0.1453125 0.2296875
1 0.134375 0.5171875 0.1515625 0.0859375
1 0.2859375 0.4375 0.1125 0.0828125
1 0.38125 0.3828125 0.0984375 0.0796875
1 0.4640625 0.328125 0.071875 0.0859375
1 0.521875 0.2890625 0.0609375 0.0703125
1 0.58125 0.259375 0.046875 0.05625
1 0.621875 0.2390625 0.0390625 0.059375
1 0.6453125 0.33125 0.0625 0.0859375
1 0.740625 0.26875 0.0640625 0.0625
1 0.865625 0.2203125 0.053125 0.0484375
0 0.7515625 0.1546875 0.1546875 0.0890625
1 0.740625 0.203125 0.0421875 0.0390625
1 0.8265625 0.2015625 0.0359375 0.05
1 0.9375 0.1890625 0.04375 0.053125
1 0.4171875 0.203125 0.0578125 0.040625
1 0.5125 0.19375 0.05625 0.0375
1 0.6375 0.1921875 0.0625 0.0578125
1 0.4875 0.15 0.0203125 0.0265625
1 0.4625 0.1546875 0.0265625 0.0375
1 0.428125 0.1515625 0.0234375 0.0265625
1 0.325 0.215625 0.0671875 0.0421875
1 0.20625 0.2234375 0.053125 0.040625
1 0.090625 0.453125 0.14375 0.109375
1 0.246875 0.390625 0.1046875 0.071875