1 0.365625 0.0671875 0.0484375 0.0390625
0 0.6609375 0.596875 0.565625 0.5296875
1 0.28125 0.3921875 0.1703125 0.2328125
1 0.1625 0.3984375 0.0703125 0.1
1 0.09375 0.334375 0.0640625 0.090625
0 0.4578125 0.203125 0.2640625 0.1609375
1 0.6859375 0.3 0.1171875 0.10625
1 0.878125 0.2015625 0.0703125 0.1171875
0 0.678125 0.196875 0.340625 0.2109375
1 0.8515625 0.0703125 0.0984375 0.09375
1 0.7484375 0.0453125 0.0828125 0.0625
1 0.609375 0.0828125 0.0640625 0.0421875
1 0.525 0.071875 0.0625 0.05625
1 0.4625 0.0578125 0.04375 0.040625
1 0.28125 0.2140625 0.0578125 0.05
1 0.0359375 0.18125 0.028125 0.053125