0 0.6734375 0.56875 0.60625 0.54375
0 0.4546875 0.2203125 0.2671875 0.2125
0 0.6921875 0.2015625 0.334375 0.2421875
0 0.165625 0.1546875 0.1703125 0.10625
0 0.1421875 0.2546875 0.1734375 0.1625
0 0.28125 0.3765625 0.196875 0.25
0 0.0453125 0.2890625 0.084375 0.1734375
0 0.2265625 0.1171875 0.115625 0.121875
1 0.9046875 0.3609375 0.1828125 0.1765625
1 0.1625 0.3734375 0.103125 0.08125
1 0.096875 0.3328125 0.08125 0.1
1 0.553125 0.0734375 0.0609375 0.05625
1 0.746875 0.0375 0.0828125 0.0625
1 0.9453125 0.096875 0.096875 0.0984375
1 0.4515625 0.0890625 0.071875 0.0671875