1 0.1640625 0.3828125 0.084375 0.109375
1 0.278125 0.36875 0.1609375 0.2265625
0 0.665625 0.5953125 0.5734375 0.559375
1 0.775 0.371875 0.1609375 0.128125
1 0.925 0.3625 0.1453125 0.1625
1 0.2796875 0.221875 0.0625 0.0828125
1 0.090625 0.3390625 0.065625 0.0921875
1 0.465625 0.09375 0.0453125 0.046875
1 0.421875 0.071875 0.0546875 0.0484375
1 0.5953125 0.0421875 0.0515625 0.059375
1 0.7453125 0.03125 0.078125 0.05
1 0.74375 0.078125 0.084375 0.04375
1 0.8625 0.0515625 0.075 0.0578125
1 0.93125 0.1171875 0.1078125 0.0765625
1 0.8828125 0.1953125 0.0734375 0.1125
1 0.975 0.2046875 0.0484375 0.0671875
0 0.6796875 0.1953125 0.3171875 0.2109375
0 0.4453125 0.215625 0.2734375 0.1875