1 0.0953125 0.34375 0.0828125 0.090625
1 0.184375 0.3921875 0.0953125 0.109375
1 0.2671875 0.3421875 0.0984375 0.1015625
0 0.1484375 0.2734375 0.18125 0.1703125
0 0.40625 0.428125 0.228125 0.2859375
1 0.5671875 0.4390625 0.159375 0.19375
0 0.8515625 0.6484375 0.2953125 0.521875
1 0.7578125 0.4375 0.1671875 0.1609375
1 0.94375 0.3578125 0.1125 0.1390625
1 0.70625 0.315625 0.1578125 0.1328125
0 0.4765625 0.2359375 0.28125 0.19375
0 0.7 0.2046875 0.3421875 0.2203125
1 0.2796875 0.2421875 0.0671875 0.071875
0 0.16875 0.1625 0.1609375 0.0890625
1 0.075 0.1515625 0.0296875 0.040625
1 0.01875 0.19375 0.03125 0.040625
1 0.0359375 0.2921875 0.071875 0.13125
1 0.415625 0.0609375 0.0453125 0.0421875
1 0.3875 0.046875 0.0421875 0.0421875