1 0.421875 0.5125 0.1671875 0.1796875
1 0.5484375 0.4359375 0.1671875 0.1484375
1 0.7796875 0.4859375 0.1859375 0.2671875
1 0.39375 0.365625 0.1171875 0.1234375
1 0.2703125 0.3515625 0.1015625 0.1
0 0.0921875 0.321875 0.1765625 0.2203125
0 0.15 0.278125 0.175 0.1734375
1 0.315625 0.2546875 0.0875 0.0859375
1 0.48125 0.2734375 0.1140625 0.1078125
0 0.509375 0.1828125 0.265625 0.178125
1 0.8078125 0.19375 0.1203125 0.109375
1 0.7578125 0.1421875 0.0890625 0.08125
1 0.74375 0.05 0.0859375 0.08125
1 0.8640625 0.0421875 0.0921875 0.0703125
0 0.228125 0.1703125 0.209375 0.1171875
1 0.103125 0.16875 0.0359375 0.040625
1 0.0734375 0.153125 0.0265625 0.0296875
1 0.0453125 0.1765625 0.0328125 0.03125
1 0.415625 0.05625 0.040625 0.0375
1 0.390625 0.0484375 0.0359375 0.0375