1 0.5546875 0.4421875 0.1796875 0.1671875
1 0.784375 0.4953125 0.2296875 0.228125
0 0.221875 0.409375 0.3421875 0.328125
1 0.39375 0.3515625 0.0984375 0.153125
1 0.4859375 0.3125 0.1234375 0.1078125
1 0.709375 0.321875 0.1421875 0.1359375
0 0.740625 0.228125 0.3578125 0.2171875
1 0.9546875 0.0796875 0.0890625 0.08125
1 0.7015625 0.103125 0.0828125 0.0625
1 0.74375 0.0359375 0.084375 0.0640625
1 0.8640625 0.0375 0.084375 0.0734375
1 0.6109375 0.0421875 0.0796875 0.08125
1 0.2828125 0.2328125 0.0859375 0.0859375
0 0.309375 0.1765625 0.2453125 0.1390625
1 0.4171875 0.0578125 0.0484375 0.053125
1 0.509375 0.1328125 0.065625 0.0625
1 0.26875 0.0515625 0.0359375 0.0359375
1 0.0984375 0.153125 0.0390625 0.0421875
1 0.1296875 0.134375 0.040625 0.04375