1 0.3890625 0.3671875 0.15 0.159375
1 0.540625 0.434375 0.1359375 0.1484375
1 0.5828125 0.2734375 0.1375 0.13125
0 0.8015625 0.5875 0.3953125 0.5640625
1 0.465625 0.221875 0.0984375 0.078125
1 0.2984375 0.2390625 0.0953125 0.0859375
1 0.2734375 0.346875 0.10625 0.1328125
0 0.1453125 0.28125 0.1765625 0.1671875
1 0.08125 0.36875 0.0984375 0.1140625
1 0.1578125 0.1921875 0.0609375 0.0765625
1 0.2390625 0.1328125 0.0484375 0.071875
0 0.346875 0.1328125 0.178125 0.1078125
1 0.4578125 0.1328125 0.06875 0.0828125
1 0.534375 0.171875 0.075 0.0640625
1 0.60625 0.1421875 0.08125 0.090625
1 0.7046875 0.1859375 0.1 0.1
1 0.7546875 0.153125 0.0859375 0.0765625
1 0.8625 0.1984375 0.11875 0.109375
1 0.9140625 0.1671875 0.1109375 0.103125
1 0.8578125 0.04375 0.0890625 0.0609375
1 0.5984375 0.090625 0.0921875 0.078125
1 0.546875 0.06875 0.06875 0.05625
0 0.69375 0.0625 0.2109375 0.1078125
1 0.021875 0.1984375 0.0328125 0.0625
1 0.0484375 0.1796875 0.0375 0.053125
1 0.0921875 0.1734375 0.03125 0.046875