0 0.3546875 0.45 0.4296875 0.3671875
1 0.7921875 0.48125 0.1953125 0.253125
1 0.9515625 0.7359375 0.096875 0.278125
1 0.940625 0.4390625 0.11875 0.184375
1 0.584375 0.4375 0.0953125 0.2171875
1 0.5296875 0.309375 0.140625 0.13125
1 0.634375 0.259375 0.1109375 0.1234375
1 0.871875 0.19375 0.1171875 0.09375
1 0.7328125 0.1828125 0.1046875 0.090625
1 0.584375 0.1765625 0.1 0.078125
0 0.1515625 0.26875 0.1921875 0.1359375
1 0.3109375 0.1578125 0.0546875 0.078125
1 0.659375 0.1375 0.065625 0.05625
0 0.9328125 0.06875 0.134375 0.1375
1 0.7796875 0.109375 0.1046875 0.0640625
0 0.4328125 0.1375 0.1859375 0.1484375