1 0.390625 0.371875 0.1234375 0.1828125
1 0.4390625 0.3 0.1234375 0.1359375
1 0.6078125 0.3546875 0.1515625 0.1515625
1 0.5515625 0.4359375 0.1625 0.1703125
1 0.18125 0.503125 0.1515625 0.1859375
1 0.0390625 0.3984375 0.0765625 0.10625
1 0.2703125 0.34375 0.1046875 0.1234375
1 0.365625 0.190625 0.11875 0.1421875
0 0.146875 0.2875 0.1859375 0.209375
1 0.84375 0.3734375 0.2234375 0.1734375
0 0.4421875 0.1296875 0.196875 0.128125
1 0.590625 0.171875 0.0859375 0.08125
1 0.721875 0.184375 0.1234375 0.096875
0 0.8203125 0.0484375 0.328125 0.096875
1 0.0203125 0.2734375 0.040625 0.0828125
1 0.040625 0.1875 0.0453125 0.0640625
1 0.071875 0.1609375 0.03125 0.053125
1 0.1015625 0.171875 0.040625 0.040625
1 0.146875 0.128125 0.0375 0.053125
1 0.24375 0.153125 0.05625 0.059375
1 0.1953125 0.1515625 0.0453125 0.0578125
0 0.284375 0.0625 0.1109375 0.0796875
1 0.8625 0.1953125 0.1203125 0.109375
1 0.684375 0.096875 0.0734375 0.0875
0 0.840625 0.6328125 0.3171875 0.4578125