1 0.784375 0.853125 0.3234375 0.29375
1 0.19375 0.50625 0.1390625 0.1578125
1 0.1078125 0.375 0.0921875 0.1125
1 0.5515625 0.4328125 0.1703125 0.171875
1 0.7859375 0.4921875 0.2046875 0.2375
1 0.609375 0.3546875 0.1390625 0.140625
1 0.3921875 0.371875 0.109375 0.16875
1 0.459375 0.309375 0.1203125 0.1296875
0 0.146875 0.278125 0.1875 0.1734375
1 0.26875 0.340625 0.1109375 0.13125
1 0.2734375 0.2734375 0.0921875 0.0890625
1 0.328125 0.2453125 0.0765625 0.0859375
1 0.3890625 0.21875 0.0734375 0.0875
1 0.5890625 0.178125 0.0953125 0.0734375
1 0.7203125 0.1875 0.128125 0.090625
1 0.9234375 0.309375 0.153125 0.1390625
1 0.8640625 0.203125 0.13125 0.0984375
1 0.890625 0.11875 0.1125 0.08125
1 0.7390625 0.0390625 0.084375 0.0703125
1 0.60625 0.0859375 0.0890625 0.05625
0 0.45 0.128125 0.1890625 0.1484375
1 0.3140625 0.1546875 0.0625 0.0640625
1 0.24375 0.1484375 0.0484375 0.0609375
1 0.1921875 0.15 0.05 0.0625
0 0.2109375 0.071875 0.103125 0.0703125