1 0.559375 0.44375 0.178125 0.1703125
1 0.7796875 0.4984375 0.2296875 0.2828125
1 0.975 0.60625 0.0484375 0.1921875
1 0.978125 0.2046875 0.04375 0.115625
1 0.8609375 0.1984375 0.1390625 0.109375
1 0.7140625 0.18125 0.1140625 0.0875
1 0.6140625 0.3578125 0.1421875 0.13125
1 0.84375 0.40625 0.2265625 0.1875
1 0.4625 0.3109375 0.1296875 0.121875
1 0.396875 0.384375 0.1375 0.1984375
1 0.2625 0.3484375 0.0953125 0.109375
1 0.328125 0.26875 0.1109375 0.0765625
1 0.584375 0.1765625 0.0984375 0.078125
1 0.684375 0.090625 0.0921875 0.078125
0 0.1359375 0.2921875 0.1828125 0.1828125
0 0.4375 0.1359375 0.190625 0.13125
1 0.31875 0.1546875 0.0765625 0.0765625
1 0.2421875 0.15 0.0578125 0.0484375
1 0.7390625 0.0375 0.071875 0.075
1 0.85625 0.0421875 0.0921875 0.06875