1 0.7171875 0.496875 0.2046875 0.1890625
1 0.8390625 0.415625 0.2109375 0.2171875
1 0.83125 0.28125 0.1609375 0.1171875
1 0.4046875 0.371875 0.1140625 0.1515625
1 0.603125 0.3515625 0.1359375 0.1328125
1 0.1984375 0.415625 0.1109375 0.109375
1 0.2625 0.3453125 0.1 0.1265625
1 0.33125 0.2734375 0.0828125 0.0828125
1 0.45625 0.2890625 0.1109375 0.121875
1 0.58125 0.1734375 0.0984375 0.0921875
1 0.7140625 0.1875 0.1140625 0.0984375
1 0.8609375 0.1984375 0.1203125 0.0875
1 0.9234375 0.10625 0.0953125 0.08125
0 0.440625 0.1375 0.190625 0.1390625
1 0.571875 0.11875 0.0703125 0.0421875
1 0.6859375 0.096875 0.090625 0.05625
1 0.7796875 0.0828125 0.0765625 0.0640625
1 0.8484375 0.04375 0.0671875 0.0609375
1 0.7328125 0.0359375 0.0703125 0.0703125
1 0.284375 0.1984375 0.059375 0.0671875
1 0.309375 0.1515625 0.0609375 0.059375
1 0.234375 0.1515625 0.0515625 0.0625
1 0.121875 0.1671875 0.0328125 0.053125
0 0.1296875 0.2765625 0.1484375 0.153125