1 0.55 0.44375 0.1796875 0.19375
1 0.8390625 0.6921875 0.2984375 0.2890625
1 0.3015625 0.3625 0.1296875 0.1375
1 0.175 0.3125 0.0953125 0.0984375
1 0.053125 0.3109375 0.0921875 0.078125
1 0.603125 0.346875 0.1390625 0.13125
1 0.446875 0.3046875 0.1265625 0.1296875
1 0.321875 0.2765625 0.1078125 0.10625
1 0.515625 0.228125 0.1078125 0.1109375
1 0.7109375 0.2953125 0.121875 0.128125
1 0.7046875 0.171875 0.140625 0.1078125
1 0.86875 0.1484375 0.1234375 0.1125
1 0.853125 0.0359375 0.0984375 0.0671875
1 0.7328125 0.03125 0.0984375 0.05
1 0.4953125 0.15625 0.0921875 0.0734375
1 0.35 0.146875 0.0765625 0.059375
1 0.3828125 0.115625 0.075 0.078125
1 0.228125 0.1421875 0.0703125 0.0640625
1 0.2390625 0.259375 0.0703125 0.071875
1 0.121875 0.2390625 0.0546875 0.053125
1 0.0859375 0.1546875 0.0484375 0.0609375
1 0.034375 0.21875 0.0390625 0.0640625
0 0.8734375 0.4859375 0.2515625 0.38125