1 0.0953125 0.2484375 0.090625 0.0703125
1 0.175 0.2875 0.1046875 0.0875
1 0.10625 0.6640625 0.209375 0.1578125
1 0.3921875 0.678125 0.2203125 0.190625
1 0.75625 0.6796875 0.2484375 0.2
1 0.715625 0.50625 0.1234375 0.171875
1 0.66875 0.253125 0.0921875 0.1328125
1 0.71875 0.3859375 0.075 0.11875
1 0.7515625 0.3171875 0.0578125 0.109375
1 0.203125 0.2171875 0.0609375 0.059375
1 0.2609375 0.2203125 0.0734375 0.0625
1 0.2953125 0.196875 0.0609375 0.0515625
1 0.346875 0.2078125 0.0734375 0.0625
1 0.4359375 0.1828125 0.0859375 0.059375
1 0.525 0.1625 0.0671875 0.0671875
1 0.5484375 0.1265625 0.053125 0.05625
1 0.7546875 0.1640625 0.0640625 0.0734375
1 0.9171875 0.18125 0.0828125 0.0734375
0 0.84375 0.0796875 0.190625 0.1
1 0.6984375 0.13125 0.059375 0.059375
1 0.609375 0.1296875 0.059375 0.0625
1 0.6609375 0.1140625 0.053125 0.0640625