1 0.5109375 0.803125 0.2390625 0.2125
1 0.90625 0.65625 0.184375 0.2015625
1 0.9140625 0.86875 0.171875 0.2265625
1 0.1140625 0.8125 0.21875 0.196875
0 0.496875 0.1734375 0.1921875 0.1140625
1 0.6640625 0.2609375 0.0609375 0.103125
1 0.721875 0.503125 0.0890625 0.1765625
1 0.728125 0.353125 0.0578125 0.0921875
1 0.7640625 0.2890625 0.0484375 0.09375
1 0.775 0.159375 0.05 0.04375
1 0.3484375 0.2125 0.065625 0.0640625
1 0.259375 0.228125 0.0578125 0.0515625
1 0.046875 0.3515625 0.0921875 0.0875
1 0.2046875 0.24375 0.0515625 0.0578125
1 0.0953125 0.265625 0.0984375 0.0640625
1 0.1578125 0.19375 0.05625 0.0578125
1 0.715625 0.1328125 0.0546875 0.05625
1 0.9046875 0.171875 0.06875 0.0640625