1 0.278125 0.73125 0.225 0.1640625
1 0.43125 0.9203125 0.2703125 0.159375
1 0.8671875 0.6140625 0.159375 0.23125
1 0.8890625 0.86875 0.2203125 0.2234375
1 0.70625 0.48125 0.0765625 0.1875
1 0.740625 0.321875 0.0578125 0.109375
1 0.775 0.2359375 0.05625 0.10625
1 0.6734375 0.246875 0.071875 0.1265625
1 0.5828125 0.1828125 0.0734375 0.071875
1 0.4734375 0.221875 0.0765625 0.059375
1 0.390625 0.2 0.075 0.0484375
1 0.2328125 0.2375 0.084375 0.05625
1 0.1578125 0.1890625 0.053125 0.0484375
1 0.03125 0.7875 0.0625 0.18125
1 0.5234375 0.1671875 0.0546875 0.028125
1 0.659375 0.121875 0.04375 0.053125
1 0.7109375 0.090625 0.0296875 0.05625
1 0.865625 0.1765625 0.0609375 0.078125