1 0.4859375 0.775 0.2578125 0.2125
1 0.084375 0.8078125 0.1640625 0.203125
1 0.325 0.271875 0.0984375 0.08125
1 0.20625 0.2390625 0.0765625 0.0578125
1 0.4328125 0.1890625 0.0703125 0.0625
1 0.5703125 0.203125 0.0859375 0.08125
1 0.6671875 0.246875 0.078125 0.1140625
1 0.7140625 0.5375 0.0953125 0.153125
1 0.875 0.628125 0.1546875 0.2203125
1 0.93125 0.8375 0.1375 0.24375
1 0.7078125 0.4109375 0.0765625 0.1140625
1 0.725 0.315625 0.0609375 0.103125
1 0.7625 0.2640625 0.0484375 0.0828125
1 0.8015625 0.2265625 0.0390625 0.0734375
1 0.846875 0.1734375 0.0546875 0.05625
1 0.8828125 0.103125 0.06875 0.04375
1 0.9296875 0.1625 0.0640625 0.059375
1 0.6625 0.1109375 0.040625 0.046875
1 0.615625 0.10625 0.0421875 0.046875
1 0.465625 0.11875 0.0453125 0.040625
1 0.384375 0.128125 0.046875 0.0421875
1 0.315625 0.140625 0.0453125 0.05
1 0.215625 0.1703125 0.0453125 0.0484375
1 0.1546875 0.1859375 0.0609375 0.053125