1 0.496875 0.8375 0.2890625 0.2390625
1 0.18125 0.765625 0.2296875 0.1703125
1 0.24375 0.30625 0.0984375 0.0828125
1 0.071875 0.265625 0.1046875 0.0734375
1 0.15625 0.19375 0.059375 0.0578125
1 0.715625 0.5515625 0.0890625 0.1578125
1 0.8703125 0.6234375 0.1546875 0.2203125
1 0.8921875 0.9046875 0.215625 0.190625
1 0.7046875 0.4234375 0.0921875 0.121875
1 0.7203125 0.3234375 0.0671875 0.1125
1 0.75625 0.271875 0.0484375 0.0796875
1 0.8015625 0.2390625 0.05 0.0859375
1 0.8234375 0.196875 0.046875 0.059375
1 0.8734375 0.1734375 0.059375 0.05625
1 0.9546875 0.159375 0.0796875 0.059375
1 0.86875 0.109375 0.0671875 0.05
1 0.7484375 0.1640625 0.078125 0.05
1 0.6703125 0.2484375 0.0765625 0.121875
1 0.55 0.196875 0.0953125 0.0734375
1 0.6140625 0.103125 0.0390625 0.046875
1 0.75 0.103125 0.053125 0.05
0 0.415625 0.1390625 0.16875 0.1234375
1 0.2109375 0.1703125 0.04375 0.0484375