1 0.703125 0.5015625 0.0796875 0.1609375
1 0.840625 0.646875 0.1890625 0.2125
1 0.8578125 0.8765625 0.2828125 0.2421875
1 0.703125 0.3640625 0.0671875 0.1359375
1 0.7421875 0.29375 0.059375 0.09375
1 0.790625 0.24375 0.0515625 0.0796875
1 0.8171875 0.196875 0.046875 0.0609375
1 0.928125 0.1578125 0.0671875 0.05625
1 0.8609375 0.171875 0.0640625 0.0578125
1 0.659375 0.2515625 0.0875 0.1203125
1 0.5453125 0.1375 0.0484375 0.04375
1 0.640625 0.1078125 0.0375 0.0328125
1 0.696875 0.078125 0.0359375 0.046875
1 0.4 0.1015625 0.028125 0.0421875
1 0.0421875 0.271875 0.078125 0.0796875
1 0.2171875 0.1671875 0.0546875 0.046875
1 0.259375 0.146875 0.0390625 0.0390625