1 0.7140625 0.5375 0.1078125 0.1984375
1 0.7265625 0.3734375 0.0765625 0.153125
1 0.665625 0.25625 0.0828125 0.153125
1 0.2703125 0.35 0.11875 0.11875
1 0.44375 0.3390625 0.1046875 0.1015625
1 0.4140625 0.259375 0.0984375 0.103125
1 0.31875 0.2703125 0.078125 0.0859375
1 0.4921875 0.1859375 0.0578125 0.0609375
1 0.065625 0.303125 0.1109375 0.103125
1 0.2515625 0.18125 0.0640625 0.059375
1 0.3484375 0.1640625 0.0484375 0.059375
1 0.43125 0.1609375 0.0359375 0.0640625
1 0.08125 0.734375 0.1625 0.23125
1 0.771875 0.1015625 0.0421875 0.0703125
1 0.628125 0.15 0.0546875 0.0578125