1 0.1984375 0.40625 0.1484375 0.1015625
1 0.2828125 0.30625 0.1046875 0.0734375
1 0.3859375 0.378125 0.1015625 0.1171875
1 0.4578125 0.2578125 0.0921875 0.0640625
1 0.6609375 0.2671875 0.08125 0.11875
1 0.759375 0.575 0.1265625 0.228125
1 0.2359375 0.21875 0.059375 0.05625
0 0.375 0.1171875 0.1078125 0.090625
1 0.4015625 0.1578125 0.0328125 0.04375
1 0.3734375 0.1546875 0.0484375 0.0515625
1 0.40625 0.1328125 0.0359375 0.0390625
1 0.4625 0.203125 0.0578125 0.0421875
1 0.515625 0.20625 0.0546875 0.0578125
1 0.5546875 0.153125 0.0359375 0.05
1 0.6 0.1515625 0.0375 0.046875
1 0.471875 0.153125 0.0484375 0.0359375
1 0.659375 0.1390625 0.034375 0.05
1 0.74375 0.071875 0.0296875 0.040625
1 0.859375 0.1125 0.0421875 0.0515625
1 0.5953125 0.1203125 0.0359375 0.028125
1 0.64375 0.1046875 0.0265625 0.028125
1 0.675 0.10625 0.0234375 0.03125
1 0.4484375 0.1 0.028125 0.021875
0 0.4890625 0.06875 0.0765625 0.05
1 0.55 0.0546875 0.04375 0.040625
1 0.646875 0.0671875 0.021875 0.021875
1 0.559375 0.1015625 0.0296875 0.0359375
1 0.534375 0.109375 0.0328125 0.0375