1 0.2921875 0.2890625 0.0515625 0.1
1 0.3421875 0.2421875 0.0453125 0.0765625
1 0.39375 0.271875 0.0359375 0.08125
1 0.4546875 0.259375 0.040625 0.08125
1 0.4625 0.3953125 0.0828125 0.13125
1 0.3953125 0.46875 0.096875 0.1734375
1 0.6265625 0.6078125 0.1875 0.2140625
1 0.675 0.2765625 0.0734375 0.1125
1 0.7 0.1125 0.0390625 0.046875
1 0.475 0.196875 0.040625 0.05
1 0.421875 0.20625 0.0375 0.05625
1 0.3828125 0.190625 0.0296875 0.0484375
1 0.353125 0.184375 0.025 0.0609375
1 0.33125 0.1765625 0.0265625 0.040625
1 0.278125 0.19375 0.0421875 0.0421875
1 0.209375 0.2484375 0.06875 0.0640625
1 0.171875 0.2984375 0.075 0.08125
1 0.028125 0.3515625 0.0546875 0.0609375
1 0.01875 0.4046875 0.0359375 0.0765625
1 0.5359375 0.1328125 0.040625 0.05