1 0.3078125 0.5078125 0.084375 0.153125
1 0.546875 0.6484375 0.1609375 0.259375
1 0.521875 0.46875 0.1421875 0.1859375
1 0.6671875 0.278125 0.0984375 0.1359375
1 0.4671875 0.3328125 0.0671875 0.1125
1 0.421875 0.2984375 0.0546875 0.0734375
1 0.36875 0.3609375 0.075 0.13125
1 0.28125 0.3609375 0.0453125 0.09375
0 0.159375 0.3375 0.184375 0.2390625
1 0.0375 0.5609375 0.0734375 0.1859375
1 0.815625 0.859375 0.3078125 0.28125
1 0.8921875 0.696875 0.215625 0.26875
1 0.48125 0.2375 0.040625 0.0671875
1 0.4328125 0.2140625 0.0296875 0.0515625
1 0.3875 0.2453125 0.0390625 0.0640625
1 0.3421875 0.24375 0.0328125 0.0640625
1 0.2921875 0.215625 0.04375 0.046875
0 0.2015625 0.2265625 0.128125 0.103125
0 0.35625 0.1703125 0.0671875 0.0859375
1 0.4515625 0.178125 0.0359375 0.0609375
1 0.5140625 0.16875 0.0234375 0.0625