1 0.6078125 0.6109375 0.315625 0.2515625
1 0.9015625 0.8984375 0.196875 0.203125
1 0.475 0.878125 0.259375 0.2421875
1 0.0984375 0.8640625 0.196875 0.234375
1 0.9296875 0.4125 0.1390625 0.190625
1 0.8375 0.2640625 0.1328125 0.1265625
1 0.8828125 0.225 0.1078125 0.0921875
1 0.9546875 0.20625 0.0890625 0.109375
1 0.8140625 0.165625 0.103125 0.1125
1 0.7421875 0.1921875 0.1046875 0.1109375
1 0.6765625 0.1359375 0.0890625 0.090625
1 0.578125 0.109375 0.0828125 0.0734375
1 0.540625 0.175 0.1046875 0.103125
1 0.45625 0.203125 0.0953125 0.0984375
1 0.3015625 0.2078125 0.1046875 0.0875
1 0.240625 0.15625 0.08125 0.0765625
1 0.146875 0.1875 0.0703125 0.0828125
1 0.121875 0.1328125 0.071875 0.0765625
1 0.1609375 0.0515625 0.0609375 0.06875
1 0.4 0.078125 0.05625 0.0796875
1 0.465625 0.0921875 0.0625 0.0875
1 0.35625 0.0609375 0.0390625 0.05625
1 0.0265625 0.1625 0.0515625 0.090625