1 0.6859375 0.0140625 0.04375 0.0234375
1 0.8234375 0.14375 0.10625 0.08125
2 0.66875 0.4765625 0.053125 0.259375
2 0.9078125 0.5984375 0.059375 0.2390625
2 0.9484375 0.6515625 0.059375 0.2609375
2 0.625 0.9484375 0.071875 0.103125
2 0.6375 0.2203125 0.0265625 0.128125
2 0.734375 0.5703125 0.0609375 0.31875
2 0.65625 0.24375 0.0265625 0.1265625
2 0.74375 0.4015625 0.0421875 0.1296875
2 0.65 0.1453125 0.0234375 0.0875
2 0.6296875 0.090625 0.0125 0.071875
2 0.775 0.940625 0.0796875 0.115625
2 0.4703125 0.11875 0.0125 0.0609375
2 0.8109375 0.93125 0.05 0.1359375
2 0.6671875 0.0734375 0.0109375 0.034375
2 0.653125 0.084375 0.0140625 0.0515625
2 0.64375 0.0875 0.0125 0.06875
2 0.696875 0.7671875 0.065625 0.2765625