1 0.19375 0.1328125 0.0875 0.0828125
1 0.5515625 0.2734375 0.1390625 0.1328125
1 0.5953125 0.5984375 0.3046875 0.2359375
1 0.7328125 0.903125 0.3171875 0.1921875
1 0.5703125 0.1140625 0.0984375 0.103125
1 0.390625 0.0765625 0.0578125 0.0796875
1 0.465625 0.090625 0.065625 0.0734375
1 0.6640625 0.1234375 0.0859375 0.078125
1 0.728125 0.1859375 0.1125 0.1109375
1 0.834375 0.1828125 0.096875 0.0921875
1 0.940625 0.240625 0.11875 0.1
1 0.046875 0.10625 0.0765625 0.0828125
1 0.2671875 0.8734375 0.2546875 0.2484375