1 0.08125 0.8859375 0.1578125 0.228125
1 0.509375 0.8890625 0.2734375 0.221875
1 0.8859375 0.9109375 0.228125 0.178125
1 0.584375 0.6265625 0.2859375 0.2375
1 0.590625 0.3203125 0.1515625 0.1265625
1 0.325 0.278125 0.140625 0.1
1 0.05 0.2265625 0.1 0.078125
1 0.83125 0.1203125 0.0953125 0.0921875
0 0.9609375 0.05625 0.078125 0.1125
1 0.915625 0.0265625 0.0359375 0.0359375
1 0.334375 0.05625 0.0328125 0.04375
1 0.3578125 0.0390625 0.0234375 0.0375
1 0.303125 0.0578125 0.0328125 0.04375
1 0.26875 0.0625 0.0359375 0.0375
0 0.2546875 0.0359375 0.084375 0.0625