1 0.4265625 0.325 0.1453125 0.11875
1 0.171875 0.4109375 0.1703125 0.1390625
1 0.153125 0.875 0.2828125 0.2484375
1 0.628125 0.903125 0.3078125 0.19375
1 0.5765625 0.628125 0.30625 0.2765625
1 0.7984375 0.14375 0.1 0.078125
1 0.965625 0.2609375 0.06875 0.0921875
1 0.8484375 0.11875 0.0703125 0.05
1 0.9296875 0.0390625 0.11875 0.078125
1 0.35 0.128125 0.0765625 0.053125
1 0.134375 0.2171875 0.0984375 0.0875
1 0.0453125 0.203125 0.0890625 0.10625
1 0.2671875 0.053125 0.0296875 0.03125
1 0.303125 0.046875 0.0265625 0.0328125
1 0.3359375 0.04375 0.0234375 0.0359375
1 0.35625 0.028125 0.0265625 0.03125
0 0.2578125 0.034375 0.084375 0.06875