1 0.590625 0.6453125 0.3234375 0.2765625
0 0.88125 0.33125 0.2359375 0.2375
1 0.709375 0.2640625 0.13125 0.1203125
1 0.4453125 0.378125 0.1765625 0.146875
1 0.328125 0.2421875 0.146875 0.0984375
1 0.4203125 0.1328125 0.0796875 0.05625
1 0.6875 0.1359375 0.1 0.0796875
1 0.628125 0.1140625 0.084375 0.0671875
1 0.9796875 0.1640625 0.040625 0.096875
0 0.95625 0.0828125 0.0875 0.1328125
1 0.2578125 0.1265625 0.0890625 0.0875
1 0.1875 0.178125 0.109375 0.0640625
1 0.140625 0.20625 0.1203125 0.0734375
1 0.0890625 0.3109375 0.1109375 0.1203125
1 0.05625 0.190625 0.1078125 0.0734375
1 0.021875 0.28125 0.0421875 0.0875
0 0.58125 0.0828125 0.2109375 0.1015625