1 0.596875 0.6140625 0.2890625 0.2609375
1 0.6859375 0.3125 0.1375 0.0984375
1 0.375 0.359375 0.4390625 0.296875
1 0.5828125 0.1375 0.0859375 0.0640625
1 0.5859375 0.0765625 0.2109375 0.1078125
1 0.771875 0.1125 0.075 0.04375
1 0.8109375 0.140625 0.0859375 0.05625
1 0.928125 0.1625 0.0828125 0.0703125
1 0.9296875 0.0734375 0.140625 0.103125
1 0.2125 0.1 0.2109375 0.0984375
1 0.353125 0.1328125 0.084375 0.0625
1 0.1765625 0.18125 0.0890625 0.0609375
1 0.1390625 0.20625 0.0859375 0.06875
1 0.053125 0.19375 0.0890625 0.0671875