1 0.5859375 0.6234375 0.325 0.2828125
0 0.7265625 0.3640625 0.4421875 0.290625
1 0.2640625 0.2984375 0.1484375 0.1265625
1 0.134375 0.2109375 0.0984375 0.0890625
1 0.178125 0.1828125 0.09375 0.0734375
1 0.0546875 0.1921875 0.090625 0.0796875
1 0.3015625 0.1390625 0.0875 0.0796875
1 0.4625 0.1390625 0.1015625 0.0875
1 0.6859375 0.1375 0.1046875 0.078125
1 0.7984375 0.121875 0.0859375 0.0734375
0 0.128125 0.1015625 0.253125 0.10625
1 0.915625 0.15625 0.0828125 0.0703125
1 0.978125 0.165625 0.04375 0.078125
0 0.63125 0.0703125 0.2234375 0.1375
1 0.33125 0.04375 0.034375 0.05
1 0.2984375 0.046875 0.0328125 0.05625
1 0.2640625 0.0515625 0.034375 0.05625