0 0.559375 0.3484375 0.4921875 0.3171875
1 0.5921875 0.6328125 0.3234375 0.2390625
1 0.20625 0.3234375 0.1390625 0.1140625
0 0.0859375 0.2390625 0.171875 0.1796875
1 0.4828125 0.128125 0.090625 0.0890625
1 0.684375 0.1234375 0.0859375 0.06875
1 0.8265625 0.2734375 0.1140625 0.121875
1 0.896875 0.1625 0.1015625 0.090625
1 0.940625 0.1125 0.0859375 0.0640625
1 0.975 0.1671875 0.05 0.090625
0 0.5296875 0.0796875 0.28125 0.13125
1 0.3296875 0.0484375 0.0359375 0.0515625
1 0.296875 0.0515625 0.0296875 0.0515625
1 0.2421875 0.0265625 0.0015625 0.0015625