1 0.5375 0.3265625 0.1421875 0.11875
1 0.7859375 0.3140625 0.140625 0.1140625
1 0.6484375 0.1234375 0.1015625 0.090625
1 0.496875 0.253125 0.11875 0.1109375
1 0.2625 0.2765625 0.11875 0.1015625
1 0.1328125 0.2109375 0.0984375 0.08125
1 0.0515625 0.1984375 0.0796875 0.0828125
1 0.9046875 0.16875 0.09375 0.090625
1 0.865625 0.1078125 0.228125 0.1296875
1 0.978125 0.1734375 0.04375 0.090625
1 0.33125 0.046875 0.0296875 0.0578125
1 0.2984375 0.053125 0.025 0.04375
1 0.2640625 0.0546875 0.0296875 0.04375