1 0.5953125 0.6546875 0.2984375 0.3125
1 0.50625 0.33125 0.13125 0.1421875
1 0.7109375 0.3046875 0.1390625 0.13125
1 0.853125 0.221875 0.10625 0.096875
1 0.7140625 0.190625 0.0703125 0.0796875
1 0.6375 0.2234375 0.1046875 0.1171875
1 0.578125 0.1515625 0.2578125 0.11875
1 0.38125 0.1671875 0.1015625 0.0828125
1 0.296875 0.2875 0.134375 0.0921875
1 0.190625 0.221875 0.0953125 0.0796875
1 0.1015625 0.3875 0.1578125 0.153125
1 0.3328125 0.0609375 0.0453125 0.0515625
1 0.2625 0.0640625 0.0421875 0.04375
1 0.3015625 0.0609375 0.028125 0.05
1 0.0265625 0.2015625 0.0515625 0.1609375
1 0.240625 0.0421875 0.06875 0.084375
1 0.9203125 0.0515625 0.0546875 0.059375
1 0.8234375 0.11875 0.0609375 0.0828125