1 0.584375 0.64375 0.3015625 0.25625
1 0.675 0.296875 0.1265625 0.1078125
1 0.5015625 0.3421875 0.0921875 0.13125
1 0.315625 0.4234375 0.15 0.1390625
1 0.315625 0.328125 0.1453125 0.071875
1 0.0640625 0.51875 0.128125 0.1703125
1 0.21875 0.2609375 0.0890625 0.13125
1 0.4859375 0.1546875 0.3265625 0.09375
1 0.7359375 0.19375 0.0921875 0.096875
1 0.921875 0.2546875 0.0890625 0.1328125
1 0.8921875 0.1046875 0.0453125 0.0609375
1 0.8734375 0.18125 0.071875 0.0640625
1 0.0984375 0.190625 0.1953125 0.1296875