1 0.603125 0.6546875 0.2921875 0.309375
1 0.640625 0.3484375 0.128125 0.109375
1 0.8140625 0.29375 0.090625 0.1
1 0.965625 0.2875 0.0671875 0.096875
1 0.3390625 0.425 0.1234375 0.0984375
1 0.3328125 0.3421875 0.1578125 0.0625
1 0.1640625 0.38125 0.1421875 0.103125
1 0.05625 0.521875 0.1125 0.1578125
1 0.1546875 0.2859375 0.11875 0.096875
1 0.2109375 0.215625 0.115625 0.0984375
1 0.1078125 0.196875 0.1015625 0.0671875
1 0.034375 0.2390625 0.05625 0.0921875
1 0.5109375 0.3234375 0.1078125 0.13125
1 0.6796875 0.2015625 0.1125 0.0875
1 0.8609375 0.196875 0.0796875 0.0921875
1 0.8796875 0.2359375 0.084375 0.1
0 0.4859375 0.146875 0.3390625 0.14375
0 0.8984375 0.1046875 0.203125 0.096875