1 0.5921875 0.6609375 0.3015625 0.2734375
1 0.6671875 0.3625 0.1109375 0.1359375
1 0.90625 0.3 0.1015625 0.121875
1 0.8171875 0.271875 0.0765625 0.0890625
1 0.5890625 0.3015625 0.1171875 0.0671875
1 0.3453125 0.4765625 0.134375 0.146875
1 0.209375 0.4234375 0.1421875 0.1375
1 0.0609375 0.56875 0.121875 0.1375
1 0.16875 0.3375 0.125 0.15
1 0.2265625 0.246875 0.11875 0.0875
1 0.4546875 0.19375 0.090625 0.09375
1 0.4203125 0.3578125 0.1453125 0.0890625
1 0.3921875 0.3015625 0.1703125 0.0609375
1 0.63125 0.2359375 0.1 0.0859375
1 0.0734375 0.2375 0.0859375 0.0734375
1 0.3 0.1828125 0.1140625 0.06875
0 0.8828125 0.1765625 0.234375 0.140625