1 0.11875 0.90625 0.2359375 0.1875
1 0.4578125 0.9140625 0.2796875 0.16875
1 0.5984375 0.646875 0.321875 0.246875
1 0.7421875 0.303125 0.115625 0.15
1 0.865625 0.1671875 0.0796875 0.1109375
1 0.9375 0.14375 0.0515625 0.078125
1 0.4703125 0.2234375 0.1078125 0.1078125
1 0.5125 0.1671875 0.1109375 0.0796875
1 0.3859375 0.15 0.0734375 0.078125
1 0.1265625 0.303125 0.0796875 0.1203125
1 0.0421875 0.2265625 0.0546875 0.0859375
1 0.2015625 0.1765625 0.04375 0.0828125
1 0.128125 0.221875 0.059375 0.0765625
0 0.253125 0.10625 0.065625 0.11875