1 0.6890625 0.921875 0.309375 0.1421875
1 0.2828125 0.9140625 0.3421875 0.1703125
1 0.6015625 0.65 0.2984375 0.2265625
1 0.5765625 0.296875 0.096875 0.1390625
1 0.8328125 0.246875 0.1203125 0.128125
1 0.6921875 0.215625 0.115625 0.1109375
1 0.5734375 0.178125 0.0890625 0.071875
1 0.425 0.2609375 0.0921875 0.121875
1 0.484375 0.2125 0.0875 0.09375
1 0.3203125 0.2328125 0.0953125 0.1015625
1 0.1359375 0.265625 0.0859375 0.0875
1 0.0546875 0.221875 0.09375 0.10625
1 0.1296875 0.1734375 0.0421875 0.0703125
1 0.196875 0.165625 0.0734375 0.0765625
0 0.2515625 0.1078125 0.1078125 0.1015625
1 0.340625 0.084375 0.0390625 0.0828125
1 0.98125 0.125 0.0296875 0.0828125