1 0.2734375 0.915625 0.303125 0.16875
1 0.6734375 0.9203125 0.334375 0.159375
1 0.603125 0.66875 0.29375 0.2359375
1 0.7375 0.2796875 0.1296875 0.146875
1 0.825 0.240625 0.125 0.1328125
1 0.56875 0.30625 0.1015625 0.11875
1 0.5609375 0.171875 0.1421875 0.1484375
1 0.421875 0.278125 0.0875 0.1
1 0.4796875 0.23125 0.0703125 0.103125
1 0.3234375 0.2359375 0.0671875 0.10625
0 0.090625 0.296875 0.1796875 0.3890625
1 0.215625 0.1703125 0.0515625 0.09375
1 0.3 0.1078125 0.0515625 0.0796875
1 0.915625 0.1015625 0.0421875 0.071875
1 0.8453125 0.078125 0.0375 0.071875