1 0.265625 0.903125 0.2640625 0.1921875
1 0.678125 0.903125 0.3140625 0.1921875
1 0.5875 0.6515625 0.325 0.203125
1 0.5796875 0.296875 0.1203125 0.1171875
0 0.7296875 0.278125 0.140625 0.153125
1 0.834375 0.240625 0.1640625 0.1890625
1 0.6921875 0.1875 0.1203125 0.0984375
1 0.4359375 0.25625 0.1125 0.103125
1 0.484375 0.221875 0.0921875 0.090625
1 0.5671875 0.1625 0.0859375 0.0859375
1 0.3296875 0.228125 0.0609375 0.103125
1 0.125 0.253125 0.075 0.0890625
1 0.05 0.2859375 0.05625 0.1296875
1 0.171875 0.1875 0.0375 0.0671875
1 0.2046875 0.1359375 0.0484375 0.10625
1 0.303125 0.103125 0.0296875 0.0984375