1 0.596875 0.6515625 0.271875 0.21875
1 0.6703125 0.909375 0.346875 0.18125
1 0.2640625 0.90625 0.3109375 0.1875
1 0.1078125 0.2953125 0.0734375 0.1125
1 0.0390625 0.309375 0.0734375 0.1265625
1 0.1625 0.203125 0.0328125 0.0921875
1 0.1984375 0.153125 0.0390625 0.0875
1 0.2234375 0.0828125 0.0375 0.071875
1 0.4296875 0.2578125 0.0734375 0.0796875
1 0.578125 0.29375 0.1140625 0.1078125
1 0.725 0.2609375 0.1203125 0.1359375
1 0.8265625 0.2390625 0.1390625 0.1625
1 0.6859375 0.1890625 0.0921875 0.0703125
1 0.5828125 0.18125 0.0765625 0.0890625
1 0.4828125 0.2171875 0.0734375 0.0875