1 0.6421875 0.90625 0.3109375 0.15
1 0.1984375 0.9203125 0.2765625 0.159375
1 0.5828125 0.659375 0.2703125 0.24375
1 0.603125 0.3625 0.11875 0.1359375
1 0.73125 0.2859375 0.1453125 0.1171875
1 0.8359375 0.2453125 0.1359375 0.1421875
1 0.4265625 0.2734375 0.1078125 0.10625
1 0.48125 0.2234375 0.0734375 0.1015625
1 0.5765625 0.1671875 0.1078125 0.059375
1 0.6875 0.2 0.0890625 0.0796875
1 0.5671875 0.2734375 0.140625 0.0921875
1 0.303125 0.2625 0.0796875 0.1015625
0 0.078125 0.2140625 0.14375 0.2234375
1 0.1921875 0.1125 0.0421875 0.078125
1 0.3 0.0890625 0.0234375 0.0671875
1 0.9328125 0.1328125 0.0484375 0.0734375