1 0.5921875 0.903125 0.328125 0.1921875
1 0.1546875 0.9140625 0.2765625 0.171875
1 0.5953125 0.6703125 0.2734375 0.2703125
1 0.7375 0.371875 0.1296875 0.153125
1 0.8328125 0.246875 0.1203125 0.18125
1 0.6828125 0.2234375 0.1203125 0.1125
1 0.584375 0.1984375 0.0921875 0.1203125
1 0.509375 0.2265625 0.1171875 0.1375
1 0.4234375 0.28125 0.128125 0.121875
1 0.3109375 0.24375 0.096875 0.103125
1 0.3265625 0.196875 0.0859375 0.08125
1 0.1796875 0.2609375 0.096875 0.1015625
1 0.196875 0.1171875 0.059375 0.0703125
1 0.0578125 0.1875 0.075 0.0921875
1 0.9234375 0.140625 0.0515625 0.08125