1 0.5734375 0.196875 0.0796875 0.096875
1 0.64375 0.25625 0.1140625 0.10625
1 0.69375 0.21875 0.1015625 0.0984375
1 0.834375 0.265625 0.1515625 0.16875
1 0.9625 0.28125 0.06875 0.0765625
1 0.975 0.3421875 0.0453125 0.0859375
1 0.5984375 0.6609375 0.3203125 0.2671875
1 0.6515625 0.8671875 0.2515625 0.1859375
1 0.8453125 0.946875 0.3046875 0.0984375
1 0.3390625 0.9203125 0.228125 0.159375
1 0.05625 0.8859375 0.1046875 0.228125
1 0.1921875 0.13125 0.0484375 0.090625
1 0.125 0.1453125 0.05 0.071875
1 0.340625 0.0765625 0.0703125 0.1234375
1 0.2671875 0.1078125 0.0328125 0.05
1 0.9078125 0.1359375 0.0515625 0.0875
1 0.8328125 0.0453125 0.05625 0.0796875
1 0.9171875 0.0578125 0.1015625 0.1109375
1 0.290625 0.1078125 0.028125 0.09375
1 0.2359375 0.1140625 0.0359375 0.06875