1 0.0578125 0.1671875 0.0859375 0.0796875
1 0.1953125 0.134375 0.0515625 0.090625
1 0.15625 0.128125 0.0390625 0.0765625
0 0.35 0.125 0.1234375 0.1828125
1 0.453125 0.309375 0.1203125 0.103125
1 0.575 0.2015625 0.0828125 0.1015625
1 0.6484375 0.2640625 0.096875 0.128125
1 0.734375 0.246875 0.1375 0.1625
1 0.9359375 0.3046875 0.128125 0.228125
1 0.86875 0.5 0.1890625 0.2265625
1 0.6046875 0.6921875 0.3109375 0.340625
1 0.5296875 0.8828125 0.2828125 0.196875
1 0.9703125 0.83125 0.059375 0.1734375
1 0.803125 0.959375 0.3125 0.08125
1 0.234375 0.915625 0.275 0.16875
1 0.2375 0.2640625 0.0953125 0.103125
1 0.2671875 0.109375 0.0265625 0.05625
1 0.9171875 0.1296875 0.0609375 0.059375
1 0.8421875 0.06875 0.0328125 0.0578125
1 0.8984375 0.0765625 0.0328125 0.040625
1 0.9734375 0.1125 0.053125 0.11875
0 0.246875 0.0875 0.0796875 0.0875