1 0.19375 0.1265625 0.0515625 0.0734375
1 0.26875 0.103125 0.0265625 0.0515625
1 0.303125 0.1140625 0.0328125 0.0625
1 0.346875 0.13125 0.0296875 0.0625
1 0.4328125 0.178125 0.075 0.0875
1 0.4765625 0.3421875 0.1296875 0.1375
1 0.6015625 0.6703125 0.3125 0.2515625
1 0.8671875 0.484375 0.1765625 0.1671875
1 0.715625 0.1765625 0.259375 0.228125
1 0.1390625 0.13125 0.0859375 0.0671875
1 0.2484375 0.0828125 0.075 0.0796875
1 0.1453125 0.8671875 0.2671875 0.2296875
1 0.6921875 0.8609375 0.2671875 0.1734375
1 0.8453125 0.940625 0.2546875 0.11875
1 0.50625 0.925 0.31875 0.15
1 0.8640625 0.04375 0.046875 0.071875
1 0.9390625 0.0734375 0.0390625 0.071875