1 0.2 0.128125 0.0546875 0.0828125
1 0.271875 0.10625 0.025 0.05
1 0.3671875 0.1265625 0.053125 0.0515625
1 0.8046875 0.2734375 0.1140625 0.1390625
1 0.9671875 0.1125 0.05625 0.0828125
1 0.8984375 0.0515625 0.0328125 0.0484375
1 0.8484375 0.05625 0.0359375 0.05625
1 0.60625 0.6875 0.33125 0.253125
1 0.9109375 0.8484375 0.1765625 0.1796875
1 0.521875 0.9296875 0.3015625 0.140625
1 0.8828125 0.95 0.2328125 0.1
1 0.2890625 0.8390625 0.2734375 0.2375
1 0.0484375 0.8921875 0.096875 0.209375
1 0.2484375 0.0765625 0.078125 0.0796875
1 0.3125 0.1265625 0.0359375 0.0765625