1 0.2046875 0.1375 0.0609375 0.0828125
0 0.246875 0.0734375 0.0734375 0.096875
1 0.3078125 0.1140625 0.0390625 0.05625
1 0.36875 0.1296875 0.0359375 0.06875
1 0.325 0.253125 0.0921875 0.121875
1 0.5515625 0.203125 0.0734375 0.10625
1 0.7203125 0.209375 0.0859375 0.1078125
1 0.7921875 0.4359375 0.1734375 0.1625
1 0.596875 0.6765625 0.3140625 0.2421875
1 0.5375 0.8875 0.3078125 0.2234375
1 0.2640625 0.9359375 0.309375 0.128125
1 0.8703125 0.940625 0.259375 0.11875
1 0.928125 0.0953125 0.059375 0.0734375