0 0.3 0.66875 0.375 0.471875
0 0.43125 0.5734375 0.2953125 0.3390625
0 0.8 0.784375 0.39375 0.43125
0 0.9140625 0.46875 0.1703125 0.2390625
0 0.3953125 0.3109375 0.1546875 0.1421875
0 0.296875 0.3328125 0.13125 0.1359375
0 0.0703125 0.3640625 0.140625 0.159375
1 0.1421875 0.44375 0.0671875 0.0921875
1 0.51875 0.3890625 0.0875 0.096875
1 0.44375 0.4078125 0.0890625 0.1125
1 0.590625 0.4671875 0.1125 0.13125
1 0.6546875 0.421875 0.1078125 0.1171875
1 0.7640625 0.5234375 0.125 0.140625
1 0.9546875 0.596875 0.0890625 0.15625
1 0.653125 0.2984375 0.09375 0.078125
1 0.5375 0.2625 0.0546875 0.0640625
0 0.3546875 0.1921875 0.0953125 0.0734375
0 0.203125 0.1921875 0.06875 0.0578125