0 0.803125 0.7765625 0.39375 0.446875
0 0.9125 0.4609375 0.1734375 0.2390625
1 0.9578125 0.6109375 0.084375 0.140625
1 0.7890625 0.5421875 0.1734375 0.1640625
1 0.6734375 0.4375 0.14375 0.1328125
1 0.60625 0.4765625 0.1296875 0.140625
1 0.51875 0.3890625 0.0765625 0.0984375
1 0.4515625 0.4171875 0.09375 0.0921875
0 0.3765625 0.565625 0.4265625 0.4359375
0 0.2953125 0.3421875 0.1609375 0.1609375
0 0.396875 0.3265625 0.134375 0.1578125
0 0.0734375 0.371875 0.1453125 0.1734375
1 0.140625 0.4515625 0.065625 0.0890625
1 0.6 0.915625 0.1828125 0.16875