0 0.06875 0.3609375 0.1359375 0.1703125
1 0.1453125 0.4390625 0.078125 0.1
0 0.375 0.55625 0.4234375 0.4484375
0 0.8078125 0.7859375 0.384375 0.428125
0 0.9078125 0.4421875 0.184375 0.221875
1 0.771875 0.521875 0.165625 0.1484375
1 0.9546875 0.6125 0.0890625 0.14375
1 0.5953125 0.4828125 0.13125 0.16875
1 0.684375 0.428125 0.10625 0.1328125
1 0.5234375 0.371875 0.1046875 0.09375
1 0.453125 0.4078125 0.0984375 0.09375
0 0.4109375 0.3015625 0.1734375 0.1484375
0 0.290625 0.33125 0.159375 0.1609375