0 0.353125 0.5890625 0.384375 0.41875
1 0.446875 0.403125 0.0859375 0.090625
1 0.509375 0.3734375 0.075 0.0890625
1 0.6015625 0.465625 0.1265625 0.13125
1 0.671875 0.428125 0.11875 0.10625
1 0.778125 0.5265625 0.1546875 0.15
1 0.9515625 0.5828125 0.0953125 0.1109375
0 0.9140625 0.4359375 0.171875 0.1984375
0 0.7984375 0.78125 0.3828125 0.4171875
0 0.0703125 0.3703125 0.1296875 0.1390625
1 0.134375 0.4328125 0.0640625 0.08125
0 0.2859375 0.3234375 0.159375 0.11875
0 0.4171875 0.303125 0.1046875 0.1234375
1 0.1625 0.2734375 0.0578125 0.0484375
1 0.0640625 0.2484375 0.025 0.0375
1 0.3609375 0.178125 0.0234375 0.028125
1 0.309375 0.2203125 0.034375 0.03125