1 0.0234375 0.3171875 0.0453125 0.096875
1 0.1015625 0.2453125 0.0328125 0.053125
1 0.2578125 0.3625 0.0640625 0.0796875
1 0.4328125 0.378125 0.075 0.078125
1 0.4078125 0.33125 0.0625 0.059375
1 0.425 0.25625 0.05625 0.0578125
1 0.6484375 0.45625 0.1265625 0.1234375
1 0.6734375 0.396875 0.1109375 0.0890625
1 0.8046875 0.7015625 0.1953125 0.19375
1 0.89375 0.590625 0.2125 0.225
0 0.9 0.4046875 0.1984375 0.2109375
1 0.5578125 0.19375 0.0546875 0.0484375
1 0.9609375 0.2765625 0.078125 0.071875
1 0.29375 0.1625 0.0375 0.040625
1 0.4546875 0.1703125 0.0296875 0.0484375
1 0.36875 0.1640625 0.0359375 0.0375