1 0.253125 0.7109375 0.03125 0.078125
2 0.228125 0.8828125 0.0421875 0.0703125
2 0.3671875 0.08125 0.0140625 0.0625
2 0.54375 0.7703125 0.0171875 0.0703125
2 0.6734375 0.6421875 0.01875 0.0765625
2 0.5046875 0.8125 0.01875 0.0859375
2 0.4609375 0.9203125 0.0203125 0.08125
2 0.475 0.865625 0.021875 0.0734375
2 0.459375 0.8203125 0.015625 0.0703125
2 0.6796875 0.703125 0.0125 0.0421875
2 0.73125 0.64375 0.0171875 0.0515625
2 0.728125 0.678125 0.015625 0.0421875
2 0.3390625 0.2984375 0.021875 0.078125