2 0.4921875 0.428125 0.021875 0.071875
2 0.3171875 0.41875 0.0265625 0.0640625
2 0.3453125 0.50625 0.01875 0.08125
2 0.5421875 0.41875 0.0203125 0.065625
2 0.253125 0.85 0.01875 0.0765625
2 0.59375 0.38125 0.01875 0.0640625
2 0.625 0.8703125 0.0171875 0.0625
2 0.5984375 0.121875 0.0140625 0.0640625
2 0.296875 0.5015625 0.0265625 0.078125
2 0.2890625 0.5875 0.034375 0.0671875
2 0.3421875 0.2921875 0.0328125 0.103125
2 0.7265625 0.165625 0.0203125 0.0609375
2 0.425 0.1390625 0.028125 0.0625
2 0.225 0.890625 0.0375 0.0671875
2 0.4859375 0.0984375 0.0125 0.053125
2 0.696875 0.3421875 0.009375 0.0515625
2 0.7484375 0.3625 0.0125 0.05625
2 0.6734375 0.6140625 0.0203125 0.04375
2 0.6171875 0.2578125 0.0109375 0.0578125
2 0.6671875 0.5796875 0.0171875 0.04375
2 0.6171875 0.125 0.0140625 0.0609375
2 0.5078125 0.0921875 0.009375 0.0625
2 0.259375 0.696875 0.0296875 0.04375
2 0.6375 0.60625 0.0234375 0.06875
2 0.209375 0.96875 0.0140625 0.0515625
2 0.2875 0.484375 0.015625 0.078125
2 0.2875 0.4640625 0.015625 0.0375
2 0.6953125 0.29375 0.0078125 0.0484375
2 0.2171875 0.4328125 0.028125 0.1015625
2 0.63125 0.34375 0.0078125 0.0484375