1 0.653125 0.6046875 0.0609375 0.0890625
2 0.3 0.5234375 0.025 0.08125
2 0.425 0.4234375 0.0171875 0.078125
2 0.346875 0.2640625 0.0234375 0.053125
2 0.396875 0.165625 0.015625 0.0640625
2 0.534375 0.346875 0.0140625 0.0734375
2 0.55 0.3515625 0.0109375 0.04375
2 0.503125 0.165625 0.0140625 0.0578125
2 0.1859375 0.09375 0.0140625 0.0625
2 0.3421875 0.84375 0.028125 0.0796875
2 0.3546875 0.7609375 0.025 0.0921875
2 0.4375 0.109375 0.009375 0.0390625
2 0.3125 0.88125 0.0265625 0.0796875
2 0.428125 0.1890625 0.0109375 0.0390625
2 0.7296875 0.1625 0.01875 0.0484375
2 0.2859375 0.846875 0.03125 0.0671875
2 0.940625 0.01875 0.0109375 0.0375
2 0.415625 0.10625 0.009375 0.0359375
2 0.484375 0.096875 0.0078125 0.0453125
2 0.334375 0.315625 0.0109375 0.0453125
2 0.35625 0.7859375 0.015625 0.0640625
2 0.50625 0.0984375 0.009375 0.0515625
2 0.609375 0.0796875 0.0078125 0.0390625