2 0.715625 0.3203125 0.0171875 0.0734375
2 0.55 0.26875 0.0171875 0.0734375
2 0.415625 0.528125 0.01875 0.0828125
2 0.428125 0.421875 0.015625 0.078125
2 0.725 0.165625 0.01875 0.0578125
2 0.2234375 0.815625 0.0265625 0.075
2 0.609375 0.3859375 0.0125 0.059375
2 0.60625 0.33125 0.025 0.05625
2 0.425 0.1609375 0.0171875 0.0734375
2 0.459375 0.109375 0.015625 0.0640625
2 0.2265625 0.9078125 0.034375 0.0890625
2 0.3484375 0.3328125 0.028125 0.06875
2 0.1875 0.5015625 0.01875 0.0484375
2 0.428125 0.5296875 0.0125 0.0375
2 0.2828125 0.584375 0.028125 0.075
2 0.34375 0.26875 0.034375 0.071875
2 0.4859375 0.0984375 0.0109375 0.0515625
2 0.50625 0.0953125 0.009375 0.053125
2 0.7515625 0.51875 0.015625 0.053125
2 0.646875 0.615625 0.01875 0.0484375
2 0.428125 0.103125 0.0125 0.05625
2 0.4375 0.10625 0.009375 0.0421875
2 0.609375 0.08125 0.0078125 0.0375
2 0.6328125 0.0765625 0.0078125 0.0296875
2 0.753125 0.5015625 0.01875 0.0875
2 0.6265625 0.8796875 0.0375 0.0484375