1 0.4421875 0.5140625 0.265625 0.3640625
1 0.125 0.8328125 0.246875 0.3328125
1 0.596875 0.16875 0.1203125 0.1046875
1 0.653125 0.3390625 0.1609375 0.171875
1 0.253125 0.2890625 0.1203125 0.1140625
1 0.9015625 0.1125 0.0484375 0.0625
1 0.75625 0.2296875 0.096875 0.1359375
1 0.934375 0.1046875 0.0328125 0.0421875
1 0.7015625 0.1234375 0.09375 0.0921875
1 0.0390625 0.36875 0.0640625 0.0703125
1 0.0421875 0.4703125 0.084375 0.1671875
1 0.778125 0.10625 0.065625 0.0765625
1 0.09375 0.4125 0.0890625 0.1296875
1 0.978125 0.23125 0.0421875 0.0734375
1 0.0234375 0.2859375 0.046875 0.0734375
1 0.0140625 0.565625 0.028125 0.1453125
1 0.865625 0.046875 0.0421875 0.028125
1 0.0765625 0.2546875 0.0328125 0.0765625
1 0.009375 0.3625 0.0171875 0.0734375
2 0.2875 0.134375 0.01875 0.059375
2 0.921875 0.1203125 0.0078125 0.0390625