1 0.478125 0.4671875 0.25625 0.3046875
1 0.2171875 0.7703125 0.2484375 0.3921875
1 0.459375 0.2296875 0.14375 0.13125
1 0.046875 0.490625 0.09375 0.1328125
1 0.309375 0.3859375 0.1859375 0.2421875
1 0.60625 0.2125 0.1046875 0.1265625
1 0.0109375 0.3609375 0.021875 0.071875
1 0.0140625 0.578125 0.028125 0.115625
1 0.975 0.2203125 0.05 0.0890625
1 0.859375 0.13125 0.0609375 0.071875
1 0.915625 0.115625 0.05 0.0515625
1 0.95 0.1 0.0390625 0.05
1 0.2625 0.2984375 0.109375 0.0890625
1 0.853125 0.0859375 0.053125 0.0453125
1 0.075 0.2515625 0.034375 0.08125
1 0.678125 0.271875 0.18125 0.290625
1 0.2734375 0.2609375 0.115625 0.06875
1 0.928125 0.0515625 0.06875 0.0578125
2 0.840625 0.29375 0.028125 0.121875