1 0.5 0.5015625 0.2171875 0.265625
1 0.68125 0.303125 0.146875 0.2
1 0.5953125 0.1703125 0.1265625 0.103125
1 0.4578125 0.228125 0.14375 0.1328125
1 0.7671875 0.234375 0.096875 0.1234375
1 0.0140625 0.5921875 0.028125 0.140625
1 0.896875 0.090625 0.0484375 0.0609375
1 0.05 0.446875 0.08125 0.14375
1 0.8578125 0.021875 0.0359375 0.03125
1 0.88125 0.0421875 0.046875 0.0375
1 0.078125 0.2515625 0.03125 0.0734375
1 0.0265625 0.378125 0.0515625 0.109375
2 0.7875 0.1171875 0.0171875 0.0671875
2 0.821875 0.0875 0.0125 0.0484375
2 0.8109375 0.0890625 0.0109375 0.04375
2 0.8015625 0.0890625 0.0078125 0.0375