1 0.2171875 0.76875 0.2484375 0.390625
1 0.484375 0.4609375 0.2578125 0.296875
1 0.4578125 0.228125 0.1453125 0.1296875
1 0.2703125 0.2859375 0.125 0.1140625
1 0.046875 0.490625 0.09375 0.1328125
1 0.9734375 0.21875 0.0515625 0.0875
1 0.0109375 0.3609375 0.021875 0.071875
1 0.8875 0.1171875 0.0515625 0.053125
1 0.846875 0.1359375 0.065625 0.0765625
1 0.9265625 0.1078125 0.04375 0.0578125
1 0.0140625 0.5796875 0.028125 0.1171875
1 0.075 0.2515625 0.034375 0.078125
1 0.678125 0.2703125 0.1828125 0.2890625
1 0.871875 0.0265625 0.0375 0.028125
2 0.8109375 0.0859375 0.0125 0.0421875
2 0.8015625 0.1953125 0.015625 0.0875