1 0.4046875 0.36875 0.0859375 0.0859375
1 0.5046875 0.4078125 0.0984375 0.103125
1 0.553125 0.35 0.0984375 0.1015625
1 0.6234375 0.509375 0.1390625 0.1375
1 0.678125 0.453125 0.1359375 0.10625
1 0.6765625 0.39375 0.1203125 0.0828125
1 0.89375 0.5828125 0.2109375 0.228125
0 0.896875 0.3890625 0.1984375 0.190625
1 0.9796875 0.2609375 0.040625 0.053125
1 0.553125 0.190625 0.0484375 0.0421875
1 0.45625 0.16875 0.0359375 0.0359375
1 0.2828125 0.20625 0.03125 0.040625
1 0.2546875 0.18125 0.0296875 0.0359375
1 0.2 0.184375 0.0359375 0.0328125
1 0.1484375 0.1859375 0.0296875 0.0296875