1 0.58125 0.7984375 0.3421875 0.4015625
1 0.275 0.5203125 0.21875 0.2515625
1 0.040625 0.70625 0.08125 0.378125
1 0.7578125 0.596875 0.1859375 0.3140625
1 0.5546875 0.33125 0.1234375 0.1625
1 0.2234375 0.3828125 0.2078125 0.1375
1 0.8484375 0.4203125 0.1234375 0.1875
1 0.61875 0.303125 0.075 0.128125
1 0.815625 0.496875 0.128125 0.2140625
1 0.703125 0.25 0.0609375 0.1
1 0.6609375 0.2734375 0.078125 0.11875
1 0.90625 0.3203125 0.078125 0.134375
1 0.3921875 0.40625 0.1640625 0.3109375
1 0.8828125 0.3578125 0.0875 0.15
1 0.9484375 0.2328125 0.065625 0.1015625
1 0.9203125 0.2859375 0.0765625 0.1359375
2 0.753125 0.1078125 0.00625 0.028125
2 0.784375 0.1 0.0125 0.0765625
2 0.684375 0.15 0.0078125 0.059375
2 0.096875 0.078125 0.0078125 0.0265625
2 0.7140625 0.1234375 0.009375 0.0625
2 0.5578125 0.1078125 0.0078125 0.034375