1 0.284375 0.5265625 0.2109375 0.2265625
1 0.7578125 0.5953125 0.19375 0.3171875
1 0.3734375 0.8953125 0.33125 0.2078125
1 0.559375 0.34375 0.1109375 0.1515625
1 0.403125 0.43125 0.1703125 0.221875
1 0.234375 0.3828125 0.2296875 0.1359375
1 0.846875 0.2140625 0.0578125 0.084375
1 0.6734375 0.278125 0.0453125 0.1109375
1 0.8265625 0.4859375 0.13125 0.20625
1 0.5875 0.796875 0.334375 0.403125
1 0.0234375 0.5734375 0.046875 0.1390625
1 0.7015625 0.2515625 0.0640625 0.1
1 0.859375 0.4125 0.1140625 0.1734375
1 0.60625 0.29375 0.1015625 0.165625
1 0.90625 0.325 0.0859375 0.128125
1 0.7484375 0.075 0.01875 0.028125
1 0.8828125 0.359375 0.0875 0.1515625
1 0.7234375 0.2265625 0.059375 0.1015625
1 0.0203125 0.7328125 0.040625 0.33125
2 0.9796875 0.346875 0.0359375 0.1453125
2 0.9390625 0.1546875 0.0171875 0.0625
2 0.253125 0.2078125 0.0125 0.103125
2 0.7375 0.096875 0.009375 0.046875
2 0.1265625 0.09375 0.0125 0.0734375
2 0.7140625 0.1078125 0.0078125 0.0390625
2 0.725 0.1109375 0.0078125 0.040625
2 0.0171875 0.109375 0.0140625 0.078125
2 0.38125 0.2 0.015625 0.0875