1 0.271875 0.51875 0.21875 0.253125
1 0.58125 0.7984375 0.340625 0.403125
1 0.7578125 0.5953125 0.1921875 0.3171875
1 0.553125 0.33125 0.121875 0.1609375
1 0.2390625 0.3828125 0.24375 0.1359375
1 0.025 0.7640625 0.05 0.246875
1 0.6609375 0.26875 0.075 0.1109375
1 0.6140625 0.30625 0.0703125 0.1265625
1 0.846875 0.4203125 0.125 0.1890625
1 0.2859375 0.3453125 0.2421875 0.178125
1 0.703125 0.25 0.0578125 0.0984375
1 0.7390625 0.2125 0.0625 0.0890625
1 0.821875 0.496875 0.1203125 0.2265625
1 0.8828125 0.359375 0.0875 0.153125
1 0.9046875 0.321875 0.075 0.1359375
1 0.3484375 0.08125 0.0375 0.0421875
2 0.95625 0.396875 0.046875 0.1859375
2 0.7484375 0.0828125 0.0078125 0.0328125