1 0.5796875 0.796875 0.3390625 0.403125
1 0.3 0.503125 0.2078125 0.2671875
1 0.75625 0.5984375 0.1828125 0.328125
1 0.571875 0.321875 0.1078125 0.1578125
1 0.4765625 0.35625 0.1015625 0.1609375
1 0.225 0.3828125 0.215625 0.1390625
1 0.4109375 0.446875 0.125 0.2109375
1 0.640625 0.3 0.0453125 0.115625
1 0.1390625 0.884375 0.2765625 0.228125
1 0.78125 0.1828125 0.04375 0.0734375
1 0.7015625 0.2515625 0.059375 0.10625
1 0.8625 0.371875 0.128125 0.18125
1 0.90625 0.3171875 0.0859375 0.128125
1 0.665625 0.271875 0.0734375 0.1078125
1 0.721875 0.228125 0.059375 0.096875
1 0.8203125 0.49375 0.1390625 0.2125
1 0.928125 0.2859375 0.0703125 0.121875
1 0.7625 0.2 0.0453125 0.078125
2 0.89375 0.6765625 0.08125 0.3703125