1 0.5828125 0.796875 0.340625 0.403125
1 0.2796875 0.5203125 0.2171875 0.2515625
1 0.7578125 0.596875 0.19375 0.3203125
1 0.5546875 0.33125 0.1234375 0.1609375
1 0.7328125 0.346875 0.1 0.1328125
1 0.403125 0.45625 0.146875 0.2
1 0.2390625 0.384375 0.240625 0.1359375
1 0.63125 0.3015625 0.0921875 0.140625
1 0.846875 0.4203125 0.121875 0.1890625
1 0.8234375 0.4984375 0.1203125 0.228125
1 0.665625 0.26875 0.06875 0.1109375
1 0.8828125 0.221875 0.0609375 0.08125
1 0.703125 0.2453125 0.059375 0.0890625
1 0.74375 0.2109375 0.059375 0.0921875
1 0.8859375 0.3421875 0.0921875 0.11875
1 0.9078125 0.315625 0.075 0.125
1 0.284375 0.3140625 0.2359375 0.1140625
2 0.0265625 0.2453125 0.0234375 0.115625
2 0.959375 0.478125 0.046875 0.21875
2 0.046875 0.25 0.028125 0.109375
2 0.921875 0.48125 0.046875 0.2078125
2 0.55625 0.1390625 0.0140625 0.0828125
2 0.73125 0.1375 0.0125 0.05625
2 0.7421875 0.1390625 0.0140625 0.0515625
2 0.3234375 0.1984375 0.01875 0.078125
2 0.9671875 0.34375 0.0375 0.146875
2 0.5375 0.1578125 0.0125 0.05
2 0.890625 0.15 0.0140625 0.03125
2 0.571875 0.1234375 0.0125 0.053125