1 0.0265625 0.7625 0.053125 0.24375
1 0.584375 0.796875 0.340625 0.403125
1 0.275 0.51875 0.21875 0.25
1 0.7609375 0.5953125 0.1890625 0.3171875
1 0.55625 0.33125 0.121875 0.1609375
1 0.225 0.38125 0.209375 0.1359375
1 0.8640625 0.20625 0.0640625 0.090625
1 0.8484375 0.421875 0.1234375 0.190625
1 0.61875 0.303125 0.075 0.128125
1 0.3921875 0.40625 0.1625 0.3078125
1 0.703125 0.2484375 0.0609375 0.1
1 0.884375 0.359375 0.0875 0.1546875
1 0.9078125 0.321875 0.075 0.1359375
1 0.6609375 0.2734375 0.078125 0.1171875
1 0.8171875 0.4953125 0.128125 0.2234375
2 0.0921875 0.228125 0.028125 0.1296875
2 0.125 0.2375 0.0296875 0.121875
2 0.9546875 0.5125 0.05625 0.259375
2 0.9453125 0.1015625 0.009375 0.05
2 0.671875 0.15 0.0140625 0.071875
2 0.6515625 0.15 0.015625 0.06875
2 0.7375 0.109375 0.0140625 0.05625
2 0.9765625 0.378125 0.0390625 0.1890625
2 0.7203125 0.1125 0.009375 0.0453125