1 0.0234375 0.5796875 0.046875 0.1515625
1 0.2828125 0.5234375 0.203125 0.2390625
1 0.7578125 0.596875 0.1921875 0.31875
1 0.4421875 0.90625 0.3671875 0.1875
1 0.2421875 0.38125 0.24375 0.1359375
1 0.8625 0.4078125 0.1203125 0.184375
1 0.6953125 0.25 0.06875 0.1015625
1 0.91875 0.296875 0.084375 0.121875
1 0.590625 0.796875 0.325 0.403125
1 0.7640625 0.2 0.046875 0.0765625
1 0.9578125 0.2203125 0.065625 0.1015625
1 0.9765625 0.1875 0.04375 0.0765625
1 0.2875 0.34375 0.2421875 0.1765625
1 0.8828125 0.35625 0.084375 0.153125
1 0.8203125 0.0734375 0.028125 0.028125
1 0.796875 0.175 0.0453125 0.0671875
2 0.5953125 0.1078125 0.0125 0.0515625
2 0.428125 0.1859375 0.021875 0.0984375
2 0.7234375 0.1203125 0.0109375 0.0515625
2 0.73125 0.1046875 0.0078125 0.0390625
2 0.740625 0.2578125 0.028125 0.0890625
2 0.9296875 0.0859375 0.0078125 0.0328125