1 0.2953125 0.3140625 0.1046875 0.196875
1 0.225 0.6984375 0.45 0.596875
1 0.2046875 0.0375 0.0453125 0.06875
1 0.303125 0.1609375 0.08125 0.1234375
1 0.3140625 0.0265625 0.046875 0.053125
1 0.040625 0.0828125 0.040625 0.059375
1 0.146875 0.053125 0.04375 0.06875
1 0.1015625 0.0625 0.0296875 0.06875
1 0.9703125 0.0765625 0.059375 0.0828125
1 0.4921875 0.0171875 0.053125 0.034375
1 0.3046875 0.0984375 0.0609375 0.0671875
2 0.2609375 0.05625 0.0234375 0.078125
2 0.6 0.1796875 0.0359375 0.1265625
2 0.8921875 0.3375 0.0171875 0.08125