1 0.2921875 0.3265625 0.1046875 0.209375
1 0.721875 0.3046875 0.2046875 0.1890625
1 0.034375 0.7421875 0.06875 0.228125
1 0.3109375 0.1109375 0.059375 0.0953125
1 0.2046875 0.0421875 0.0453125 0.071875
1 0.146875 0.0578125 0.0515625 0.06875
1 0.309375 0.03125 0.04375 0.0625
1 0.9453125 0.0578125 0.1078125 0.1140625
1 0.046875 0.0765625 0.053125 0.078125
1 0.1 0.0625 0.0296875 0.0671875
2 0.1671875 0.4625 0.0375 0.190625
2 0.5421875 0.2046875 0.0296875 0.121875
2 0.0625 0.4765625 0.0359375 0.1796875
2 0.721875 0.078125 0.0265625 0.1234375
2 0.7296875 0.0484375 0.021875 0.0921875
2 0.90625 0.0515625 0.0265625 0.103125