1 0.30625 0.2921875 0.090625 0.1765625
1 0.2046875 0.0390625 0.0609375 0.075
1 0.0359375 0.0734375 0.071875 0.09375
1 0.3078125 0.1015625 0.05625 0.071875
1 0.3109375 0.01875 0.0484375 0.0375
1 0.1484375 0.04375 0.065625 0.08125
1 0.6921875 0.3046875 0.20625 0.1671875
1 0.3109375 0.053125 0.05 0.0703125
1 0.5265625 0.0171875 0.096875 0.034375
1 0.3 0.15 0.071875 0.08125
2 0.5328125 0.3953125 0.0359375 0.196875
2 0.2234375 0.21875 0.0296875 0.1265625
2 0.090625 0.5171875 0.0453125 0.20625
2 0.103125 0.4609375 0.040625 0.1703125