1 0.1625 0.6171875 0.3234375 0.3609375
1 0.2953125 0.3140625 0.1046875 0.196875
1 0.303125 0.1609375 0.0828125 0.1234375
1 0.2046875 0.0375 0.046875 0.0703125
1 0.3125 0.0265625 0.046875 0.0515625
1 0.146875 0.0546875 0.046875 0.0671875
1 0.303125 0.1 0.0625 0.06875
1 0.040625 0.0828125 0.046875 0.0609375
1 0.790625 0.415625 0.3109375 0.4
1 0.1015625 0.0625 0.0296875 0.065625
1 0.4953125 0.0171875 0.059375 0.034375
1 0.9703125 0.075 0.059375 0.0828125
2 0.11875 0.3984375 0.0359375 0.1828125
2 0.159375 0.378125 0.0359375 0.1609375
2 0.0125 0.5265625 0.025 0.2015625
2 0.8125 0.321875 0.034375 0.0625
2 0.025 0.5265625 0.0484375 0.203125