1 0.703125 0.7015625 0.3203125 0.4875
1 0.0234375 0.73125 0.046875 0.2578125
1 0.6953125 0.3015625 0.2 0.1859375
1 0.3046875 0.271875 0.0921875 0.1890625
1 0.94375 0.0578125 0.10625 0.115625
1 0.3046875 0.16875 0.08125 0.1296875
1 0.209375 0.0390625 0.05 0.0765625
1 0.3140625 0.0625 0.053125 0.0875
1 0.434375 0.0265625 0.0546875 0.0515625
1 0.1515625 0.046875 0.059375 0.0859375
1 0.090625 0.0515625 0.0578125 0.0953125
1 0.30625 0.103125 0.05625 0.0765625
1 0.3078125 0.025 0.040625 0.0484375
2 0.846875 0.296875 0.025 0.1390625
2 0.9125 0.0515625 0.0234375 0.103125