1 0.446875 0.196875 0.1796875 0.1421875
1 0.128125 0.2609375 0.1984375 0.1765625
1 0.68125 0.33125 0.2484375 0.2140625
1 0.3203125 0.14375 0.109375 0.10625
1 0.321875 0.0671875 0.084375 0.0578125
1 0.9140625 0.6640625 0.1703125 0.296875
1 0.915625 0.4265625 0.16875 0.2453125
1 0.2265625 0.0875 0.06875 0.06875
1 0.0234375 0.2234375 0.0453125 0.09375
1 0.146875 0.1265625 0.0984375 0.096875
1 0.096875 0.13125 0.059375 0.0671875
1 0.025 0.159375 0.05 0.04375
2 0.7875 0.6765625 0.0828125 0.325
2 0.7453125 0.15625 0.021875 0.08125
2 0.871875 0.1171875 0.00625 0.03125
2 0.3046875 0.0375 0.0078125 0.01875
2 0.8765625 0.1171875 0.00625 0.03125