1 0.1015625 0.571875 0.0828125 0.128125
1 0.1828125 0.5703125 0.0703125 0.1265625
1 0.328125 0.528125 0.1078125 0.19375
1 0.396875 0.48125 0.0671875 0.121875
1 0.4265625 0.4359375 0.0640625 0.0796875
1 0.509375 0.4640625 0.0828125 0.1
1 0.6421875 0.4890625 0.0796875 0.09375
1 0.6953125 0.69375 0.1140625 0.1703125
1 0.84375 0.58125 0.1515625 0.2296875
1 0.9265625 0.5375 0.109375 0.1328125
1 0.590625 0.384375 0.0671875 0.0875
1 0.6609375 0.346875 0.05625 0.109375
1 0.7015625 0.3703125 0.046875 0.05625
1 0.765625 0.3484375 0.046875 0.0625
1 0.740625 0.3375 0.034375 0.0484375
1 0.7921875 0.290625 0.059375 0.0859375
1 0.9671875 0.3859375 0.0640625 0.10625
1 0.846875 0.3984375 0.0765625 0.0828125
1 0.865625 0.35625 0.0703125 0.06875
1 0.159375 0.446875 0.0859375 0.053125
1 0.1515625 0.5078125 0.059375 0.0578125