1 0.3375 0.3390625 0.115625 0.1390625
1 0.440625 0.2609375 0.0984375 0.096875
1 0.2125 0.4578125 0.16875 0.196875
1 0.725 0.2828125 0.0765625 0.1421875
1 0.8171875 0.296875 0.078125 0.1359375
1 0.64375 0.2890625 0.0703125 0.1078125
1 0.521875 0.446875 0.1015625 0.1765625
1 0.9765625 0.3046875 0.0453125 0.090625
1 0.95 0.4421875 0.1 0.203125
1 0.428125 0.0796875 0.021875 0.021875
1 0.1375 0.125 0.05 0.03125
2 0.1046875 0.1609375 0.00625 0.034375
2 0.1921875 0.20625 0.0109375 0.05625
2 0.625 0.2125 0.015625 0.0734375
2 0.165625 0.2109375 0.0109375 0.053125
2 0.15 0.1421875 0.015625 0.0578125
2 0.575 0.0515625 0.0046875 0.0234375
2 0.1734375 0.21875 0.009375 0.08125