1 0.1890625 0.2265625 0.084375 0.0671875
1 0.0765625 0.6921875 0.153125 0.340625
1 0.725 0.284375 0.0765625 0.1453125
1 0.3375 0.3390625 0.115625 0.1421875
1 0.9109375 0.33125 0.0671875 0.1140625
1 0.8171875 0.296875 0.078125 0.134375
1 0.978125 0.3359375 0.04375 0.1125
1 0.221875 0.46875 0.190625 0.1984375
1 0.1234375 0.1375 0.034375 0.034375
2 0.9296875 0.6859375 0.0609375 0.2234375
2 0.796875 0.8390625 0.0828125 0.2890625
2 0.2625 0.3234375 0.025 0.1140625
2 0.5875 0.05 0.00625 0.025
2 0.0859375 0.153125 0.00625 0.028125
2 0.15 0.14375 0.0140625 0.05625
2 0.896875 0.8578125 0.0484375 0.0703125