1 0.328125 0.346875 0.13125 0.14375
1 0.8171875 0.3 0.078125 0.1421875
1 0.9046875 0.33125 0.0921875 0.1296875
1 0.965625 0.3375 0.0671875 0.1171875
1 0.5125 0.2578125 0.1203125 0.1328125
1 0.3453125 0.103125 0.03125 0.021875
1 0.425 0.0796875 0.0328125 0.0234375
1 0.1078125 0.14375 0.015625 0.028125
2 0.878125 0.7 0.0515625 0.2109375
2 0.14375 0.23125 0.0125 0.0609375
2 0.1375 0.1765625 0.0125 0.05
2 0.58125 0.0515625 0.0078125 0.028125
2 0.109375 0.1578125 0.0078125 0.0328125
2 0.103125 0.1578125 0.00625 0.0328125