1 0.1875 0.7171875 0.275 0.3390625
1 0.45625 0.778125 0.39375 0.3890625
1 0.903125 0.3265625 0.0765625 0.1234375
1 0.9671875 0.3359375 0.0640625 0.11875
1 0.5234375 0.225 0.0640625 0.125
1 0.99375 0.596875 0.0109375 0.071875
2 0.6484375 0.43125 0.0359375 0.1671875
2 0.140625 0.2015625 0.0140625 0.0609375
2 0.128125 0.2109375 0.009375 0.0484375
2 0.29375 0.228125 0.0125 0.08125
2 0.109375 0.2359375 0.0140625 0.0625
2 0.0875 0.2421875 0.0140625 0.0609375
2 0.1015625 0.16875 0.00625 0.0328125
2 0.3078125 0.2296875 0.015625 0.075
2 0.109375 0.1734375 0.0078125 0.0375
2 0.315625 0.2296875 0.0109375 0.0734375
2 0.321875 0.23125 0.015625 0.078125