1 0.725 0.2828125 0.0765625 0.1421875
1 0.55625 0.2859375 0.078125 0.115625
1 0.45625 0.815625 0.415625 0.3671875
1 0.8171875 0.296875 0.078125 0.1375
1 0.90625 0.328125 0.0828125 0.1125
1 0.8328125 0.6375 0.3328125 0.3421875
1 0.978125 0.34375 0.04375 0.121875
1 0.64375 0.2875 0.06875 0.10625
1 0.428125 0.0796875 0.0203125 0.021875
1 0.128125 0.1375 0.01875 0.0328125
2 0.04375 0.940625 0.05625 0.115625
2 0.64375 0.1515625 0.0125 0.0640625
2 0.34375 0.2359375 0.0109375 0.0609375
2 0.3359375 0.2328125 0.0125 0.0578125
2 0.39375 0.084375 0.0109375 0.0421875
2 0.38125 0.084375 0.009375 0.0453125
2 0.375 0.0828125 0.0078125 0.05