1 0.45625 0.7765625 0.3921875 0.3859375
1 0.821875 0.665625 0.2921875 0.3140625
1 0.8125 0.3015625 0.0828125 0.13125
1 0.7203125 0.3015625 0.0625 0.1109375
1 0.6375 0.296875 0.06875 0.1234375
1 0.90625 0.328125 0.0875 0.1328125
1 0.0390625 0.66875 0.078125 0.1578125
1 0.178125 0.43125 0.2328125 0.371875
1 0.5265625 0.3109375 0.1078125 0.140625
1 0.96875 0.31875 0.0625 0.1640625
1 0.4109375 0.2984375 0.084375 0.1328125
2 0.715625 0.3875 0.0265625 0.1359375
2 0.296875 0.2796875 0.0265625 0.10625
2 0.2734375 0.4609375 0.0234375 0.0875
2 0.315625 0.2828125 0.0203125 0.0890625