1 0.725 0.2859375 0.0765625 0.146875
1 0.2734375 0.4078125 0.15625 0.1734375
1 0.8703125 0.6453125 0.2578125 0.3265625
1 0.8171875 0.296875 0.078125 0.1375
1 0.1078125 0.5828125 0.215625 0.2859375
1 0.3671875 0.2984375 0.1125 0.1484375
1 0.4234375 0.0796875 0.0328125 0.021875
1 0.096875 0.153125 0.03125 0.028125
1 0.346875 0.1015625 0.03125 0.0203125
1 0.38125 0.09375 0.0203125 0.0171875
1 0.121875 0.1265625 0.021875 0.025
1 0.1296875 0.1359375 0.015625 0.025
1 0.55625 0.034375 0.0109375 0.0171875
2 0.209375 0.221875 0.01875 0.06875
2 0.11875 0.1703125 0.0078125 0.0421875
2 0.1078125 0.1703125 0.0109375 0.0453125
2 0.578125 0.04375 0.0046875 0.021875
2 0.5921875 0.0515625 0.0046875 0.0234375