1 0.8703125 0.621875 0.2578125 0.25
1 0.9046875 0.3328125 0.09375 0.1328125
1 0.7359375 0.2875 0.0765625 0.1484375
1 0.8171875 0.2984375 0.0796875 0.1390625
1 0.4234375 0.0796875 0.0328125 0.021875
1 0.228125 0.3921875 0.2015625 0.3328125
1 0.3453125 0.10625 0.0328125 0.0234375
2 0.196875 0.8453125 0.0703125 0.290625
2 0.2546875 0.8875 0.0609375 0.190625
2 0.65625 0.16875 0.0125 0.0734375
2 0.859375 0.24375 0.0203125 0.08125
2 0.5359375 0.1890625 0.021875 0.08125
2 0.428125 0.18125 0.015625 0.06875
2 0.5734375 0.171875 0.0140625 0.059375
2 0.83125 0.225 0.0125 0.0375
2 0.115625 0.165625 0.00625 0.028125
2 0.5828125 0.15625 0.0140625 0.0609375
2 0.1078125 0.16875 0.00625 0.03125
2 0.571875 0.0515625 0.00625 0.028125
2 0.3859375 0.0875 0.009375 0.028125
2 0.1 0.1578125 0.0046875 0.021875
2 0.0828125 0.14375 0.0046875 0.0234375
2 0.0953125 0.1578125 0.0046875 0.021875