1 0.64375 0.290625 0.071875 0.1109375
1 0.725 0.2859375 0.0765625 0.146875
1 0.8171875 0.296875 0.078125 0.1359375
1 0.915625 0.3375 0.09375 0.1359375
1 0.428125 0.078125 0.0203125 0.021875
1 0.35 0.0984375 0.0234375 0.01875
1 0.975 0.346875 0.0484375 0.11875
2 0.2046875 0.4671875 0.040625 0.1625
2 0.2390625 0.2234375 0.0171875 0.0734375
2 0.5625 0.2109375 0.0203125 0.0765625
2 0.33125 0.2375 0.01875 0.0875
2 0.346875 0.2328125 0.015625 0.08125
2 0.321875 0.253125 0.0140625 0.0578125
2 0.128125 0.18125 0.0109375 0.0421875
2 0.1359375 0.1859375 0.0078125 0.0328125
2 0.628125 0.171875 0.009375 0.0296875