1 0.103125 0.5859375 0.2046875 0.2265625
1 0.83125 0.6734375 0.31875 0.3
1 0.346875 0.221875 0.109375 0.0703125
1 0.640625 0.2890625 0.071875 0.1109375
1 0.803125 0.2984375 0.071875 0.1328125
1 0.9484375 0.46875 0.1015625 0.171875
1 0.7203125 0.296875 0.0609375 0.10625
1 0.8984375 0.303125 0.1046875 0.1578125
1 0.971875 0.321875 0.0546875 0.1296875
1 0.1359375 0.1375 0.0375 0.0390625
1 0.990625 0.5609375 0.01875 0.103125
2 0.5734375 0.221875 0.0234375 0.084375
2 0.1625 0.2296875 0.0140625 0.0625