1 0.4421875 0.66875 0.228125 0.3546875
1 0.509375 0.4984375 0.1578125 0.25625
1 0.58125 0.2703125 0.1046875 0.1484375
1 0.5453125 0.3828125 0.1203125 0.18125
1 0.6078125 0.2046875 0.084375 0.1453125
1 0.228125 0.3609375 0.075 0.0890625
1 0.621875 0.1484375 0.071875 0.1109375
1 0.6453125 0.0984375 0.059375 0.09375
1 0.65625 0.0734375 0.053125 0.071875
2 0.828125 0.1515625 0.0265625 0.1125
2 0.709375 0.1671875 0.034375 0.11875
2 0.3484375 0.228125 0.0140625 0.0546875
2 0.3296875 0.2296875 0.0125 0.05625