1 0.475 0.5921875 0.1828125 0.3109375
1 0.51875 0.4265625 0.1484375 0.2390625
1 0.6109375 0.18125 0.0765625 0.125
1 0.6453125 0.1078125 0.0484375 0.08125
1 0.5625 0.3265625 0.1140625 0.190625
1 0.6640625 0.053125 0.046875 0.078125
1 0.228125 0.3609375 0.0765625 0.090625
1 0.5796875 0.284375 0.090625 0.1828125
1 0.6265625 0.1484375 0.0625 0.1140625
2 0.95625 0.440625 0.046875 0.2296875
2 0.9109375 0.4296875 0.046875 0.21875
2 0.809375 0.1765625 0.0265625 0.1421875
2 0.8625 0.1921875 0.034375 0.1484375
2 0.8265625 0.103125 0.0203125 0.096875
2 0.3484375 0.2234375 0.015625 0.05625
2 0.3296875 0.2234375 0.0109375 0.05625
2 0.78125 0.034375 0.015625 0.06875
2 0.8421875 0.2 0.025 0.109375