1 0.1796875 0.678125 0.35 0.340625
1 0.421875 0.4765625 0.2234375 0.2765625
1 0.6828125 0.2953125 0.059375 0.0875
1 0.43125 0.278125 0.1671875 0.1203125
1 0.890625 0.1046875 0.0484375 0.0328125
1 0.359375 0.1171875 0.0390625 0.0171875
1 0.009375 0.8390625 0.0171875 0.1765625
2 0.5390625 0.471875 0.046875 0.2578125
2 0.0375 0.1890625 0.0109375 0.05
2 0.4859375 0.121875 0.00625 0.034375
2 0.465625 0.125 0.0078125 0.0328125
2 0.5484375 0.1203125 0.0078125 0.03125
2 0.515625 0.1234375 0.009375 0.03125
2 0.540625 0.11875 0.00625 0.0375
2 0.2984375 0.1859375 0.0109375 0.0375