1 0.8046875 0.8125 0.3046875 0.2640625
1 0.9875 0.7671875 0.025 0.140625
1 0.2875 0.34375 0.0859375 0.1421875
1 0.4984375 0.3453125 0.0890625 0.15
1 0.715625 0.9265625 0.3859375 0.146875
1 0.3171875 0.25 0.0703125 0.1125
1 0.5890625 0.265625 0.15 0.115625
1 0.35 0.175 0.05 0.0859375
1 0.4296875 0.090625 0.0265625 0.0375
1 0.375 0.13125 0.034375 0.0578125
1 0.44375 0.0640625 0.0234375 0.0265625
1 0.409375 0.08125 0.0125 0.03125
1 0.3625 0.1515625 0.0375 0.059375
1 0.565625 0.2265625 0.125 0.0859375
2 0.3046875 0.159375 0.015625 0.0640625