1 0.265625 0.8578125 0.4078125 0.2828125
1 0.9515625 0.5875 0.0953125 0.1984375
1 0.1796875 0.7140625 0.3203125 0.2453125
1 0.275 0.359375 0.09375 0.1671875
1 0.8734375 0.9234375 0.2515625 0.153125
1 0.59375 0.478125 0.2015625 0.228125
1 0.503125 0.3734375 0.090625 0.146875
1 0.5796875 0.2734375 0.1359375 0.10625
1 0.3046875 0.2734375 0.06875 0.1140625
1 0.328125 0.2234375 0.059375 0.0890625
1 0.5671875 0.2265625 0.1328125 0.0828125
1 0.34375 0.18125 0.0484375 0.078125
2 0.015625 0.4484375 0.0296875 0.1625