1 0.3859375 0.85625 0.08125 0.103125
1 0.69375 0.953125 0.0875 0.0921875
1 0.0453125 0.5375 0.0328125 0.0421875
1 0.5703125 0.559375 0.0328125 0.0625
1 0.55 0.646875 0.040625 0.0828125
1 0.425 0.3296875 0.0203125 0.021875
1 0.60625 0.2640625 0.0375 0.034375
1 0.059375 0.68125 0.040625 0.0625
1 0.05625 0.8625 0.059375 0.1203125
1 0.1015625 0.959375 0.0625 0.0796875
1 0.559375 0.834375 0.0765625 0.0984375
1 0.0203125 0.7921875 0.040625 0.078125
1 0.5359375 0.4375 0.025 0.05
1 0.025 0.3984375 0.040625 0.0359375
1 0.5484375 0.16875 0.021875 0.0203125
1 0.146875 0.8203125 0.0625 0.1125
1 0.1890625 0.9078125 0.0546875 0.0859375
1 0.053125 0.44375 0.0328125 0.0375
1 0.58125 0.5109375 0.028125 0.0515625
1 0.646875 0.2515625 0.0328125 0.028125
1 0.01875 0.590625 0.0328125 0.0484375
1 0.4421875 0.453125 0.021875 0.03125
1 0.5875 0.4640625 0.0265625 0.0515625
1 0.1171875 0.4640625 0.01875 0.021875
1 0.6796875 0.2171875 0.0296875 0.0265625
1 0.696875 0.2640625 0.0328125 0.034375
1 0.59375 0.4203125 0.025 0.0453125
1 0.0046875 0.7234375 0.009375 0.046875
2 0.6375 0.403125 0.0078125 0.0359375
2 0.3609375 0.765625 0.0125 0.053125
2 0.640625 0.359375 0.00625 0.03125
2 0.2140625 0.35625 0.0078125 0.03125
2 0.5875 0.3890625 0.00625 0.021875
2 0.7109375 0.2265625 0.00625 0.021875