1 0.3703125 0.85625 0.084375 0.078125
1 0.0515625 0.44375 0.034375 0.040625
1 0.06875 0.6015625 0.0421875 0.0640625
1 0.05625 0.871875 0.0515625 0.078125
1 0.571875 0.5609375 0.0359375 0.0625
1 0.1015625 0.959375 0.059375 0.078125
1 0.1875 0.903125 0.0640625 0.1140625
1 0.559375 0.834375 0.0765625 0.1015625
1 0.5515625 0.646875 0.0421875 0.0828125
1 0.021875 0.790625 0.04375 0.084375
1 0.5859375 0.459375 0.0296875 0.046875
1 0.0390625 0.6390625 0.0390625 0.0640625
1 0.60625 0.2640625 0.0390625 0.0328125
1 0.646875 0.25 0.0359375 0.03125
1 0.58125 0.5125 0.03125 0.0515625
1 0.10625 0.759375 0.046875 0.084375
1 0.1453125 0.821875 0.0625 0.1125
1 0.5953125 0.41875 0.028125 0.046875
1 0.0171875 0.5984375 0.034375 0.0546875
1 0.11875 0.4640625 0.0265625 0.028125
1 0.5515625 0.1671875 0.015625 0.0171875
1 0.61875 0.3203125 0.0265625 0.0421875
1 0.628125 0.2921875 0.028125 0.028125
1 0.534375 0.734375 0.0453125 0.078125
2 0.6203125 0.4515625 0.009375 0.040625
2 0.234375 0.3078125 0.00625 0.0296875