1 0.5484375 0.665625 0.2546875 0.26875
1 0.021875 0.475 0.0421875 0.13125
1 0.678125 0.615625 0.2546875 0.2390625
1 0.915625 0.4984375 0.1671875 0.1671875
1 0.9375 0.4421875 0.125 0.1203125
1 0.853125 0.5359375 0.171875 0.1703125
1 0.96875 0.3875 0.0609375 0.0640625
1 0.7765625 0.5671875 0.2171875 0.203125
2 0.06875 0.378125 0.0203125 0.0875
2 0.465625 0.4765625 0.0265625 0.140625
2 0.5171875 0.4765625 0.028125 0.1171875
2 0.2828125 0.5625 0.025 0.1
2 0.596875 0.4640625 0.0265625 0.071875
2 0.578125 0.3609375 0.015625 0.0921875