1 0.546875 0.665625 0.2546875 0.2671875
1 0.671875 0.6109375 0.225 0.2359375
1 0.9625 0.425 0.075 0.13125
1 0.915625 0.4984375 0.16875 0.1671875
1 0.771875 0.5671875 0.2265625 0.20625
1 0.85625 0.5359375 0.1671875 0.16875
2 0.265625 0.671875 0.0328125 0.228125
2 0.21875 0.7265625 0.0546875 0.221875
2 0.303125 0.4703125 0.021875 0.090625
2 0.8375 0.396875 0.0171875 0.1015625
2 0.690625 0.3875 0.015625 0.103125
2 0.4859375 0.5078125 0.0296875 0.0734375
2 0.9734375 0.3171875 0.0140625 0.075
2 0.9515625 0.315625 0.0109375 0.0734375
2 0.703125 0.4125 0.0203125 0.1171875
2 0.7515625 0.3765625 0.0171875 0.065625
2 0.515625 0.496875 0.0203125 0.0734375
2 0.578125 0.371875 0.0203125 0.1125