1 0.5671875 0.6515625 0.23125 0.2859375
1 0.675 0.60625 0.2125 0.2265625
1 0.759375 0.553125 0.2171875 0.2328125
1 0.971875 0.4296875 0.0546875 0.1
1 0.9015625 0.4796875 0.1953125 0.203125
1 0.45625 0.94375 0.3375 0.1125
1 0.859375 0.5328125 0.1609375 0.1703125
2 0.890625 0.6328125 0.0515625 0.20625
2 0.3484375 0.303125 0.01875 0.075
2 0.9 0.3125 0.0125 0.05625
2 0.9515625 0.3671875 0.0125 0.0640625
2 0.8828125 0.353125 0.015625 0.065625
2 0.771875 0.4140625 0.021875 0.0875
2 0.9375 0.36875 0.0140625 0.0625
2 0.93125 0.2890625 0.0125 0.0609375
2 0.590625 0.36875 0.0171875 0.0890625
2 0.890625 0.2984375 0.009375 0.0375