1 0.0796875 0.8234375 0.159375 0.315625
1 0.5578125 0.6765625 0.2703125 0.29375
1 0.9625 0.434375 0.075 0.1125
1 0.6703125 0.6109375 0.225 0.2375
1 0.9015625 0.4984375 0.196875 0.16875
1 0.75625 0.5484375 0.2703125 0.2734375
1 0.865625 0.534375 0.146875 0.1703125
2 0.54375 0.465625 0.0234375 0.1390625
2 0.50625 0.5 0.028125 0.109375
2 0.46875 0.3640625 0.0140625 0.0875
2 0.6375 0.4265625 0.025 0.0640625
2 0.55 0.334375 0.0171875 0.09375
2 0.296875 0.4484375 0.025 0.121875
2 0.9 0.23125 0.0171875 0.065625
2 0.9609375 0.31875 0.01875 0.0578125
2 0.8625 0.3453125 0.0265625 0.0890625
2 0.434375 0.371875 0.0125 0.0734375
2 0.4453125 0.3703125 0.0171875 0.0859375
2 0.9859375 0.3546875 0.028125 0.0484375
2 0.8921875 0.390625 0.0203125 0.053125
2 0.93125 0.290625 0.0109375 0.0578125
2 0.5890625 0.3765625 0.015625 0.0640625