1 0.54375 0.66875 0.25 0.253125
1 0.834375 0.5359375 0.2109375 0.171875
1 0.9078125 0.5 0.1828125 0.1640625
1 0.65 0.609375 0.25625 0.228125
1 0.0359375 0.25625 0.05 0.03125
2 0.803125 0.7015625 0.05 0.2234375
2 0.7109375 0.7234375 0.0515625 0.1859375
2 0.5171875 0.4359375 0.021875 0.0984375
2 0.553125 0.528125 0.0609375 0.075
2 0.740625 0.7265625 0.040625 0.1421875
2 0.453125 0.459375 0.0296875 0.1109375
2 0.01875 0.3609375 0.01875 0.0859375
2 0.971875 0.3390625 0.0109375 0.0609375
2 0.9578125 0.3015625 0.009375 0.0359375
2 0.028125 0.38125 0.0109375 0.04375
2 0.4421875 0.43125 0.01875 0.0859375