1 0.759375 0.5703125 0.2328125 0.2015625
1 0.95 0.453125 0.1 0.0984375
1 0.915625 0.4984375 0.1671875 0.165625
1 0.015625 0.2640625 0.0296875 0.03125
1 0.8484375 0.5359375 0.1796875 0.1734375
1 0.9875 0.384375 0.0234375 0.0765625
1 0.071875 0.253125 0.046875 0.0328125
2 0.01875 0.35 0.0140625 0.0828125
2 0.559375 0.703125 0.040625 0.215625
2 0.5109375 0.6796875 0.0453125 0.20625
2 0.0875 0.396875 0.0171875 0.0828125
2 0.6921875 0.39375 0.0203125 0.0765625
2 0.49375 0.7203125 0.05 0.2078125
2 0.590625 0.36875 0.01875 0.09375
2 0.0671875 0.403125 0.0171875 0.0828125
2 0.9578125 0.359375 0.021875 0.0890625
2 0.6125 0.4765625 0.053125 0.0890625
2 0.575 0.375 0.01875 0.1046875
2 0.9609375 0.3390625 0.015625 0.046875