1 0.834375 0.5375 0.2109375 0.171875
1 0.9671875 0.4296875 0.0640625 0.1078125
1 0.6734375 0.6046875 0.2109375 0.21875
1 0.578125 0.66875 0.278125 0.2921875
1 0.0359375 0.25625 0.0515625 0.0328125
1 0.953125 0.3015625 0.0390625 0.0328125
1 0.9046875 0.30625 0.028125 0.0296875
2 0.1890625 0.5234375 0.0328125 0.1671875
2 0.15 0.4859375 0.03125 0.121875
2 0.2328125 0.528125 0.0390625 0.1625
2 0.6046875 0.44375 0.034375 0.1125
2 0.553125 0.3734375 0.0171875 0.1078125
2 0.9140625 0.3578125 0.01875 0.0921875
2 0.46875 0.353125 0.01875 0.0984375
2 0.696875 0.3921875 0.0140625 0.0703125
2 0.546875 0.3890625 0.009375 0.071875
2 0.490625 0.3609375 0.0140625 0.0578125
2 0.921875 0.2734375 0.0140625 0.0578125