1 0.76875 0.565625 0.2359375 0.20625
1 0.9125 0.478125 0.1734375 0.2125
1 0.853125 0.5359375 0.1734375 0.1734375
2 0.021875 0.3421875 0.0140625 0.06875
2 0.4953125 0.2984375 0.0125 0.0640625
2 0.43125 0.36875 0.015625 0.0953125
2 0.953125 0.334375 0.015625 0.0765625
2 0.940625 0.334375 0.0109375 0.0578125
2 0.565625 0.3765625 0.0109375 0.0671875
2 0.971875 0.328125 0.0109375 0.05
2 0.484375 0.3625 0.021875 0.1015625
2 0.9296875 0.33125 0.0125 0.053125
2 0.4484375 0.3703125 0.0203125 0.08125
2 0.4765625 0.3578125 0.015625 0.090625
2 0.5296875 0.50625 0.025 0.0984375
2 0.0046875 0.3421875 0.009375 0.0765625