1 0.5484375 0.6640625 0.2546875 0.2671875
1 0.8890625 0.709375 0.2203125 0.2515625
1 0.7609375 0.5703125 0.2375 0.2015625
1 0.0296875 0.259375 0.0515625 0.0375
1 0.915625 0.4984375 0.1671875 0.165625
1 0.940625 0.4484375 0.1171875 0.1015625
1 0.85 0.5234375 0.1765625 0.14375
1 0.9625 0.396875 0.075 0.05625
1 0.9046875 0.303125 0.028125 0.028125
2 0.2296875 0.5734375 0.040625 0.1921875
2 0.5171875 0.4953125 0.0359375 0.08125
2 0.5328125 0.346875 0.0125 0.0921875
2 0.615625 0.4140625 0.0359375 0.0875
2 0.0140625 0.3421875 0.0203125 0.0984375
2 0.8921875 0.3609375 0.0171875 0.0734375
2 0.9734375 0.31875 0.0203125 0.078125
2 0.4546875 0.4484375 0.040625 0.1
2 0.6984375 0.434375 0.025 0.075
2 0.990625 0.346875 0.01875 0.040625