1 0.5578125 0.678125 0.2703125 0.29375
1 0.6703125 0.6109375 0.225 0.2375
1 0.9625 0.4359375 0.075 0.1125
1 0.9015625 0.4984375 0.196875 0.16875
1 0.75625 0.55 0.2703125 0.2734375
1 0.865625 0.534375 0.146875 0.16875
2 0.4609375 0.4109375 0.025 0.10625
2 0.6328125 0.43125 0.025 0.065625
2 0.2953125 0.440625 0.0265625 0.103125
2 0.9796875 0.3046875 0.0125 0.0640625
2 0.5140625 0.5015625 0.0390625 0.1078125
2 0.690625 0.3734375 0.021875 0.0859375
2 0.8921875 0.390625 0.0203125 0.053125
2 0.396875 0.3765625 0.0109375 0.0234375
2 0.9796875 0.359375 0.0140625 0.040625
2 0.703125 0.38125 0.01875 0.0671875
2 0.915625 0.296875 0.0109375 0.0390625
2 0.8765625 0.3015625 0.0109375 0.0484375
2 0.9921875 0.35625 0.0140625 0.05