1 0.5625 0.65 0.2484375 0.2953125
1 0.3671875 0.925 0.4390625 0.1484375
1 0.675 0.596875 0.2296875 0.2625
1 0.915625 0.496875 0.1671875 0.16875
1 0.85 0.5359375 0.1765625 0.171875
1 0.7796875 0.56875 0.1921875 0.2046875
1 0.015625 0.2640625 0.0296875 0.03125
1 0.9484375 0.453125 0.1015625 0.1
1 0.971875 0.4109375 0.0546875 0.059375
1 0.4046875 0.3734375 0.115625 0.078125
2 0.1828125 0.63125 0.046875 0.2359375
2 0.2265625 0.5625 0.040625 0.2015625
2 0.5265625 0.4796875 0.0296875 0.0578125
2 0.4828125 0.484375 0.03125 0.0625
2 0.4828125 0.35 0.0171875 0.0734375
2 0.5609375 0.328125 0.0203125 0.084375
2 0.9453125 0.29375 0.0109375 0.046875
2 0.9375 0.3125 0.0125 0.0640625
2 0.93125 0.2890625 0.0140625 0.0578125
2 0.590625 0.3703125 0.01875 0.0875