1 0.1578125 0.5296875 0.0671875 0.08125
1 0.190625 0.590625 0.0640625 0.1109375
1 0.1 0.6015625 0.0703125 0.1375
1 0.378125 0.6671875 0.0984375 0.11875
1 0.421875 0.5890625 0.08125 0.1078125
1 0.3578125 0.540625 0.078125 0.103125
1 0.4109375 0.48125 0.065625 0.078125
1 0.440625 0.4296875 0.0328125 0.0625
1 0.459375 0.48125 0.0484375 0.05625
1 0.51875 0.55625 0.1140625 0.2359375
1 0.65625 0.5953125 0.0703125 0.1203125
1 0.7140625 0.7578125 0.1296875 0.18125
1 0.853125 0.6109375 0.125 0.196875
1 0.93125 0.5640625 0.11875 0.1515625
1 0.4171875 0.8640625 0.190625 0.271875
1 0.6546875 0.41875 0.1375 0.15625
1 0.5875 0.496875 0.0484375 0.0734375
1 0.7265625 0.40625 0.04375 0.053125
1 0.846875 0.43125 0.090625 0.0984375
1 0.8640625 0.3859375 0.0921875 0.08125
1 0.9671875 0.41875 0.0640625 0.0859375
1 0.525 0.378125 0.05625 0.05625
1 0.7546875 0.3671875 0.0453125 0.053125