1 0.4109375 0.7015625 0.09375 0.065625
1 0.840625 0.7296875 0.096875 0.0671875
1 0.590625 0.7640625 0.0921875 0.0765625
1 0.53125 0.6765625 0.0890625 0.06875
1 0.728125 0.559375 0.0640625 0.0484375
1 0.6203125 0.56875 0.075 0.0421875
1 0.2265625 0.54375 0.05625 0.025
1 0.28125 0.534375 0.0578125 0.046875
1 0.1828125 0.678125 0.0796875 0.065625
1 0.45625 0.5421875 0.0640625 0.0484375
1 0.65 0.5546875 0.05625 0.0453125
1 0.54375 0.546875 0.0640625 0.05
1 0.503125 0.3375 0.025 0.0234375
2 0.0640625 0.4796875 0.0078125 0.0375
2 0.61875 0.53125 0.00625 0.0328125
2 0.88125 0.6078125 0.0109375 0.04375
2 0.0296875 0.6359375 0.0203125 0.06875
2 0.71875 0.5984375 0.0109375 0.0484375
2 0.0703125 0.484375 0.009375 0.0296875