1 0.103125 0.6171875 0.0921875 0.1484375
1 0.153125 0.5421875 0.0578125 0.1078125
1 0.209375 0.61875 0.09375 0.1296875
1 0.3546875 0.5484375 0.0578125 0.096875
1 0.425 0.6359375 0.0953125 0.11875
1 0.3625 0.7140625 0.0828125 0.1625
1 0.5109375 0.8875 0.1234375 0.2234375
1 0.59375 0.61875 0.1 0.1578125
1 0.4875 0.553125 0.0734375 0.109375
1 0.465625 0.4859375 0.0515625 0.071875
1 0.4140625 0.4921875 0.0671875 0.1
1 0.5984375 0.515625 0.0578125 0.071875
1 0.65 0.55625 0.0671875 0.1015625
1 0.665625 0.4640625 0.05625 0.09375
1 0.559375 0.4328125 0.0921875 0.1671875
1 0.634375 0.39375 0.08125 0.109375
1 0.865625 0.621875 0.1421875 0.171875
1 0.9390625 0.5875 0.1109375 0.15
1 0.8484375 0.44375 0.0953125 0.0796875
1 0.8765625 0.40625 0.0921875 0.0703125
1 0.9703125 0.4359375 0.059375 0.0875
1 0.753125 0.3984375 0.0609375 0.06875
1 0.7078125 0.3859375 0.0453125 0.0609375
1 0.6921875 0.4328125 0.0359375 0.059375
1 0.7609375 0.328125 0.0265625 0.0515625