1 0.44375 0.5453125 0.2703125 0.334375
1 0.0890625 0.509375 0.178125 0.2515625
1 0.371875 0.3828125 0.2734375 0.2203125
1 0.5609375 0.13125 0.0625 0.103125
1 0.728125 0.109375 0.0453125 0.0921875
1 0.603125 0.053125 0.040625 0.0609375
1 0.51875 0.19375 0.1109375 0.1109375
1 0.7125 0.0625 0.034375 0.0609375
1 0.784375 0.14375 0.078125 0.1390625
1 0.7203125 0.08125 0.0390625 0.071875
1 0.4578125 0.23125 0.2125 0.153125
1 0.6140625 0.034375 0.034375 0.065625
1 0.415625 0.2890625 0.23125 0.1359375
2 0.675 0.0734375 0.015625 0.071875
2 0.3296875 0.0640625 0.0078125 0.0328125