1 0.0875 0.4921875 0.1734375 0.2390625
1 0.5515625 0.8734375 0.2515625 0.2515625
1 0.371875 0.38125 0.2734375 0.2171875
1 0.7234375 0.0609375 0.0421875 0.0609375
1 0.6515625 0.0625 0.0484375 0.0609375
1 0.615625 0.0375 0.0328125 0.053125
1 0.4859375 0.0140625 0.0328125 0.028125
1 0.4140625 0.2875 0.221875 0.1578125
1 0.3578125 0.0109375 0.0296875 0.021875
1 0.4484375 0.2296875 0.2125 0.1625
2 0.7390625 0.1578125 0.0203125 0.09375
2 0.7140625 0.1515625 0.01875 0.1015625
2 0.3296875 0.0640625 0.0078125 0.034375