1 0.0671875 0.86875 0.1328125 0.2609375
1 0.0703125 0.2421875 0.0703125 0.04375
1 0.6109375 0.8765625 0.48125 0.2421875
1 0.8671875 0.340625 0.0984375 0.0890625
1 0.31875 0.2328125 0.0796875 0.05625
1 0.8265625 0.753125 0.134375 0.14375
1 0.76875 0.2734375 0.046875 0.0640625
1 0.234375 0.2421875 0.0421875 0.05
1 0.18125 0.2515625 0.04375 0.0484375
2 0.09375 0.3859375 0.034375 0.1125
2 0.0125 0.41875 0.0234375 0.1140625
2 0.153125 0.346875 0.01875 0.059375
2 0.0734375 0.4734375 0.034375 0.1140625