1 0.565625 0.7109375 0.1265625 0.30625
1 0.8 0.675 0.1546875 0.2828125
1 0.9375 0.6984375 0.1234375 0.278125
1 0.984375 0.446875 0.03125 0.096875
1 0.83125 0.1875 0.0484375 0.06875
1 0.9078125 0.2890625 0.0703125 0.09375
1 0.8625 0.228125 0.0625 0.0765625
1 0.953125 0.3609375 0.08125 0.10625
1 0.7703125 0.11875 0.04375 0.0625
1 0.7515625 0.0921875 0.025 0.04375
2 0.290625 0.23125 0.0203125 0.09375
2 0.1953125 0.8453125 0.046875 0.2125
2 0.3640625 0.14375 0.015625 0.0765625
2 0.8265625 0.1078125 0.0109375 0.0515625
2 0.38125 0.0515625 0.009375 0.0390625
2 0.390625 0.3890625 0.01875 0.053125
2 0.3890625 0.0484375 0.00625 0.03125
2 0.2921875 0.1203125 0.0140625 0.0453125
2 0.4734375 0.0859375 0.015625 0.059375
2 0.30625 0.10625 0.015625 0.0390625
2 0.40625 0.0640625 0.009375 0.0515625
2 0.4109375 0.0703125 0.0078125 0.0359375
2 0.8171875 0.1140625 0.0078125 0.0328125