1 0.10625 0.903125 0.2109375 0.190625
1 0.8265625 0.7078125 0.1515625 0.2203125
1 0.684375 0.7203125 0.1421875 0.2921875
1 0.5640625 0.7078125 0.128125 0.3
1 0.9078125 0.2890625 0.0703125 0.0921875
1 0.984375 0.44375 0.0296875 0.1125
1 0.9578125 0.3609375 0.084375 0.13125
1 0.865625 0.2359375 0.065625 0.08125
1 0.9375 0.7015625 0.125 0.2109375
1 0.0734375 0.0265625 0.0203125 0.021875
1 0.8328125 0.1875 0.053125 0.071875
1 0.678125 0.0359375 0.05 0.040625
1 0.79375 0.146875 0.0453125 0.059375
2 0.36875 0.2734375 0.0171875 0.103125
2 0.5265625 0.1109375 0.0140625 0.0609375
2 0.540625 0.1171875 0.0109375 0.065625
2 0.6078125 0.08125 0.0125 0.0609375
2 0.346875 0.28125 0.015625 0.08125
2 0.26875 0.2625 0.0203125 0.06875
2 0.671875 0.18125 0.0203125 0.05625
2 0.6609375 0.1734375 0.0171875 0.05625
2 0.190625 0.2734375 0.0359375 0.09375
2 0.2515625 0.284375 0.0203125 0.0546875
2 0.475 0.0859375 0.0140625 0.0578125
2 0.628125 0.0765625 0.00625 0.0375