1 0.684375 0.721875 0.1421875 0.29375
1 0.565625 0.709375 0.128125 0.3015625
1 0.9078125 0.2859375 0.071875 0.0890625
1 0.85625 0.2265625 0.0609375 0.0859375
1 0.7453125 0.0890625 0.0375 0.0515625
1 0.790625 0.140625 0.05 0.0609375
1 0.7046875 0.0359375 0.0359375 0.0375
1 0.8296875 0.1765625 0.04375 0.046875
1 0.6515625 0.025 0.0515625 0.0375
2 0.321875 0.1890625 0.01875 0.084375
2 0.3953125 0.13125 0.015625 0.0625
2 0.08125 0.615625 0.0234375 0.1484375
2 0.125 0.6 0.0234375 0.146875
2 0.6 0.096875 0.0125 0.0578125
2 0.140625 0.625 0.021875 0.115625
2 0.70625 0.684375 0.03125 0.0515625
2 0.46875 0.278125 0.015625 0.08125
2 0.5875 0.10625 0.009375 0.0328125
2 0.5890625 0.10625 0.0078125 0.0328125
2 0.328125 0.1078125 0.0109375 0.034375