1 0.1109375 0.90625 0.221875 0.1875
1 0.934375 0.6890625 0.128125 0.25625
1 0.9078125 0.2890625 0.0703125 0.09375
1 0.5640625 0.7078125 0.1265625 0.3015625
1 0.70625 0.6859375 0.1453125 0.2953125
1 0.753125 0.09375 0.028125 0.0453125
1 0.828125 0.684375 0.1453125 0.26875
1 0.85625 0.2234375 0.0640625 0.08125
1 0.68125 0.034375 0.0515625 0.0328125
1 0.953125 0.3640625 0.075 0.096875
1 0.8296875 0.184375 0.0453125 0.0640625
1 0.975 0.9859375 0.05 0.025
1 0.9859375 0.41875 0.0265625 0.1375
1 0.675 0.0875 0.0515625 0.0375
1 0.9921875 0.5984375 0.0140625 0.103125
2 0.78125 0.9234375 0.0421875 0.1515625