1 0.121875 0.9140625 0.24375 0.165625
1 0.703125 0.70625 0.140625 0.275
1 0.565625 0.7125 0.1265625 0.3109375
1 0.9078125 0.2890625 0.0703125 0.09375
1 0.9609375 0.371875 0.078125 0.1265625
1 0.928125 0.68125 0.14375 0.334375
1 0.83125 0.1859375 0.046875 0.0671875
1 0.8640625 0.23125 0.059375 0.084375
1 0.7703125 0.121875 0.04375 0.059375
1 0.690625 0.0390625 0.0546875 0.034375
1 0.753125 0.0921875 0.0265625 0.0421875
2 0.303125 0.109375 0.0109375 0.0671875
2 0.2921875 0.1234375 0.0109375 0.0375
2 0.6 0.0265625 0.0109375 0.0375
2 0.390625 0.3890625 0.01875 0.05625
2 0.2828125 0.071875 0.0078125 0.0328125