1 0.121875 0.9140625 0.24375 0.165625
1 0.703125 0.70625 0.140625 0.2734375
1 0.565625 0.7125 0.1265625 0.309375
1 0.9078125 0.290625 0.0703125 0.096875
1 0.925 0.68125 0.146875 0.334375
1 0.959375 0.3734375 0.078125 0.128125
1 0.7703125 0.1203125 0.04375 0.059375
1 0.83125 0.1875 0.046875 0.06875
1 0.865625 0.23125 0.059375 0.084375
1 0.6890625 0.0390625 0.053125 0.0359375
1 0.753125 0.09375 0.0265625 0.0421875
2 0.2921875 0.1234375 0.0125 0.0375
2 0.2984375 0.115625 0.01875 0.053125
2 0.390625 0.3890625 0.0203125 0.05625