1 0.109375 0.90625 0.2171875 0.1859375
1 0.946875 0.6734375 0.10625 0.2875
1 0.565625 0.709375 0.128125 0.3046875
1 0.684375 0.721875 0.14375 0.2921875
1 0.8015625 0.675 0.153125 0.28125
1 0.9078125 0.2875 0.0671875 0.090625
1 0.9578125 0.365625 0.084375 0.1234375
1 0.8546875 0.2265625 0.0640625 0.0890625
1 0.75 0.090625 0.0234375 0.0453125
1 0.7953125 0.1453125 0.0484375 0.0640625
1 0.990625 0.459375 0.01875 0.0796875
2 0.2390625 0.765625 0.0359375 0.175
2 0.40625 0.0921875 0.009375 0.059375
2 0.3078125 0.0984375 0.01875 0.05
2 0.2109375 0.2921875 0.0234375 0.1140625
2 0.203125 0.28125 0.0421875 0.1359375
2 0.55 0.190625 0.015625 0.0546875
2 0.5046875 0.1796875 0.0125 0.05
2 0.14375 0.0359375 0.009375 0.0421875
2 0.41875 0.090625 0.009375 0.0546875
2 0.7203125 0.1453125 0.0078125 0.0453125
2 0.5015625 0.1484375 0.0140625 0.0578125
2 0.7265625 0.146875 0.009375 0.0453125
2 0.55625 0.0828125 0.0046875 0.0265625