1 0.565625 0.7109375 0.1265625 0.3078125
1 0.8 0.6765625 0.1546875 0.28125
1 0.9375 0.6984375 0.1234375 0.2765625
1 0.984375 0.446875 0.03125 0.096875
1 0.7703125 0.11875 0.04375 0.0625
1 0.9078125 0.2890625 0.0703125 0.09375
1 0.83125 0.1859375 0.0484375 0.0671875
1 0.9546875 0.3609375 0.0796875 0.10625
1 0.8625 0.228125 0.0625 0.075
1 0.690625 0.0375 0.05625 0.034375
2 0.4265625 0.0921875 0.0109375 0.05625
2 0.475 0.0859375 0.015625 0.059375
2 0.4140625 0.2484375 0.0140625 0.096875
2 0.459375 0.2625 0.0109375 0.0625
2 0.4234375 0.2515625 0.015625 0.1015625
2 0.409375 0.0671875 0.0125 0.040625
2 0.290625 0.121875 0.015625 0.0421875
2 0.39375 0.05 0.0078125 0.0359375
2 0.4359375 0.09375 0.0078125 0.0578125