1 0.1171875 0.925 0.234375 0.14375
1 0.565625 0.709375 0.128125 0.3015625
1 0.95625 0.6921875 0.0875 0.2703125
1 0.7109375 0.6859375 0.1484375 0.2953125
1 0.84375 0.6921875 0.153125 0.2765625
1 0.984375 0.44375 0.0296875 0.1125
1 0.65 0.0234375 0.0546875 0.04375
1 0.865625 0.2359375 0.0609375 0.078125
1 0.959375 0.3640625 0.08125 0.121875
1 0.828125 0.1875 0.05 0.06875
1 0.9046875 0.290625 0.0640625 0.0921875
1 0.79375 0.146875 0.046875 0.0578125
1 0.771875 0.1171875 0.040625 0.053125
1 0.753125 0.09375 0.025 0.04375
1 0.70625 0.0375 0.0359375 0.0375
2 0.5890625 0.328125 0.0234375 0.115625
2 0.1984375 0.2734375 0.0390625 0.08125
2 0.61875 0.1515625 0.0203125 0.075
2 0.384375 0.4609375 0.028125 0.1015625
2 0.4171875 0.4640625 0.0296875 0.096875
2 0.628125 0.1046875 0.009375 0.05625
2 0.13125 0.0328125 0.0109375 0.0484375
2 0.375 0.0640625 0.0109375 0.0484375
2 0.88125 0.1609375 0.0078125 0.05625
2 0.728125 0.1453125 0.009375 0.0453125
2 0.525 0.321875 0.0140625 0.053125
2 0.3703125 0.0640625 0.0078125 0.046875
2 0.7203125 0.1390625 0.0171875 0.0375
2 0.534375 0.3171875 0.0109375 0.0484375