1 0.9546875 0.6828125 0.0890625 0.2625
1 0.7109375 0.684375 0.15 0.2890625
1 0.84375 0.690625 0.153125 0.275
1 0.565625 0.709375 0.128125 0.3046875
1 0.11875 0.9265625 0.2359375 0.1453125
1 0.9859375 0.4453125 0.028125 0.1140625
1 0.9453125 0.365625 0.05625 0.1171875
1 0.90625 0.2921875 0.071875 0.090625
1 0.865625 0.2359375 0.0625 0.075
1 0.79375 0.146875 0.046875 0.0578125
1 0.8328125 0.1890625 0.05 0.0625
2 0.6359375 0.1125 0.0125 0.059375
2 0.61875 0.1140625 0.0125 0.065625
2 0.296875 0.103125 0.009375 0.0390625
2 0.4125 0.028125 0.009375 0.0359375
2 0.2875 0.121875 0.009375 0.04375