1 0.1234375 0.6265625 0.246875 0.2921875
1 0.71875 0.178125 0.0703125 0.1109375
1 0.5625 0.1390625 0.0796875 0.103125
1 0.3984375 0.3078125 0.109375 0.1546875
1 0.459375 0.253125 0.1234375 0.153125
1 0.425 0.1234375 0.0828125 0.0890625
1 0.346875 0.1140625 0.0890625 0.0765625
1 0.978125 0.4109375 0.04375 0.1671875
1 0.659375 0.15625 0.0484375 0.1125
1 0.79375 0.1890625 0.0578125 0.1109375
1 0.296875 0.109375 0.075 0.08125
1 0.9484375 0.2375 0.0578125 0.1140625
1 0.25625 0.0109375 0.053125 0.021875
1 0.8734375 0.2109375 0.059375 0.1109375
1 0.3359375 0.2125 0.0921875 0.15625
1 0.4859375 0.1296875 0.0953125 0.1078125
1 0.2421875 0.103125 0.06875 0.0734375
1 0.221875 0.10625 0.04375 0.0890625
2 0.309375 0.04375 0.0109375 0.053125