1 0.415625 0.3234375 0.1390625 0.1875
1 0.3578125 0.103125 0.0953125 0.0953125
1 0.759375 0.2234375 0.153125 0.1203125
1 0.29375 0.103125 0.084375 0.0921875
1 0.9765625 0.4046875 0.046875 0.1625
1 0.490625 0.2578125 0.134375 0.18125
1 0.9515625 0.2359375 0.059375 0.11875
1 0.8703125 0.2140625 0.0671875 0.1140625
1 0.4328125 0.1203125 0.0890625 0.096875
1 0.7171875 0.171875 0.0703125 0.1015625
1 0.634375 0.1484375 0.071875 0.1140625
1 0.5671875 0.140625 0.0765625 0.1015625
1 0.5015625 0.1296875 0.084375 0.0984375
1 0.3453125 0.2234375 0.09375 0.15625
1 0.7953125 0.175 0.05 0.084375
1 0.2375 0.15625 0.0671875 0.1203125
1 0.24375 0.103125 0.0546875 0.06875
1 0.925 0.4046875 0.0796875 0.1796875
2 0.5859375 0.4390625 0.046875 0.165625