1 0.415625 0.31875 0.1390625 0.196875
1 0.7015625 0.1734375 0.06875 0.1078125
1 0.4 0.1171875 0.0921875 0.090625
1 0.79375 0.190625 0.05625 0.1125
1 0.340625 0.1125 0.0828125 0.0875
1 0.2859375 0.1109375 0.090625 0.0859375
1 0.4703125 0.128125 0.1 0.1015625
1 0.59375 0.171875 0.10625 0.1234375
1 0.553125 0.1421875 0.08125 0.0953125
1 0.8765625 0.2109375 0.0625 0.1109375
1 0.95 0.2359375 0.0578125 0.1171875
1 0.2359375 0.1046875 0.071875 0.0828125
2 0.659375 0.20625 0.0390625 0.1125
2 0.290625 0.046875 0.0140625 0.0484375
2 0.409375 0.025 0.0125 0.046875
2 0.5109375 0.1234375 0.0171875 0.0703125
2 0.3359375 0.053125 0.0109375 0.0265625