1 0.415625 0.3234375 0.1390625 0.1875
1 0.759375 0.225 0.1546875 0.11875
1 0.871875 0.2140625 0.0703125 0.1140625
1 0.9765625 0.4046875 0.046875 0.1578125
1 0.3578125 0.103125 0.0953125 0.09375
1 0.490625 0.25625 0.134375 0.18125
1 0.4328125 0.1203125 0.0890625 0.0984375
1 0.9515625 0.2359375 0.059375 0.11875
1 0.29375 0.103125 0.084375 0.0921875
1 0.5671875 0.140625 0.075 0.1015625
1 0.5015625 0.1296875 0.084375 0.0984375
1 0.715625 0.171875 0.06875 0.1015625
1 0.7953125 0.175 0.0515625 0.084375
1 0.34375 0.2234375 0.096875 0.1578125
1 0.2375 0.15625 0.0671875 0.1203125
1 0.2078125 0.03125 0.015625 0.0359375
1 0.6328125 0.1484375 0.0703125 0.1140625
1 0.2359375 0.1015625 0.0703125 0.075
2 0.753125 0.153125 0.0203125 0.0296875
2 0.2890625 0.1875 0.0109375 0.0578125
2 0.321875 0.140625 0.0109375 0.0265625
2 0.3015625 0.1875 0.015625 0.0734375
2 0.303125 0.15 0.0125 0.0328125
2 0.00625 0.796875 0.0125 0.1625