1 0.5953125 0.8421875 0.325 0.278125
1 0.6421875 0.54375 0.1671875 0.178125
1 0.921875 0.859375 0.1546875 0.2765625
1 0.496875 0.5421875 0.140625 0.153125
1 0.821875 0.5609375 0.184375 0.1796875
1 0.953125 0.559375 0.09375 0.153125
1 0.36875 0.55 0.115625 0.1671875
1 0.0265625 0.5796875 0.053125 0.1234375
1 0.15625 0.5625 0.0703125 0.1265625
1 0.2484375 0.559375 0.09375 0.1515625
1 0.084375 0.5734375 0.05625 0.1265625
1 0.9796875 0.2703125 0.0375 0.0328125
1 0.0546875 0.4109375 0.084375 0.071875
1 0.20625 0.2484375 0.0234375 0.0265625
2 0.0609375 0.7578125 0.046875 0.153125
2 0.690625 0.3140625 0.040625 0.1078125