1 0.596875 0.840625 0.321875 0.278125
1 0.646875 0.55625 0.1765625 0.1828125
1 0.8953125 0.8546875 0.2078125 0.2875
1 0.953125 0.5578125 0.09375 0.1515625
1 0.4875 0.5328125 0.15 0.178125
1 0.36875 0.55 0.115625 0.16875
1 0.821875 0.5625 0.184375 0.1828125
1 0.084375 0.58125 0.0609375 0.13125
1 0.0234375 0.578125 0.046875 0.121875
1 0.865625 0.25 0.040625 0.034375
1 0.753125 0.23125 0.046875 0.0359375
1 0.909375 0.221875 0.0125 0.021875
1 0.6953125 0.225 0.046875 0.03125
2 0.84375 0.353125 0.0109375 0.05
2 0.7359375 0.38125 0.0078125 0.03125