1 0.8921875 0.8625 0.215625 0.2703125
1 0.596875 0.8421875 0.321875 0.278125
1 0.95625 0.56875 0.0875 0.13125
1 0.4875 0.5328125 0.11875 0.1734375
1 0.2453125 0.5609375 0.09375 0.15
1 0.078125 0.5734375 0.0578125 0.134375
1 0.15 0.55625 0.0703125 0.1640625
1 0.36875 0.5484375 0.1140625 0.171875
1 0.6265625 0.5328125 0.165625 0.2078125
1 0.86875 0.246875 0.040625 0.0359375
1 0.6390625 0.2296875 0.0453125 0.0234375
1 0.4640625 0.2328125 0.034375 0.0296875
1 0.5796875 0.228125 0.046875 0.0265625
1 0.8109375 0.2421875 0.0421875 0.0359375
1 0.4203125 0.2359375 0.040625 0.0265625
1 0.528125 0.228125 0.046875 0.028125
1 0.8078125 0.5625 0.184375 0.1890625
1 0.9375 0.2625 0.0375 0.028125
1 0.7578125 0.2359375 0.0453125 0.0328125
1 0.0234375 0.571875 0.046875 0.1421875
2 0.39375 0.35 0.015625 0.075
2 0.2921875 0.3625 0.0140625 0.0625
2 0.7203125 0.3328125 0.0125 0.06875
2 0.353125 0.3859375 0.0140625 0.0765625
2 0.3546875 0.340625 0.0125 0.046875
2 0.7734375 0.3796875 0.0171875 0.0859375
2 0.86875 0.2921875 0.009375 0.0515625
2 0.978125 0.3328125 0.009375 0.05625
2 0.3203125 0.3734375 0.0140625 0.05625
2 0.45 0.2390625 0.0078125 0.0328125
2 0.9375 0.34375 0.015625 0.0765625
2 0.740625 0.3234375 0.0078125 0.0609375
2 0.93125 0.2953125 0.009375 0.04375
2 0.778125 0.3046875 0.009375 0.0359375
2 0.478125 0.253125 0.009375 0.0359375