1 0.596875 0.8421875 0.321875 0.2796875
1 0.8953125 0.8546875 0.2078125 0.2875
1 0.2546875 0.5671875 0.1 0.1453125
1 0.9515625 0.5578125 0.0953125 0.15
1 0.4984375 0.546875 0.146875 0.1609375
1 0.646875 0.55625 0.1765625 0.184375
1 0.153125 0.56875 0.0640625 0.146875
1 0.36875 0.55 0.115625 0.171875
1 0.0234375 0.5796875 0.046875 0.121875
1 0.08125 0.5734375 0.053125 0.1234375
1 0.825 0.578125 0.1890625 0.1671875
1 0.909375 0.21875 0.0140625 0.0265625
1 0.865625 0.2484375 0.0390625 0.03125
1 0.534375 0.228125 0.0375 0.028125
1 0.6953125 0.2265625 0.046875 0.0328125
1 0.809375 0.2390625 0.0421875 0.0359375
1 0.9359375 0.2625 0.0375 0.028125
2 0.3921875 0.8953125 0.0609375 0.20625
2 0.3 0.4109375 0.015625 0.0578125
2 0.4125 0.884375 0.078125 0.203125
2 0.56875 0.3640625 0.0171875 0.059375
2 0.3375 0.4234375 0.0171875 0.034375
2 0.475 0.2609375 0.0109375 0.0328125
2 0.803125 0.3109375 0.0109375 0.0484375
2 0.9734375 0.3328125 0.009375 0.0484375