1 0.596875 0.840625 0.321875 0.2765625
1 0.4953125 0.5421875 0.140625 0.15625
1 0.9546875 0.5609375 0.090625 0.146875
1 0.2484375 0.559375 0.0921875 0.153125
1 0.36875 0.55 0.115625 0.16875
1 0.159375 0.56875 0.0734375 0.1359375
1 0.0265625 0.5703125 0.053125 0.13125
1 0.078125 0.575 0.0578125 0.1328125
1 0.4203125 0.2375 0.046875 0.0234375
1 0.640625 0.2296875 0.046875 0.0234375
2 0.2515625 0.8390625 0.078125 0.1828125
2 0.7796875 0.3546875 0.0171875 0.0734375
2 0.278125 0.4203125 0.0171875 0.071875
2 0.815625 0.3015625 0.0125 0.0421875
2 0.6640625 0.30625 0.009375 0.040625
2 0.021875 0.515625 0.009375 0.021875
2 0.8 0.303125 0.009375 0.0375