1 0.596875 0.840625 0.321875 0.275
1 0.6703125 0.565625 0.1609375 0.1734375
1 0.4953125 0.540625 0.140625 0.153125
1 0.8890625 0.8671875 0.2203125 0.2609375
1 0.246875 0.5578125 0.09375 0.1515625
1 0.9375 0.5671875 0.1234375 0.18125
1 0.15625 0.571875 0.0671875 0.1484375
1 0.078125 0.571875 0.0578125 0.1328125
1 0.36875 0.5484375 0.115625 0.16875
1 0.0265625 0.5640625 0.053125 0.14375
1 0.6421875 0.2296875 0.0484375 0.028125
2 0.6453125 0.925 0.0390625 0.1484375
2 0.278125 0.4078125 0.021875 0.0828125
2 0.725 0.975 0.034375 0.0484375
2 0.7359375 0.384375 0.0078125 0.0328125
2 0.2921875 0.4140625 0.015625 0.075
2 0.084375 0.7546875 0.0421875 0.153125