1 0.75625 0.5828125 0.20625 0.33125
1 0.2046875 0.5359375 0.2 0.365625
1 0.4890625 0.5375 0.178125 0.3953125
1 0.4046875 0.1203125 0.040625 0.0421875
1 0.9765625 0.2203125 0.0453125 0.071875
1 0.7859375 0.18125 0.06875 0.0546875
1 0.9046875 0.21875 0.09375 0.06875
1 0.375 0.1109375 0.03125 0.0421875
1 0.25625 0.10625 0.04375 0.0328125
1 0.6796875 0.1703125 0.0421875 0.053125
1 0.075 0.4984375 0.15 0.4203125
1 0.9921875 0.5109375 0.0140625 0.1484375
1 0.7125 0.175 0.075 0.05625
2 0.73125 0.1828125 0.01875 0.0859375
2 0.196875 0.1328125 0.0109375 0.059375
2 0.2046875 0.134375 0.009375 0.0625