1 0.196875 0.5359375 0.2234375 0.365625
1 0.7609375 0.603125 0.2515625 0.3609375
1 0.68125 0.1734375 0.084375 0.0625
1 0.059375 0.5234375 0.11875 0.33125
1 0.921875 0.5734375 0.1546875 0.3265625
1 0.53125 0.1515625 0.0796875 0.0640625
1 0.446875 0.1234375 0.0359375 0.0640625
1 0.3890625 0.1125 0.0265625 0.0421875
1 0.51875 0.1078125 0.0359375 0.0234375
1 0.9765625 0.221875 0.0453125 0.0734375
2 0.509375 0.15625 0.0203125 0.0703125
2 0.4703125 0.121875 0.0125 0.059375
2 0.4953125 0.1484375 0.0109375 0.053125