1 0.196875 0.5359375 0.2234375 0.365625
1 0.921875 0.571875 0.1546875 0.325
1 0.7609375 0.6015625 0.2515625 0.3609375
1 0.6828125 0.1734375 0.0828125 0.0625
1 0.059375 0.525 0.11875 0.3328125
1 0.53125 0.1484375 0.0796875 0.06875
1 0.4046875 0.1203125 0.040625 0.0453125
1 0.115625 0.25625 0.0671875 0.0875
1 0.3890625 0.1125 0.0265625 0.0421875
1 0.51875 0.10625 0.034375 0.0203125
1 0.9765625 0.221875 0.0453125 0.0734375
1 0.9109375 0.2171875 0.0734375 0.071875
2 0.7453125 0.1765625 0.0140625 0.0640625
2 0.8609375 0.2359375 0.015625 0.0921875
2 0.421875 0.14375 0.0125 0.0640625