1 0.1 0.55625 0.2 0.321875
1 0.671875 0.1703125 0.0921875 0.0671875
1 0.9328125 0.5640625 0.1328125 0.2921875
1 0.7703125 0.1796875 0.0890625 0.0578125
1 0.78125 0.5265625 0.2359375 0.43125
1 0.9765625 0.221875 0.046875 0.0734375
1 0.228125 0.10625 0.0578125 0.0328125
1 0.40625 0.1203125 0.040625 0.04375
1 0.9015625 0.2171875 0.0921875 0.0734375
1 0.0234375 0.1078125 0.0375 0.0390625
1 0.521875 0.1078125 0.0265625 0.028125
1 0.1515625 0.1046875 0.0625 0.0359375
1 0.38125 0.1109375 0.03125 0.04375
1 0.0890625 0.10625 0.05 0.0359375
1 0.540625 0.109375 0.0640625 0.03125
2 0.1546875 0.709375 0.075 0.36875