1 0.9203125 0.6546875 0.1578125 0.271875
1 0.0734375 0.4328125 0.146875 0.1765625
1 0.865625 0.55 0.2671875 0.2390625
1 0.040625 0.575 0.08125 0.1828125
1 0.5640625 0.2390625 0.1609375 0.1125
1 0.9703125 0.8203125 0.0578125 0.2140625
1 0.7921875 0.4453125 0.2546875 0.221875
1 0.509375 0.184375 0.146875 0.09375
1 0.725 0.3765625 0.2125 0.1828125
1 0.259375 0.2625 0.0390625 0.0734375
1 0.64375 0.325 0.1625 0.1640625
1 0.23125 0.1640625 0.0671875 0.1
1 0.9234375 0.06875 0.06875 0.0671875
1 0.2828125 0.103125 0.04375 0.071875
1 0.25625 0.128125 0.0609375 0.084375
1 0.459375 0.125 0.109375 0.078125
1 0.6375 0.2734375 0.1765625 0.1328125
1 0.3109375 0.09375 0.021875 0.0328125
1 0.259375 0.01875 0.034375 0.034375
1 0.2171875 0.2453125 0.1234375 0.109375
1 0.490625 0.1546875 0.1421875 0.1078125
2 0.7859375 0.1703125 0.0171875 0.0953125
2 0.8046875 0.175 0.01875 0.1078125