1 0.040625 0.5734375 0.08125 0.190625
1 0.9828125 0.8375 0.034375 0.184375
1 0.65625 0.2859375 0.20625 0.1625
1 0.8671875 0.571875 0.2640625 0.2390625
1 0.06875 0.43125 0.1375 0.18125
1 0.928125 0.675 0.1421875 0.2921875
1 0.5734375 0.2390625 0.178125 0.1125
1 0.2125 0.2390625 0.18125 0.134375
1 0.971875 0.09375 0.0546875 0.071875
1 0.1640625 0.26875 0.1578125 0.10625
1 0.71875 0.01875 0.05 0.0375
1 0.5125 0.1875 0.1484375 0.09375
1 0.7015625 0.346875 0.21875 0.1421875
1 0.11875 0.3703125 0.2375 0.1671875
1 0.8125 0.459375 0.259375 0.2140625
1 0.490625 0.1640625 0.140625 0.0796875
1 0.2359375 0.16875 0.0640625 0.084375
1 0.921875 0.06875 0.0671875 0.06875
1 0.278125 0.10625 0.053125 0.071875
1 0.859375 0.0515625 0.0609375 0.0546875
1 0.80625 0.0359375 0.05625 0.0484375
1 0.746875 0.4 0.21875 0.1609375
1 0.4625 0.1328125 0.1109375 0.08125
2 0.903125 0.2203125 0.025 0.1109375
2 0.8953125 0.0328125 0.009375 0.0265625
2 0.9046875 0.0296875 0.00625 0.0140625