1 0.146875 0.609375 0.2171875 0.3078125
1 0.9578125 0.815625 0.0828125 0.2546875
1 0.9734375 0.090625 0.053125 0.0671875
1 0.4921875 0.1671875 0.1453125 0.0859375
1 0.565625 0.2390625 0.1640625 0.1125
1 0.89375 0.621875 0.2125 0.30625
1 0.065625 0.434375 0.13125 0.19375
1 0.8578125 0.5203125 0.284375 0.2484375
1 0.253125 0.1390625 0.059375 0.08125
1 0.0375 0.5609375 0.075 0.1640625
1 0.8625 0.053125 0.0640625 0.0578125
1 0.634375 0.2796875 0.171875 0.14375
1 0.25625 0.2625 0.0421875 0.078125
1 0.7984375 0.43125 0.2515625 0.19375
1 0.690625 0.321875 0.2046875 0.1390625
1 0.696875 0.3765625 0.1671875 0.1578125
1 0.4578125 0.1296875 0.140625 0.09375
1 0.7609375 0.021875 0.0484375 0.040625
1 0.809375 0.0375 0.0578125 0.0484375
1 0.28125 0.1046875 0.046875 0.071875
1 0.73125 0.01875 0.0265625 0.0359375
1 0.2125 0.2484375 0.13125 0.1078125
2 0.81875 0.1671875 0.021875 0.103125
2 0.7375 0.1390625 0.021875 0.0859375
2 0.3046875 0.1671875 0.01875 0.1