1 0.634375 0.659375 0.0328125 0.06875
1 0.596875 0.975 0.04375 0.046875
1 0.6625 0.58125 0.034375 0.0609375
1 0.2265625 0.9546875 0.075 0.0890625
1 0.70625 0.4578125 0.028125 0.05
1 0.73125 0.1046875 0.01875 0.0328125
1 0.6875 0.178125 0.0171875 0.0265625
1 0.4484375 0.9640625 0.090625 0.06875
1 0.475 0.9140625 0.084375 0.090625
1 0.7265625 0.390625 0.0203125 0.0421875
1 0.490625 0.871875 0.078125 0.096875
1 0.746875 0.3375 0.01875 0.0296875
1 0.7578125 0.209375 0.015625 0.0234375
1 0.7640625 0.290625 0.015625 0.021875
1 0.7171875 0.425 0.0234375 0.0390625
2 0.7 0.8671875 0.0109375 0.0390625
2 0.6046875 0.8125 0.0109375 0.040625
2 0.6140625 0.81875 0.0046875 0.028125
2 0.5578125 0.7 0.009375 0.0234375