1 0.1015625 0.6265625 0.0578125 0.146875
1 0.15625 0.5578125 0.0484375 0.096875
1 0.2046875 0.6296875 0.0921875 0.10625
1 0.3328125 0.4875 0.0859375 0.06875
1 0.3546875 0.55625 0.065625 0.1078125
1 0.425 0.628125 0.0828125 0.1125
1 0.640625 0.828125 0.1328125 0.19375
0 0.53125 0.5875 0.1203125 0.24375
0 0.5765625 0.4984375 0.0921875 0.1578125
1 0.6578125 0.521875 0.0609375 0.1171875
1 0.865625 0.63125 0.1359375 0.1734375
1 0.9375 0.5859375 0.0953125 0.11875
1 0.85625 0.453125 0.103125 0.0765625
1 0.8765625 0.4171875 0.109375 0.0609375
1 0.9734375 0.453125 0.053125 0.0875
1 0.7125 0.4375 0.0625 0.059375
1 0.659375 0.44375 0.0484375 0.05625
1 0.625 0.4625 0.0359375 0.053125
1 0.4671875 0.503125 0.0546875 0.0734375
1 0.4171875 0.503125 0.0578125 0.0703125
1 0.703125 0.3984375 0.0484375 0.04375
0 0.7140625 0.3625 0.0703125 0.1078125