1 0.34375 0.7 0.3828125 0.3421875
1 0.3734375 0.421875 0.1453125 0.14375
1 0.6015625 0.4328125 0.1203125 0.1703125
1 0.0734375 0.5765625 0.146875 0.2484375
1 0.2765625 0.4046875 0.140625 0.1515625
1 0.1875 0.39375 0.1484375 0.14375
1 0.0578125 0.3828125 0.115625 0.11875
1 0.0296875 0.35625 0.059375 0.0703125
1 0.7890625 0.715625 0.4203125 0.5640625
1 0.1171875 0.3875 0.140625 0.128125
2 0.396875 0.2546875 0.0125 0.059375
2 0.23125 0.253125 0.0125 0.071875
2 0.55625 0.2328125 0.0125 0.0578125
2 0.4515625 0.2265625 0.0109375 0.06875
2 0.25 0.2375 0.015625 0.0671875
2 0.7625 0.2328125 0.015625 0.04375
2 0.33125 0.2609375 0.015625 0.05625
2 0.6125 0.1984375 0.0078125 0.05
2 0.5296875 0.30625 0.015625 0.0625
2 0.6453125 0.2015625 0.009375 0.0375
2 0.06875 0.2625 0.0125 0.0515625
2 0.571875 0.190625 0.00625 0.0359375
2 0.471875 0.1921875 0.0078125 0.0265625
2 0.8578125 0.278125 0.0203125 0.078125
2 0.1640625 0.2734375 0.0125 0.05