1 0.35 0.7 0.3734375 0.33125
1 0.8828125 0.81875 0.234375 0.359375
1 0.7328125 0.4765625 0.1359375 0.1875
1 0.6046875 0.5296875 0.2890625 0.2140625
1 0.075 0.575 0.15 0.25
1 0.203125 0.4015625 0.134375 0.13125
1 0.6109375 0.40625 0.1046875 0.1140625
1 0.48125 0.4359375 0.1609375 0.1640625
1 0.934375 0.56875 0.13125 0.2421875
1 0.28125 0.4078125 0.1296875 0.140625
1 0.36875 0.4171875 0.175 0.1859375
1 0.028125 0.3765625 0.05625 0.103125
1 0.575 0.225 0.05625 0.0328125
1 0.121875 0.3921875 0.128125 0.1296875
2 0.81875 0.2875 0.0171875 0.078125
2 0.215625 0.25625 0.0109375 0.0671875
2 0.1140625 0.2796875 0.0125 0.034375
2 0.76875 0.296875 0.0203125 0.103125
2 0.159375 0.278125 0.009375 0.0328125