1 0.3515625 0.6984375 0.3734375 0.3265625
1 0.60625 0.4359375 0.1171875 0.1703125
1 0.28125 0.4109375 0.159375 0.1453125
1 0.8828125 0.81875 0.234375 0.3578125
1 0.48125 0.425 0.159375 0.1875
1 0.9265625 0.5828125 0.146875 0.2109375
1 0.121875 0.3921875 0.1484375 0.1453125
1 0.059375 0.3859375 0.096875 0.11875
1 0.58125 0.225 0.0453125 0.028125
1 0.0796875 0.2453125 0.0609375 0.034375
2 0.75 0.559375 0.0421875 0.23125
2 0.8234375 0.5359375 0.046875 0.2125
2 0.846875 0.490625 0.0171875 0.096875
2 0.7421875 0.30625 0.0265625 0.10625
2 0.66875 0.25625 0.0140625 0.0609375
2 0.4109375 0.2609375 0.0140625 0.0625
2 0.6078125 0.2078125 0.0109375 0.05625
2 0.1609375 0.2859375 0.0125 0.0390625
2 0.24375 0.259375 0.0140625 0.06875
2 0.5578125 0.2609375 0.0140625 0.08125
2 0.8296875 0.259375 0.0140625 0.071875
2 0.7109375 0.325 0.0265625 0.096875
2 0.425 0.25625 0.01875 0.05
2 0.05625 0.2953125 0.0125 0.0484375
2 0.63125 0.196875 0.00625 0.0359375
2 0.65 0.203125 0.009375 0.046875
2 0.2671875 0.2546875 0.0140625 0.065625