1 0.9234375 0.5625 0.153125 0.2359375
1 0.3515625 0.7 0.375 0.3328125
1 0.0796875 0.5859375 0.1578125 0.2375
1 0.215625 0.3953125 0.1515625 0.1625
1 0.128125 0.3984375 0.1359375 0.1296875
1 0.0734375 0.3875 0.125 0.115625
1 0.040625 0.3765625 0.0796875 0.109375
1 0.325 0.3921875 0.178125 0.1890625
2 0.7265625 0.315625 0.025 0.128125
2 0.8140625 0.303125 0.0203125 0.1078125
2 0.1796875 0.2609375 0.0140625 0.0609375
2 0.6203125 0.25 0.0125 0.0484375
2 0.1546875 0.2546875 0.0140625 0.0546875
2 0.2078125 0.2734375 0.0109375 0.0359375
2 0.78125 0.30625 0.021875 0.078125
2 0.5375 0.2265625 0.0125 0.0671875
2 0.5609375 0.209375 0.009375 0.0296875
2 0.1015625 0.2734375 0.0078125 0.0375