1 0.7109375 0.46875 0.1453125 0.1859375
1 0.3421875 0.7 0.3828125 0.3421875
1 0.7921875 0.7859375 0.415625 0.4234375
1 0.371875 0.421875 0.1609375 0.1578125
1 0.0734375 0.575 0.146875 0.2453125
1 0.6 0.4328125 0.11875 0.1765625
1 0.95 0.5671875 0.1 0.2390625
1 0.4890625 0.421875 0.1390625 0.16875
1 0.1953125 0.39375 0.1640625 0.14375
1 0.0546875 0.3796875 0.1078125 0.1140625
1 0.121875 0.378125 0.1546875 0.14375
2 0.6484375 0.2875 0.0203125 0.0828125
2 0.7 0.234375 0.0109375 0.0546875
2 0.6 0.1953125 0.0078125 0.046875
2 0.13125 0.2625 0.0078125 0.0375
2 0.2609375 0.246875 0.0109375 0.071875
2 0.1796875 0.2515625 0.0125 0.0625
2 0.2296875 0.2625 0.009375 0.046875
2 0.6078125 0.278125 0.0140625 0.0625
2 0.778125 0.284375 0.034375 0.096875
2 0.240625 0.2421875 0.0109375 0.0484375
2 0.5640625 0.2296875 0.0078125 0.03125
2 0.2984375 0.271875 0.015625 0.0515625
2 0.8046875 0.2359375 0.009375 0.046875
2 0.7296875 0.221875 0.015625 0.075