1 0.2515625 0.33125 0.1078125 0.14375
1 0.63125 0.4078125 0.15625 0.228125
1 0.66875 0.2296875 0.0859375 0.1078125
1 0.5640625 0.1859375 0.0609375 0.10625
1 0.61875 0.1296875 0.0515625 0.0796875
1 0.4703125 0.14375 0.05625 0.1078125
1 0.3171875 0.153125 0.059375 0.0859375
1 0.303125 0.0984375 0.0359375 0.0671875
1 0.834375 0.0859375 0.084375 0.0859375
0 0.7 0.0921875 0.1125 0.171875
0 0.0953125 0.3625 0.190625 0.45625
1 0.540625 0.09375 0.0640625 0.0734375
1 0.5953125 0.0578125 0.0453125 0.071875
0 0.459375 0.0453125 0.0765625 0.0890625