1 0.4078125 0.7734375 0.196875 0.4515625
1 0.525 0.5734375 0.1578125 0.20625
1 0.6703125 0.71875 0.0796875 0.1625
1 0.865625 0.6265625 0.1234375 0.190625
1 0.9359375 0.5828125 0.125 0.140625
1 0.8515625 0.4453125 0.0953125 0.0796875
1 0.8640625 0.40625 0.1140625 0.0890625
1 0.978125 0.4609375 0.04375 0.0875
1 0.7265625 0.3828125 0.0421875 0.0484375
1 0.6734375 0.43125 0.0421875 0.053125
1 0.646875 0.46875 0.053125 0.0703125
1 0.6234375 0.4828125 0.0453125 0.078125
1 0.5921875 0.4125 0.0859375 0.1078125
1 0.4640625 0.490625 0.0484375 0.0625
1 0.41875 0.4984375 0.05 0.0796875
1 0.3546875 0.553125 0.06875 0.1
1 0.3234375 0.49375 0.0703125 0.06875
1 0.2015625 0.5109375 0.0953125 0.0484375
1 0.1578125 0.5609375 0.06875 0.0671875
1 0.1921875 0.6171875 0.090625 0.1421875
1 0.1015625 0.6359375 0.078125 0.1109375
1 0.0453125 0.5578125 0.08125 0.1015625
1 0.03125 0.5015625 0.0390625 0.0671875