0 0.740625 0.14375 0.1796875 0.271875
1 0.6640625 0.228125 0.0640625 0.109375
1 0.571875 0.196875 0.05625 0.103125
1 0.4859375 0.3671875 0.0734375 0.153125
1 0.6234375 0.3609375 0.065625 0.1359375
1 0.521875 0.7359375 0.134375 0.3375
1 0.709375 0.8125 0.1625 0.36875
1 0.85 0.678125 0.1921875 0.309375
1 0.91875 0.4734375 0.146875 0.23125
1 0.9640625 0.2796875 0.071875 0.159375
1 0.8875 0.06875 0.0734375 0.071875
1 0.3390625 0.0859375 0.0390625 0.0625
1 0.3953125 0.065625 0.034375 0.0703125
1 0.203125 0.1015625 0.0390625 0.0578125