1 0.4859375 0.3734375 0.0828125 0.15625
1 0.528125 0.6453125 0.134375 0.290625
1 0.7546875 0.8640625 0.2203125 0.2703125
1 0.4984375 0.909375 0.159375 0.18125
1 0.784375 0.534375 0.159375 0.2859375
1 0.9265625 0.51875 0.146875 0.3015625
1 0.95625 0.296875 0.0875 0.1890625
1 0.796875 0.2390625 0.1234375 0.159375
1 0.7 0.28125 0.1046875 0.15625
1 0.659375 0.171875 0.0734375 0.0890625
1 0.7078125 0.10625 0.0609375 0.10625
1 0.775 0.065625 0.0859375 0.0828125
1 0.5640625 0.1765625 0.0609375 0.0984375
1 0.615625 0.096875 0.0671875 0.06875
1 0.5390625 0.0828125 0.0515625 0.0671875
1 0.4625 0.0875 0.0609375 0.0859375
1 0.378125 0.1625 0.0734375 0.1109375
1 0.2828125 0.303125 0.0828125 0.1484375
1 0.2234375 0.240625 0.078125 0.1328125
1 0.2875 0.140625 0.0734375 0.090625
1 0.2109375 0.15625 0.0625 0.0921875
1 0.134375 0.265625 0.084375 0.128125
1 0.0484375 0.54375 0.096875 0.259375
1 0.1328125 0.8234375 0.178125 0.3515625
1 0.3515625 0.0859375 0.0359375 0.0625