1 0.615625 0.865625 0.121875 0.2171875
1 0.6 0.6375 0.090625 0.1328125
1 0.5953125 0.5390625 0.0671875 0.11875
1 0.66875 0.5171875 0.059375 0.1125
1 0.8640625 0.646875 0.128125 0.1328125
1 0.934375 0.6109375 0.1125 0.1296875
1 0.853125 0.4640625 0.0984375 0.0890625
1 0.8765625 0.434375 0.0984375 0.0796875
1 0.9671875 0.4546875 0.065625 0.084375
1 0.590625 0.4671875 0.0578125 0.0640625
1 0.6390625 0.4515625 0.0453125 0.06875
1 0.6796875 0.421875 0.0265625 0.040625
1 0.75625 0.4140625 0.0484375 0.05
1 0.46875 0.54375 0.1625 0.2015625
1 0.4703125 0.70625 0.090625 0.1390625
1 0.25 0.828125 0.4828125 0.34375
1 0.203125 0.64375 0.1046875 0.0921875
1 0.1203125 0.6375 0.0796875 0.09375
1 0.0609375 0.5828125 0.0625 0.078125
1 0.1625 0.58125 0.0765625 0.0703125
1 0.1484375 0.528125 0.1015625 0.078125
1 0.2296875 0.5625 0.1109375 0.0703125
1 0.284375 0.5171875 0.0890625 0.0671875
1 0.3578125 0.5765625 0.0609375 0.0625