1 0.91875 0.3546875 0.0875 0.1265625
1 0.9734375 0.315625 0.0515625 0.1171875
1 0.303125 0.190625 0.0421875 0.0546875
1 0.0859375 0.3875 0.1140625 0.1109375
1 0.040625 0.3203125 0.08125 0.0765625
1 0.3140625 0.3171875 0.10625 0.096875
1 0.68125 0.3015625 0.1296875 0.090625
1 0.01875 0.3953125 0.0375 0.121875
1 0.3890625 0.1453125 0.03125 0.0421875
1 0.3671875 0.1375 0.0375 0.0359375
1 0.2609375 0.3375 0.109375 0.103125
1 0.1984375 0.2359375 0.065625 0.0828125
1 0.184375 0.3546875 0.115625 0.1171875
1 0.371875 0.2640625 0.1359375 0.078125
2 0.3078125 0.5609375 0.059375 0.1984375
2 0.7671875 0.540625 0.046875 0.1859375
2 0.1296875 0.7671875 0.0765625 0.253125
2 0.1390625 0.5328125 0.0453125 0.18125
2 0.5109375 0.334375 0.0203125 0.0765625
2 0.334375 0.1484375 0.009375 0.0390625
2 0.4609375 0.4140625 0.0375 0.1578125
2 0.015625 0.25625 0.01875 0.05625
2 0.4890625 0.3046875 0.0296875 0.1359375
2 0.3875 0.340625 0.0203125 0.1171875
2 0.309375 0.1515625 0.00625 0.021875
2 0.4796875 0.35625 0.028125 0.1
2 0.4125 0.1359375 0.00625 0.0375
2 0.4734375 0.2640625 0.015625 0.0625
2 0.4015625 0.1421875 0.00625 0.0375