1 0.675 0.565625 0.121875 0.2171875
1 0.753125 0.396875 0.1234375 0.190625
1 0.6203125 0.3671875 0.1015625 0.1515625
1 0.490625 0.375 0.0828125 0.159375
1 0.8796875 0.7578125 0.225 0.3703125
1 0.5203125 0.8765625 0.1640625 0.246875
0 0.9 0.371875 0.2 0.41875
1 0.5859375 0.0265625 0.0328125 0.05
1 0.3625 0.04375 0.028125 0.05
1 0.409375 0.0421875 0.0296875 0.0484375
1 0.3265625 0.05625 0.0296875 0.053125
1 0.290625 0.05625 0.0296875 0.0625
1 0.2203125 0.0625 0.03125 0.05625
1 0.978125 0.05625 0.0390625 0.0625