0 0.1875 0.171875 0.1390625 0.2109375
0 0.2046875 0.5046875 0.315625 0.75
1 0.0625 0.2515625 0.0625 0.1125
1 0.484375 0.3640625 0.0890625 0.15
1 0.51875 0.6328125 0.1234375 0.3078125
1 0.496875 0.9140625 0.15625 0.171875
1 0.5921875 0.25625 0.0734375 0.1265625
1 0.6015625 0.1109375 0.04375 0.0875
1 0.521875 0.0734375 0.046875 0.059375
1 0.4609375 0.08125 0.0578125 0.0765625
1 0.3515625 0.0640625 0.053125 0.059375
1 0.603125 0.046875 0.0453125 0.05625
0 0.784375 0.31875 0.2828125 0.5875
1 0.9640625 0.2765625 0.071875 0.140625