1 0.425 0.6890625 0.38125 0.2859375
1 0.859375 0.6703125 0.2796875 0.2671875
1 0.040625 0.6765625 0.08125 0.2359375
1 0.421875 0.2234375 0.0390625 0.03125
1 0.7125 0.2671875 0.0453125 0.040625
1 0.359375 0.2265625 0.059375 0.0390625
2 0.3375 0.5265625 0.0375 0.0546875
2 0.225 0.3015625 0.009375 0.0484375
2 0.1421875 0.3 0.015625 0.0609375
2 0.3125 0.2875 0.0125 0.08125
2 0.2390625 0.2828125 0.0171875 0.075
2 0.39375 0.278125 0.0125 0.0421875
2 0.9828125 0.4171875 0.0203125 0.0640625
2 0.753125 0.2875 0.0109375 0.0515625
2 0.4484375 0.2921875 0.0109375 0.0546875
2 0.321875 0.3015625 0.0109375 0.0484375
2 0.20625 0.2046875 0.0078125 0.034375
2 0.00625 0.3765625 0.0109375 0.090625