1 0.04375 0.6890625 0.0875 0.234375
1 0.36875 0.6890625 0.4 0.2875
1 0.859375 0.6703125 0.2796875 0.265625
1 0.9359375 0.3609375 0.0734375 0.0734375
1 0.05625 0.2140625 0.0421875 0.028125
1 0.1234375 0.21875 0.053125 0.03125
2 0.4140625 0.4359375 0.0359375 0.13125
2 0.5125 0.365625 0.03125 0.1125
2 0.4109375 0.3234375 0.028125 0.084375
2 0.153125 0.26875 0.0125 0.0828125
2 0.25625 0.2765625 0.015625 0.0734375
2 0.675 0.3390625 0.0234375 0.0578125
2 0.19375 0.3109375 0.0203125 0.0921875
2 0.2171875 0.271875 0.015625 0.078125
2 0.9921875 0.39375 0.015625 0.096875