1 0.18125 0.65625 0.065625 0.0765625
1 0.25 0.5140625 0.0859375 0.059375
1 0.5578125 0.7484375 0.0859375 0.14375
1 0.7234375 0.9015625 0.16875 0.196875
1 0.58125 0.9171875 0.1109375 0.1640625
1 0.6734375 0.6765625 0.096875 0.1625
1 0.546875 0.628125 0.0734375 0.1140625
1 0.509375 0.5375 0.05625 0.096875
1 0.4625 0.5234375 0.0375 0.0640625
1 0.428125 0.553125 0.0640625 0.0734375
1 0.4015625 0.5015625 0.08125 0.040625
1 0.1515625 0.5875 0.0890625 0.0625
1 0.1015625 0.6515625 0.06875 0.1109375
1 0.0734375 0.5984375 0.0578125 0.071875
1 0.0171875 0.5875 0.0328125 0.0890625
1 0.040625 0.5375 0.0671875 0.0609375
1 0.2921875 0.578125 0.059375 0.0671875
1 0.6671875 0.4921875 0.04375 0.0609375
1 0.578125 0.5359375 0.05625 0.0765625
1 0.5890625 0.4671875 0.0640625 0.0625
1 0.675 0.4484375 0.0375 0.0515625
1 0.7171875 0.4265625 0.0328125 0.0625
1 0.8484375 0.465625 0.1078125 0.0640625
1 0.96875 0.4671875 0.0609375 0.078125
1 0.8421875 0.628125 0.1265625 0.1359375
1 0.9234375 0.6015625 0.1046875 0.1171875
0 0.2109375 0.85 0.378125 0.3
0 0.3421875 0.6734375 0.1796875 0.25