1 0.08125 0.459375 0.1625 0.2140625
1 0.228125 0.6140625 0.253125 0.2140625
1 0.434375 0.6140625 0.2328125 0.196875
1 0.565625 0.7078125 0.1921875 0.2359375
1 0.775 0.7640625 0.2 0.271875
1 0.5265625 0.94375 0.2859375 0.1125
1 0.325 0.8984375 0.3359375 0.2015625
1 0.1671875 0.865625 0.3328125 0.26875
1 0.725 0.1671875 0.078125 0.0984375
1 0.66875 0.15625 0.0703125 0.0890625
1 0.5734375 0.1609375 0.0953125 0.1125
1 0.625 0.1265625 0.053125 0.06875
1 0.9359375 0.1546875 0.065625 0.10625
1 0.975 0.1125 0.05 0.1
1 0.8765625 0.121875 0.0578125 0.0890625
1 0.9125 0.084375 0.0703125 0.0765625
1 0.8359375 0.153125 0.1265625 0.0890625