1 0.30625 0.415625 0.165625 0.1828125
1 0.0859375 0.7125 0.1703125 0.359375
1 0.275 0.74375 0.2859375 0.271875
1 0.5515625 0.6453125 0.2421875 0.1796875
1 0.6265625 0.8546875 0.2828125 0.253125
1 0.5890625 0.421875 0.1546875 0.153125
1 0.44375 0.2984375 0.121875 0.0921875
1 0.2859375 0.2765625 0.1015625 0.0859375
1 0.096875 0.3671875 0.15625 0.1109375
1 0.6359375 0.25625 0.13125 0.121875
1 0.490625 0.23125 0.078125 0.053125
1 0.4328125 0.21875 0.0703125 0.05625
1 0.8484375 0.4078125 0.1296875 0.153125
1 0.971875 0.396875 0.05625 0.1359375
1 0.83125 0.2984375 0.1140625 0.090625
1 0.81875 0.2234375 0.0671875 0.071875
1 0.6875 0.146875 0.0796875 0.0765625
1 0.8921875 0.15 0.0640625 0.0984375
1 0.790625 0.1421875 0.0640625 0.0875