1 0.1984375 0.0296875 0.084375 0.0578125
2 0.34375 0.6140625 0.0640625 0.3171875
2 0.0640625 0.5640625 0.0546875 0.1859375
2 0.2 0.43125 0.0421875 0.175
2 0.759375 0.0359375 0.015625 0.065625
2 0.25625 0.090625 0.0203125 0.065625
2 0.1609375 0.1890625 0.025 0.115625
2 0.2671875 0.6078125 0.0515625 0.2140625
2 0.203125 0.2484375 0.0515625 0.0890625
2 0.28125 0.1 0.01875 0.08125
2 0.6375 0.1109375 0.0234375 0.0671875
2 0.790625 0.046875 0.015625 0.059375
2 0.64375 0.0765625 0.0234375 0.0640625
2 0.765625 0.2671875 0.0484375 0.1265625
2 0.775 0.396875 0.084375 0.0796875
2 0.8 0.0546875 0.009375 0.04375
2 0.1765625 0.134375 0.0171875 0.0578125