1 0.2234375 0.0359375 0.0671875 0.053125
2 0.39375 0.31875 0.0359375 0.1734375
2 0.834375 0.415625 0.059375 0.1375
2 0.259375 0.2578125 0.028125 0.1375
2 0.190625 0.33125 0.05 0.2046875
2 0.5671875 0.228125 0.034375 0.0921875
2 0.2734375 0.0890625 0.0140625 0.075
2 0.328125 0.1359375 0.021875 0.1125
2 0.59375 0.21875 0.025 0.0921875
2 0.8 0.2828125 0.04375 0.1125
2 0.2109375 0.39375 0.0328125 0.1078125
2 0.2375 0.078125 0.0109375 0.0421875
2 0.0625 0.1203125 0.0234375 0.1015625
2 0.3 0.0703125 0.0109375 0.046875
2 0.3125 0.03125 0.0125 0.0375
2 0.1640625 0.0609375 0.0140625 0.0625
2 0.434375 0.0515625 0.0109375 0.0640625
2 0.75625 0.26875 0.0296875 0.103125