1 0.140625 0.178125 0.078125 0.08125
1 0.28125 0.1171875 0.06875 0.0484375
1 0.196875 0.1484375 0.0625 0.0578125
2 0.3140625 0.6703125 0.075 0.0984375
2 0.8140625 0.2796875 0.028125 0.153125
2 0.775 0.425 0.0609375 0.1484375
2 0.9078125 0.284375 0.0296875 0.1203125
2 0.434375 0.1375 0.01875 0.0375
2 0.8671875 0.20625 0.0171875 0.0890625
2 0.7078125 0.1765625 0.021875 0.046875
2 0.809375 0.1734375 0.01875 0.0671875
2 0.1171875 0.3109375 0.0375 0.096875
2 0.7078125 0.221875 0.0234375 0.1375
2 0.95625 0.2 0.0375 0.0953125