1 0.7875 0.1375 0.0578125 0.06875
1 0.515625 0.0859375 0.0578125 0.0421875
2 0.48125 0.3453125 0.03125 0.1625
2 0.7765625 0.3875 0.0359375 0.18125
2 0.5171875 0.6140625 0.0671875 0.23125
2 0.35625 0.2859375 0.0359375 0.1015625
2 0.1609375 0.225 0.0390625 0.1890625
2 0.925 0.4359375 0.0359375 0.140625
2 0.609375 0.3515625 0.028125 0.0765625
2 0.559375 0.3671875 0.0359375 0.109375
2 0.6875 0.18125 0.021875 0.1109375
2 0.6328125 0.4046875 0.0234375 0.0875
2 0.8765625 0.2015625 0.021875 0.096875
2 0.965625 0.396875 0.0328125 0.1171875
2 0.7828125 0.3078125 0.0359375 0.1515625