1 0.396875 0.409375 0.2640625 0.246875
1 0.0390625 0.7515625 0.0765625 0.4140625
1 0.5796875 0.3453125 0.2359375 0.196875
1 0.7171875 0.303125 0.165625 0.16875
1 0.9546875 0.2203125 0.08125 0.0890625
1 0.871875 0.246875 0.134375 0.1328125
1 0.7984375 0.2609375 0.140625 0.1515625
1 0.6625 0.328125 0.1609375 0.16875
1 0.9859375 0.2078125 0.0265625 0.0390625
2 0.8125 0.584375 0.05625 0.2390625
2 0.0734375 0.3140625 0.0375 0.19375
2 0.3171875 0.2578125 0.028125 0.08125
2 0.06875 0.1671875 0.0234375 0.1125
2 0.703125 0.121875 0.01875 0.046875
2 0.7703125 0.175 0.0140625 0.0359375
2 0.1171875 0.090625 0.0125 0.021875
2 0.725 0.1625 0.015625 0.06875
2 0.7515625 0.128125 0.0109375 0.0609375
2 0.7359375 0.1640625 0.01875 0.065625
2 0.7625 0.1203125 0.0140625 0.0609375
2 0.884375 0.19375 0.0125 0.021875