1 0.878125 0.30625 0.1359375 0.1234375
1 0.4203125 0.2046875 0.0640625 0.0671875
2 0.828125 0.40625 0.034375 0.15
2 0.3875 0.940625 0.053125 0.1171875
2 0.328125 0.921875 0.075 0.15625
2 0.2875 0.3 0.01875 0.1359375
2 0.9328125 0.3765625 0.025 0.059375
2 0.78125 0.4109375 0.0359375 0.14375
2 0.06875 0.2609375 0.0171875 0.06875
2 0.3484375 0.3265625 0.03125 0.0953125
2 0.3125 0.3265625 0.025 0.096875
2 0.40625 0.309375 0.0203125 0.1234375
2 0.8875 0.3921875 0.0375 0.103125
2 0.3859375 0.315625 0.0234375 0.1078125