1 0.3484375 0.1484375 0.0625 0.078125
1 0.2859375 0.1234375 0.065625 0.0671875
1 0.05625 0.1890625 0.0828125 0.0734375
2 0.409375 0.5015625 0.04375 0.2328125
2 0.665625 0.6296875 0.0734375 0.2609375
2 0.221875 0.53125 0.0546875 0.153125
2 0.153125 0.6921875 0.0875 0.196875
2 0.35625 0.378125 0.0328125 0.1796875
2 0.146875 0.5578125 0.05625 0.240625
2 0.48125 0.534375 0.0390625 0.1609375
2 0.3046875 0.415625 0.025 0.1234375
2 0.9703125 0.2078125 0.0203125 0.0921875
2 0.471875 0.3578125 0.03125 0.0625
2 0.365625 0.2875 0.05 0.09375
2 0.86875 0.0859375 0.009375 0.0390625
2 0.571875 0.3875 0.0296875 0.178125
2 0.99375 0.209375 0.009375 0.0828125
2 0.58125 0.3609375 0.034375 0.190625