1 0.3578125 0.20625 0.090625 0.06875
1 0.98125 0.3203125 0.0359375 0.11875
1 0.9203125 0.3125 0.10625 0.1015625
1 0.8359375 0.29375 0.0890625 0.1171875
1 0.753125 0.3421875 0.15625 0.203125
1 0.08125 0.2390625 0.0796875 0.0609375
2 0.896875 0.828125 0.0640625 0.2640625
2 0.26875 0.2875 0.025 0.1046875
2 0.025 0.959375 0.05 0.075
2 0.35625 0.259375 0.01875 0.09375
2 0.3390625 0.25625 0.0171875 0.1046875
2 0.321875 0.325 0.0296875 0.0875
2 0.35 0.3265625 0.01875 0.08125
2 0.1140625 0.2328125 0.0171875 0.0640625