1 0.065625 0.1765625 0.0953125 0.08125
1 0.51875 0.084375 0.0546875 0.0484375
1 0.35 0.140625 0.0640625 0.08125
1 0.4546875 0.1265625 0.08125 0.071875
1 0.015625 0.2546875 0.0296875 0.1625
1 0.2203125 0.1421875 0.059375 0.0578125
1 0.303125 0.125 0.059375 0.0625
2 0.1921875 0.759375 0.0703125 0.2953125
2 0.8703125 0.4953125 0.05 0.221875
2 0.321875 0.4515625 0.034375 0.1609375
2 0.91875 0.3828125 0.0265625 0.190625
2 0.7796875 0.5796875 0.0484375 0.2078125
2 0.428125 0.3140625 0.0296875 0.146875
2 0.8234375 0.5015625 0.0375 0.1703125
2 0.74375 0.5046875 0.046875 0.1453125
2 0.5625 0.734375 0.0859375 0.1734375
2 0.9828125 0.6796875 0.0328125 0.23125
2 0.4671875 0.228125 0.025 0.1140625
2 0.6515625 0.465625 0.0421875 0.11875
2 0.4828125 0.2734375 0.01875 0.0828125
2 0.6203125 0.475 0.0390625 0.228125
2 0.35 0.2953125 0.025 0.121875
2 0.2140625 0.209375 0.0171875 0.0859375
2 0.3875 0.284375 0.0203125 0.0890625
2 0.6125 0.16875 0.0140625 0.04375
2 0.634375 0.4015625 0.01875 0.0828125
2 0.6140625 0.403125 0.0265625 0.13125