1 0.88125 0.3015625 0.13125 0.1109375
1 0.4203125 0.2046875 0.0625 0.065625
1 0.7390625 0.3765625 0.1265625 0.11875
2 0.609375 0.35 0.028125 0.1515625
2 0.84375 0.3671875 0.0328125 0.1609375
2 0.98125 0.4171875 0.01875 0.078125
2 0.378125 0.23125 0.0140625 0.08125
2 0.30625 0.2328125 0.0125 0.059375
2 0.925 0.3921875 0.0328125 0.1375
2 0.3484375 0.3265625 0.03125 0.090625
2 0.903125 0.3828125 0.01875 0.1515625
2 0.8265625 0.340625 0.015625 0.1109375
2 0.0984375 0.23125 0.015625 0.0859375
2 0.5046875 0.271875 0.015625 0.03125
2 0.7640625 0.36875 0.0390625 0.13125
2 0.3125 0.3203125 0.03125 0.0953125
2 0.9921875 0.353125 0.015625 0.090625