1 0.5203125 0.384375 0.253125 0.2625
1 0.8265625 0.2609375 0.165625 0.1484375
1 0.7046875 0.30625 0.1921875 0.1671875
1 0.953125 0.221875 0.0734375 0.0984375
1 0.76875 0.290625 0.1453125 0.1453125
1 0.6828125 0.3296875 0.1203125 0.1640625
1 0.86875 0.24375 0.134375 0.134375
1 0.575 0.3171875 0.2671875 0.2515625
1 0.9671875 0.1953125 0.065625 0.0640625
2 0.8984375 0.4484375 0.0375 0.1671875
2 0.1546875 0.21875 0.0296875 0.1125
2 0.7734375 0.1765625 0.0125 0.03125
2 0.1953125 0.2546875 0.0265625 0.0921875