1 0.509375 0.0859375 0.05 0.05
1 0.2859375 0.1234375 0.065625 0.0671875
1 0.378125 0.1109375 0.05 0.046875
1 0.05625 0.190625 0.0828125 0.0703125
1 0.171875 0.153125 0.084375 0.0734375
2 0.66875 0.4703125 0.0453125 0.215625
2 0.559375 0.75625 0.1578125 0.2015625
2 0.7078125 0.471875 0.05 0.11875
2 0.834375 0.4515625 0.0390625 0.2234375
2 0.3578125 0.3 0.03125 0.075
2 0.5640625 0.2015625 0.0296875 0.09375
2 0.1734375 0.3375 0.028125 0.146875
2 0.815625 0.4078125 0.040625 0.19375
2 0.8640625 0.41875 0.0375 0.1640625
2 0.209375 0.3328125 0.021875 0.159375
2 0.234375 0.45625 0.040625 0.1203125
2 0.9265625 0.4734375 0.0328125 0.0921875
2 0.65625 0.1390625 0.0125 0.04375