1 0.5125 0.0875 0.053125 0.040625
2 0.75 0.6953125 0.05625 0.2625
2 0.1328125 0.66875 0.075 0.1625
2 0.865625 0.2125 0.0296875 0.0765625
2 0.3484375 0.2875 0.028125 0.1046875
2 0.871875 0.1078125 0.0109375 0.0515625
2 0.3109375 0.4 0.0484375 0.1734375
2 0.9359375 0.3828125 0.0515625 0.1078125
2 0.571875 0.73125 0.1203125 0.1171875
2 0.29375 0.1828125 0.059375 0.0890625
2 0.65625 0.1453125 0.015625 0.0359375
2 0.5203125 0.2046875 0.01875 0.0484375
2 0.146875 0.278125 0.046875 0.0671875
2 0.521875 0.2234375 0.021875 0.0875