1 0.5109375 0.0859375 0.0515625 0.046875
2 0.790625 0.540625 0.0734375 0.275
2 0.5671875 0.7125 0.0796875 0.246875
2 0.5859375 0.4109375 0.0453125 0.225
2 0.9 0.375 0.034375 0.171875
2 0.421875 0.2578125 0.025 0.1015625
2 0.925 0.5625 0.053125 0.278125
2 0.6375 0.44375 0.0265625 0.1640625
2 0.5828125 0.1890625 0.034375 0.1109375
2 0.70625 0.1265625 0.021875 0.06875
2 0.85625 0.5703125 0.0484375 0.26875
2 0.8796875 0.5296875 0.0359375 0.25625
2 0.171875 0.3828125 0.0328125 0.1234375
2 0.528125 0.2234375 0.0171875 0.0875
2 0.209375 0.4109375 0.0359375 0.10625