1 0.0578125 0.18125 0.0859375 0.075
1 0.3484375 0.1484375 0.0609375 0.071875
1 0.171875 0.1515625 0.084375 0.071875
2 0.409375 0.4984375 0.0421875 0.215625
2 0.4078125 0.334375 0.028125 0.1484375
2 0.1671875 0.6921875 0.1078125 0.19375
2 0.58125 0.659375 0.0609375 0.11875
2 0.8359375 0.2 0.021875 0.1015625
2 0.8640625 0.190625 0.0328125 0.0859375
2 0.725 0.484375 0.0453125 0.1390625
2 0.965625 0.3625 0.0265625 0.16875
2 0.275 0.2984375 0.03125 0.140625
2 0.4609375 0.3328125 0.03125 0.1578125
2 0.678125 0.4609375 0.0390625 0.1203125
2 0.5 0.3140625 0.0234375 0.084375
2 0.7453125 0.4625 0.0328125 0.1078125
2 0.5140625 0.6671875 0.075 0.1140625
2 0.9875 0.3390625 0.025 0.11875
2 0.453125 0.2359375 0.0078125 0.0390625
2 0.309375 0.2546875 0.0140625 0.05625
2 0.99375 0.215625 0.0125 0.103125