1 0.0578125 0.18125 0.0859375 0.075
2 0.38125 0.51875 0.034375 0.2171875
2 0.5578125 0.6859375 0.0921875 0.2671875
2 0.675 0.6765625 0.075 0.2734375
2 0.68125 0.471875 0.0375 0.140625
2 0.6109375 0.6984375 0.0546875 0.2015625
2 0.6375 0.5234375 0.0359375 0.184375
2 0.68125 0.215625 0.0265625 0.0765625
2 0.9921875 0.6515625 0.015625 0.225
2 0.96875 0.3625 0.0265625 0.171875
2 0.9875 0.3484375 0.0234375 0.1421875
2 0.9875 0.21875 0.01875 0.0890625
2 0.940625 0.203125 0.0234375 0.121875
2 0.628125 0.153125 0.025 0.0390625
2 0.9 0.2234375 0.021875 0.109375
2 0.8875 0.2125 0.0171875 0.1015625
2 0.3796875 0.196875 0.0125 0.0421875
2 0.7359375 0.4703125 0.0265625 0.14375
2 0.596875 0.71875 0.028125 0.0828125
2 0.56875 0.7359375 0.0453125 0.1640625
2 0.909375 0.2140625 0.0140625 0.10625
2 0.628125 0.184375 0.025 0.1015625
2 0.634375 0.40625 0.0203125 0.084375