1 0.878125 0.30625 0.1359375 0.115625
1 0.746875 0.3765625 0.1421875 0.11875
1 0.796875 0.284375 0.078125 0.0890625
2 0.1 0.490625 0.040625 0.1734375
2 0.878125 0.8375 0.0546875 0.3203125
2 0.4015625 0.3015625 0.0234375 0.134375
2 0.9296875 0.35625 0.021875 0.1359375
2 0.071875 0.621875 0.0390625 0.071875
2 0.3484375 0.3296875 0.03125 0.0984375
2 0.5296875 0.3359375 0.021875 0.1140625
2 0.103125 0.2359375 0.015625 0.0796875
2 0.740625 0.2609375 0.0203125 0.1109375
2 0.01875 0.2359375 0.0234375 0.0734375
2 0.4375 0.3375 0.01875 0.08125
2 0.078125 0.2375 0.0171875 0.071875
2 0.1609375 0.2390625 0.0203125 0.071875
2 0.34375 0.3125 0.021875 0.0640625