1 0.2921875 0.4453125 0.165625 0.1609375
1 0.3765625 0.6640625 0.253125 0.203125
1 0.25 0.89375 0.3671875 0.2125
1 0.7234375 0.75625 0.2296875 0.2875
1 0.7421875 0.534375 0.1890625 0.1484375
1 0.7984375 0.36875 0.134375 0.140625
1 0.675 0.3140625 0.0875 0.10625
1 0.578125 0.2875 0.0984375 0.11875
1 0.4921875 0.2359375 0.0953125 0.096875
1 0.4140625 0.3359375 0.1171875 0.096875
1 0.35625 0.3 0.11875 0.1
1 0.103125 0.371875 0.125 0.090625
1 0.06875 0.4765625 0.1296875 0.1484375
1 0.9234375 0.253125 0.0703125 0.1015625
1 0.9765625 0.2796875 0.046875 0.1171875
1 0.640625 0.19375 0.0609375 0.08125
1 0.85625 0.1828125 0.0625 0.0984375
0 0.8359375 0.0640625 0.0890625 0.10625
1 0.9109375 0.090625 0.0609375 0.0640625
1 0.96875 0.0578125 0.034375 0.0609375