1 0.1359375 0.5875 0.053125 0.059375
1 0.171875 0.603125 0.059375 0.0625
1 0.171875 0.7015625 0.0796875 0.090625
1 0.0890625 0.659375 0.059375 0.109375
1 0.0546875 0.603125 0.0625 0.08125
1 0.0703125 0.5640625 0.0578125 0.0609375
1 0.0828125 0.528125 0.0671875 0.04375
1 0.2484375 0.51875 0.096875 0.0609375
1 0.31875 0.503125 0.0484375 0.0484375
1 0.35625 0.50625 0.05625 0.0609375
1 0.340625 0.58125 0.0453125 0.0703125
1 0.4203125 0.6234375 0.0921875 0.0859375
1 0.525 0.6796875 0.0640625 0.0890625
1 0.540625 0.7515625 0.1015625 0.1015625
1 0.5078125 0.89375 0.1390625 0.1796875
0 0.253125 0.8140625 0.2546875 0.3703125
1 0.5796875 0.61875 0.06875 0.1171875
1 0.5296875 0.5671875 0.0671875 0.103125
1 0.4953125 0.5390625 0.0515625 0.0875
1 0.4578125 0.5171875 0.0546875 0.09375
1 0.415625 0.553125 0.0484375 0.0921875
1 0.4 0.5265625 0.0546875 0.0671875
1 0.66875 0.6078125 0.084375 0.1234375
1 0.6203125 0.559375 0.0515625 0.08125
1 0.6390625 0.50625 0.0546875 0.0796875
1 0.6875 0.4515625 0.0375 0.071875
1 0.853125 0.6265625 0.1390625 0.1421875
1 0.9234375 0.596875 0.1046875 0.13125
1 0.8421875 0.4671875 0.1015625 0.06875
1 0.8578125 0.4234375 0.084375 0.071875
1 0.96875 0.4703125 0.0625 0.0734375