0 0.5703125 0.165625 0.1359375 0.1203125
1 0.1203125 0.5234375 0.1515625 0.1390625
1 0.0875 0.4640625 0.175 0.13125
1 0.2390625 0.38125 0.1203125 0.0859375
1 0.2703125 0.41875 0.1234375 0.11875
1 0.3609375 0.3421875 0.096875 0.071875
1 0.375 0.3734375 0.0953125 0.06875
1 0.465625 0.33125 0.08125 0.071875
1 0.5296875 0.3015625 0.0734375 0.1109375
1 0.575 0.26875 0.0421875 0.0765625
1 0.6171875 0.234375 0.0515625 0.04375
1 0.7078125 0.303125 0.0953125 0.109375
1 0.490625 0.596875 0.16875 0.2109375
1 0.2703125 0.7640625 0.1796875 0.28125
1 0.3921875 0.3015625 0.0765625 0.0640625
1 0.4578125 0.2671875 0.0578125 0.0609375
1 0.51875 0.225 0.0515625 0.0578125
1 0.559375 0.2171875 0.0453125 0.0578125
1 0.353125 0.20625 0.084375 0.0828125
1 0.4875 0.2015625 0.0671875 0.053125
1 0.4234375 0.184375 0.0640625 0.059375
1 0.6859375 0.1875 0.0703125 0.0640625
1 0.771875 0.184375 0.046875 0.05625
1 0.80625 0.18125 0.053125 0.0671875
1 0.90625 0.2125 0.0671875 0.071875
1 0.93125 0.1828125 0.0484375 0.0578125
1 0.165625 0.2171875 0.06875 0.0671875
1 0.2546875 0.2203125 0.0546875 0.05