1 0.9 0.8796875 0.1890625 0.2265625
1 0.75 0.8921875 0.1859375 0.2140625
1 0.928125 0.509375 0.1359375 0.1265625
1 0.040625 0.4171875 0.0796875 0.1328125
1 0.109375 0.3203125 0.0640625 0.0796875
1 0.03125 0.321875 0.05625 0.0734375
1 0.265625 0.328125 0.0515625 0.0859375
1 0.296875 0.2890625 0.0328125 0.0828125
1 0.3484375 0.303125 0.034375 0.0625
1 0.3828125 0.303125 0.034375 0.071875
1 0.4609375 0.30625 0.0453125 0.0640625
1 0.4171875 0.2859375 0.0359375 0.059375
1 0.6515625 0.296875 0.0578125 0.0796875
1 0.5953125 0.246875 0.0359375 0.0421875
1 0.4828125 0.2578125 0.0609375 0.0421875
1 0.4453125 0.2203125 0.0390625 0.05625
1 0.33125 0.265625 0.0359375 0.0875
1 0.6078125 0.2171875 0.0296875 0.040625