1 0.215625 0.471875 0.13125 0.078125
1 0.128125 0.4390625 0.0921875 0.09375
1 0.2984375 0.3765625 0.0984375 0.0875
1 0.4015625 0.3765625 0.0890625 0.0734375
1 0.4078125 0.3125 0.075 0.0609375
1 0.503125 0.2765625 0.0609375 0.0515625
1 0.5703125 0.2859375 0.0671875 0.071875
1 0.6265625 0.2421875 0.05 0.053125
1 0.6734375 0.2140625 0.0421875 0.0609375
1 0.521875 0.559375 0.1171875 0.1671875
1 0.809375 0.2453125 0.0546875 0.0640625
1 0.9 0.2171875 0.040625 0.0421875
1 0.9234375 0.2375 0.03125 0.04375
1 0.9703125 0.2578125 0.0453125 0.046875
1 0.578125 0.1796875 0.0546875 0.0484375
1 0.4953125 0.1921875 0.0546875 0.0328125
1 0.3765625 0.2078125 0.05 0.05
1 0.428125 0.2078125 0.053125 0.05
0 0.3125 0.16875 0.0875 0.0921875
1 0.428125 0.1484375 0.0171875 0.040625
1 0.4609375 0.153125 0.0140625 0.0421875
1 0.4859375 0.153125 0.0171875 0.0328125
1 0.1734375 0.2203125 0.0546875 0.0390625
1 0.1875 0.1796875 0.0625 0.040625
1 0.615625 0.13125 0.0265625 0.03125
1 0.64375 0.1265625 0.0203125 0.040625
1 0.6765625 0.1625 0.0234375 0.0328125
1 0.7828125 0.153125 0.0453125 0.04375
1 0.8609375 0.178125 0.05625 0.05
1 0.9578125 0.178125 0.0546875 0.0421875
1 0.975 0.2171875 0.046875 0.0578125