1 0.41875 0.69375 0.1359375 0.2234375
1 0.1859375 0.446875 0.140625 0.153125
1 0.4328125 0.3140625 0.08125 0.0734375
1 0.65625 0.39375 0.0828125 0.1140625
1 0.540625 0.2484375 0.04375 0.0625
1 0.6375 0.225 0.0390625 0.0375
1 0.596875 0.184375 0.034375 0.0390625
1 0.784375 0.234375 0.0734375 0.0828125
1 0.93125 0.246875 0.0421875 0.0703125
0 0.7359375 0.1390625 0.146875 0.0703125
1 0.646875 0.1640625 0.025 0.0375
0 0.2125 0.1625 0.1484375 0.0703125
1 0.1796875 0.2234375 0.0625 0.046875
1 0.2828125 0.2140625 0.053125 0.0421875
1 0.8984375 0.178125 0.0546875 0.059375