1 0.2875 0.6140625 0.0875 0.1765625
1 0.2828125 0.378125 0.0640625 0.0890625
1 0.35 0.3421875 0.0640625 0.1078125
1 0.2734375 0.296875 0.0609375 0.06875
1 0.315625 0.271875 0.053125 0.053125
1 0.253125 0.225 0.0609375 0.0625
1 0.309375 0.2375 0.040625 0.08125
1 0.3765625 0.225 0.0546875 0.0734375
1 0.3578125 0.1828125 0.0328125 0.05625
1 0.4578125 0.2078125 0.034375 0.05625
1 0.528125 0.20625 0.0390625 0.0515625
1 0.521875 0.2640625 0.06875 0.08125
1 0.5828125 0.246875 0.0640625 0.0640625
1 0.6859375 0.3875 0.1015625 0.146875
1 0.715625 0.3453125 0.0640625 0.071875
1 0.721875 0.3078125 0.0875 0.121875
1 0.85625 0.421875 0.128125 0.13125
1 0.6546875 0.1390625 0.0765625 0.0671875
1 0.6234375 0.1171875 0.0296875 0.028125
1 0.4359375 0.171875 0.04375 0.05
1 0.496875 0.18125 0.0390625 0.04375
1 0.4015625 0.1484375 0.0390625 0.059375
0 0.409375 0.10625 0.0515625 0.0671875
0 0.55625 0.0875 0.0515625 0.0640625