1 0.3734375 0.7625 0.096875 0.209375
1 0.2 0.934375 0.11875 0.13125
1 0.384375 0.375 0.0765625 0.0875
1 0.3515625 0.2984375 0.0453125 0.059375
1 0.30625 0.253125 0.034375 0.0421875
1 0.215625 0.228125 0.0546875 0.0484375
1 0.090625 0.2078125 0.065625 0.0484375
1 0.4453125 0.2828125 0.0453125 0.071875
1 0.3765625 0.2234375 0.0390625 0.04375
1 0.584375 0.3515625 0.0671875 0.09375
1 0.534375 0.29375 0.0640625 0.078125
1 0.48125 0.2359375 0.0546875 0.08125
1 0.4390625 0.2078125 0.03125 0.0484375
1 0.646875 0.2921875 0.071875 0.0703125
1 0.68125 0.359375 0.0609375 0.0640625
1 0.6984375 0.421875 0.1046875 0.096875
1 0.840625 0.4390625 0.1234375 0.10625
1 0.771875 0.3515625 0.0875 0.0734375
1 0.95 0.440625 0.0984375 0.1265625
1 0.584375 0.24375 0.05 0.0578125
1 0.5265625 0.221875 0.0375 0.0578125
1 0.2578125 0.253125 0.03125 0.0734375
0 0.3671875 0.1453125 0.0546875 0.090625
1 0.9625 0.1828125 0.053125 0.0640625