1 0.396875 0.6421875 0.11875 0.2296875
1 0.4015625 0.434375 0.059375 0.13125
1 0.2890625 0.43125 0.0796875 0.1484375
1 0.2484375 0.675 0.1046875 0.228125
1 0.3078125 0.346875 0.071875 0.11875
1 0.3796875 0.346875 0.0546875 0.0859375
1 0.38125 0.2765625 0.059375 0.0921875
1 0.328125 0.2828125 0.0484375 0.0890625
1 0.2578125 0.24375 0.053125 0.0640625
1 0.1703125 0.23125 0.075 0.0765625
1 0.084375 0.21875 0.0828125 0.0625
1 0.5234375 0.278125 0.0515625 0.078125
1 0.659375 0.4328125 0.109375 0.14375
1 0.728125 0.3703125 0.1203125 0.1671875
1 0.871875 0.5578125 0.1578125 0.19375
1 0.9125 0.4609375 0.134375 0.1328125
1 0.84375 0.390625 0.1203125 0.1375
1 0.984375 0.5546875 0.0296875 0.1125
1 0.621875 0.3328125 0.0578125 0.0921875
1 0.6109375 0.2875 0.0703125 0.0984375
1 0.540625 0.25 0.0484375 0.0734375
1 0.4875 0.2203125 0.0453125 0.05625
1 0.4578125 0.240625 0.0421875 0.078125
1 0.4296875 0.2078125 0.03125 0.04375
1 0.28125 0.171875 0.0375 0.028125
0 0.36875 0.1546875 0.0546875 0.0875
0 0.9796875 0.228125 0.040625 0.0625
1 0.959375 0.178125 0.0671875 0.0625
1 0.459375 0.18125 0.0296875 0.040625
1 0.4875 0.178125 0.0234375 0.0484375