0 0.721875 0.5390625 0.446875 0.5171875
1 0.3734375 0.8796875 0.1390625 0.240625
1 0.3984375 0.4875 0.0796875 0.15625
1 0.3 0.41875 0.075 0.13125
1 0.3875 0.3765625 0.05625 0.09375
1 0.3140625 0.31875 0.0578125 0.078125
1 0.3625 0.2890625 0.0546875 0.0609375
1 0.2984375 0.259375 0.0640625 0.0703125
1 0.271875 0.2390625 0.0390625 0.0375
1 0.2953125 0.2140625 0.0375 0.04375
1 0.3296875 0.2484375 0.0359375 0.040625
1 0.1546875 0.2390625 0.0765625 0.0703125
1 0.2109375 0.1875 0.0640625 0.071875
1 0.284375 0.16875 0.0515625 0.0765625
1 0.3109375 0.1671875 0.03125 0.053125
1 0.3953125 0.1671875 0.028125 0.0265625
1 0.428125 0.1609375 0.0140625 0.0421875
1 0.45 0.1734375 0.0265625 0.0328125
1 0.4546875 0.1984375 0.0171875 0.0375
1 0.478125 0.23125 0.04375 0.04375
1 0.5140625 0.2109375 0.0453125 0.0765625
1 0.5734375 0.2390625 0.0421875 0.0859375
1 0.609375 0.2921875 0.0796875 0.09375
1 0.6375 0.3359375 0.0671875 0.0828125
1 0.740625 0.346875 0.078125 0.0875
1 0.8796875 0.3984375 0.1328125 0.1375
1 0.8421875 0.465625 0.1296875 0.128125
0 0.365625 0.1421875 0.065625 0.0828125