1 0.0984375 0.4171875 0.1515625 0.1359375
1 0.10625 0.315625 0.0671875 0.0828125
1 0.2609375 0.596875 0.2109375 0.1375
1 0.3984375 0.4296875 0.1453125 0.1375
1 0.7640625 0.903125 0.1484375 0.1921875
1 0.909375 0.875 0.18125 0.25
1 0.4640625 0.3234375 0.0453125 0.0859375
1 0.528125 0.3171875 0.0796875 0.0859375
1 0.625 0.2328125 0.034375 0.040625
1 0.403125 0.321875 0.046875 0.071875
1 0.359375 0.31875 0.046875 0.0671875
1 0.2796875 0.3359375 0.0578125 0.0875
1 0.2234375 0.321875 0.0453125 0.071875
1 0.334375 0.275 0.0484375 0.071875
1 0.04375 0.9015625 0.0859375 0.196875
0 0.475 0.1953125 0.0453125 0.0578125
1 0.3921875 0.2625 0.0359375 0.0484375
1 0.3953125 0.225 0.0296875 0.028125
1 0.4203125 0.2375 0.0203125 0.0421875
1 0.446875 0.25625 0.0296875 0.0484375