0 0.40625 0.2921875 0.2140625 0.1875
1 0.125 0.24375 0.053125 0.04375
1 0.190625 0.2265625 0.0453125 0.05
1 0.246875 0.2171875 0.0703125 0.0578125
1 0.41875 0.7578125 0.2359375 0.1625
1 0.765625 0.7453125 0.2234375 0.1640625
1 0.75 0.3609375 0.096875 0.0921875
1 0.653125 0.3140625 0.0625 0.090625
1 0.6015625 0.271875 0.046875 0.1078125
1 0.878125 0.4140625 0.121875 0.1296875
1 0.8125 0.2484375 0.0609375 0.05625
1 0.790625 0.2125 0.0546875 0.053125
1 0.6796875 0.203125 0.0703125 0.0390625
1 0.60625 0.134375 0.0328125 0.0328125
1 0.5078125 0.190625 0.0546875 0.046875
1 0.4265625 0.1640625 0.0203125 0.0328125
1 0.45625 0.165625 0.028125 0.040625
1 0.88125 0.1984375 0.0609375 0.046875
1 0.93125 0.209375 0.0453125 0.046875
1 0.971875 0.23125 0.04375 0.059375
1 0.075 0.2234375 0.0515625 0.046875
0 0.3609375 0.15 0.0421875 0.0625
1 0.3953125 0.1640625 0.0234375 0.0359375