1 0.865625 0.4109375 0.1265625 0.1625
1 0.915625 0.74375 0.16875 0.203125
1 0.9296875 0.915625 0.1390625 0.16875
0 0.35 0.815625 0.7 0.36875
1 0.1921875 0.471875 0.1328125 0.1328125
1 0.2359375 0.3953125 0.0921875 0.1
1 0.390625 0.3375 0.0984375 0.1140625
1 0.396875 0.2078125 0.0609375 0.0671875
1 0.321875 0.1984375 0.065625 0.0484375
1 0.253125 0.221875 0.0546875 0.06875
1 0.1890625 0.2109375 0.0515625 0.04375
1 0.15 0.228125 0.0671875 0.05625
1 0.075 0.2203125 0.0734375 0.05625
1 0.7296875 0.340625 0.090625 0.14375
1 0.6578125 0.2640625 0.05625 0.10625
1 0.7515625 0.253125 0.0625 0.09375
1 0.8171875 0.221875 0.0390625 0.059375
1 0.9 0.2078125 0.0515625 0.0515625
1 0.759375 0.18125 0.05 0.0359375
1 0.809375 0.18125 0.0515625 0.059375
1 0.703125 0.1875 0.0515625 0.0625
1 0.6328125 0.1734375 0.0515625 0.071875
1 0.928125 0.1765625 0.0640625 0.0390625
1 0.965625 0.2140625 0.040625 0.04375
0 0.546875 0.21875 0.1390625 0.1359375
0 0.51875 0.1515625 0.1375 0.0796875