0 0.54375 0.203125 0.1453125 0.11875
1 0.0921875 0.4671875 0.1421875 0.09375
1 0.2296875 0.3984375 0.1015625 0.078125
1 0.340625 0.3375 0.0640625 0.08125
1 0.41875 0.3265625 0.08125 0.0859375
1 0.475 0.36875 0.0734375 0.0890625
1 0.371875 0.4453125 0.1140625 0.0890625
1 0.5296875 0.5171875 0.1234375 0.140625
1 0.54375 0.4078125 0.0828125 0.1
1 0.865625 0.6609375 0.2078125 0.1859375
1 0.7859375 0.8859375 0.2234375 0.1703125
1 0.3453125 0.8421875 0.3015625 0.20625
1 0.365625 0.7234375 0.2171875 0.13125
0 0.2171875 0.8859375 0.434375 0.228125
1 0.5609375 0.3109375 0.0828125 0.0640625
1 0.653125 0.3203125 0.0828125 0.0890625
1 0.7671875 0.271875 0.0640625 0.06875
1 0.8359375 0.2078125 0.053125 0.053125
1 0.725 0.18125 0.0625 0.05
1 0.6453125 0.246875 0.0578125 0.053125
0 0.3765625 0.1703125 0.1625 0.08125
1 0.240625 0.1953125 0.0640625 0.0609375