1 0.3546875 0.334375 0.090625 0.0765625
1 0.4296875 0.29375 0.0828125 0.071875
1 0.4984375 0.278125 0.0640625 0.08125
1 0.5828125 0.2359375 0.0546875 0.0875
1 0.628125 0.25625 0.0421875 0.071875
1 0.6828125 0.271875 0.053125 0.0859375
1 0.6953125 0.340625 0.0984375 0.0703125
1 0.615625 0.4234375 0.0921875 0.0921875
1 0.5984375 0.3515625 0.078125 0.0765625
1 0.55625 0.30625 0.0796875 0.0703125
1 0.478125 0.359375 0.11875 0.0921875
1 0.484375 0.4484375 0.1 0.103125
1 0.53125 0.521875 0.1203125 0.1109375
1 0.5734375 0.6578125 0.2125 0.1796875
1 0.8859375 0.7609375 0.228125 0.121875
1 0.4984375 0.7921875 0.2671875 0.109375
1 0.1234375 0.63125 0.171875 0.15625
1 0.1078125 0.4515625 0.1375 0.146875
1 0.2390625 0.39375 0.0984375 0.1109375
1 0.1546875 0.2109375 0.0609375 0.053125
1 0.196875 0.2140625 0.0421875 0.04375
1 0.284375 0.2 0.0515625 0.05625
1 0.35 0.184375 0.0625 0.0578125
1 0.415625 0.19375 0.0671875 0.06875
1 0.7765625 0.1765625 0.0625 0.06875
1 0.790625 0.2609375 0.0640625 0.0796875
0 0.8765625 0.175 0.090625 0.09375
1 0.9640625 0.2125 0.0453125 0.0734375
1 0.95 0.1515625 0.05 0.0625
1 0.1390625 0.771875 0.2296875 0.1671875
1 0.3765625 0.453125 0.0953125 0.121875
0 0.5453125 0.1890625 0.128125 0.0859375
0 0.640625 0.14375 0.1421875 0.103125
0 0.6578125 0.1765625 0.0453125 0.0609375
0 0.071875 0.8890625 0.1421875 0.221875