0 0.403125 0.159375 0.1484375 0.0890625
1 0.0984375 0.45625 0.1453125 0.1171875
1 0.2359375 0.396875 0.1296875 0.103125
1 0.3515625 0.3375 0.0921875 0.11875
1 0.4296875 0.2921875 0.0734375 0.0828125
1 0.365625 0.45625 0.121875 0.1203125
1 0.84375 0.6375 0.171875 0.203125
1 0.5078125 0.7046875 0.2390625 0.146875
1 0.65 0.7703125 0.2203125 0.1625
1 0.475 0.3734375 0.1 0.0921875
1 0.4828125 0.4578125 0.0953125 0.1109375
1 0.621875 0.43125 0.0953125 0.1125
0 0.709375 0.2484375 0.109375 0.109375
1 0.678125 0.353125 0.0609375 0.10625
1 0.59375 0.359375 0.08125 0.08125
0 0.665625 0.146875 0.2140625 0.071875
1 0.8171875 0.2234375 0.0546875 0.0875
1 0.3203125 0.203125 0.0609375 0.0421875
1 0.4046875 0.19375 0.0703125 0.059375
1 0.903125 0.20625 0.0515625 0.0765625
1 0.5140625 0.5328125 0.1203125 0.1375