1 0.128125 0.315625 0.0625 0.0828125
1 0.15 0.4203125 0.1421875 0.121875
1 0.146875 0.596875 0.2671875 0.140625
1 0.2671875 0.3796875 0.1171875 0.11875
1 0.496875 0.353125 0.0921875 0.0703125
1 0.5859375 0.3328125 0.109375 0.096875
1 0.890625 0.5265625 0.1734375 0.128125
1 0.9109375 0.8796875 0.178125 0.240625
1 0.746875 0.903125 0.1796875 0.19375
1 0.4 0.325 0.0421875 0.0765625
1 0.359375 0.3078125 0.0453125 0.0859375
1 0.2875 0.3125 0.0390625 0.05
1 0.2234375 0.3140625 0.053125 0.05625
1 0.2984375 0.2328125 0.040625 0.0625
1 0.3375 0.26875 0.0421875 0.0609375
1 0.4578125 0.2265625 0.0546875 0.09375
1 0.496875 0.25625 0.03125 0.0609375
1 0.6375 0.253125 0.0390625 0.0625
1 0.4296875 0.296875 0.04375 0.0578125