1 0.4453125 0.8046875 0.1015625 0.2203125
1 0.2875 0.81875 0.103125 0.25
1 0.0453125 0.7765625 0.090625 0.259375
1 0.0453125 0.571875 0.090625 0.15625
1 0.19375 0.43125 0.0609375 0.14375
1 0.26875 0.478125 0.065625 0.15625
1 0.209375 0.325 0.059375 0.1078125
1 0.2765625 0.3296875 0.04375 0.096875
1 0.33125 0.3421875 0.0453125 0.0859375
1 0.65625 0.4703125 0.0703125 0.1109375
1 0.83125 0.6109375 0.1125 0.1734375
1 0.7859375 0.31875 0.0546875 0.109375
1 0.6734375 0.2640625 0.0421875 0.0609375
1 0.609375 0.2765625 0.0421875 0.0671875
1 0.50625 0.20625 0.0390625 0.05
1 0.59375 0.203125 0.03125 0.04375
0 0.690625 0.178125 0.0671875 0.11875
1 0.3734375 0.2671875 0.0421875 0.071875
1 0.3265625 0.246875 0.04375 0.071875
1 0.26875 0.2421875 0.0390625 0.053125
1 0.3703125 0.1859375 0.028125 0.0421875
1 0.4 0.20625 0.0296875 0.05625
1 0.4609375 0.1984375 0.021875 0.0515625
1 0.959375 0.1734375 0.0578125 0.0640625
1 0.9578125 0.234375 0.0546875 0.05
1 0.7890625 0.1640625 0.0609375 0.046875
1 0.8609375 0.1671875 0.0484375 0.059375