1 0.29375 0.44375 0.1234375 0.1703125
1 0.8609375 0.3359375 0.2328125 0.2234375
1 0.7640625 0.3015625 0.1953125 0.1875
1 0.59375 0.253125 0.190625 0.15625
1 0.5453125 0.2328125 0.1484375 0.1375
1 0.6953125 0.196875 0.0953125 0.1078125
1 0.475 0.221875 0.1171875 0.1015625
1 0.3953125 0.2109375 0.0828125 0.0859375
1 0.371875 0.19375 0.1171875 0.0953125
1 0.4546875 0.1984375 0.125 0.1140625
2 0.553125 0.5734375 0.0484375 0.2484375
2 0.1234375 0.71875 0.0671875 0.25
2 0.2046875 0.95 0.0734375 0.0984375
2 0.06875 0.4578125 0.021875 0.1328125
2 0.4421875 0.15 0.0140625 0.03125