1 0.371875 0.53125 0.165625 0.26875
1 0.1109375 0.434375 0.103125 0.1375
1 0.734375 0.2015625 0.125 0.1078125
1 0.0921875 0.33125 0.0734375 0.0828125
1 0.5984375 0.2625 0.159375 0.1328125
1 0.2453125 0.3765625 0.103125 0.153125
1 0.2015625 0.3265625 0.06875 0.1078125
1 0.2390625 0.2296875 0.05 0.0671875
1 0.828125 0.315625 0.2515625 0.2421875
1 0.7328125 0.290625 0.1328125 0.1625
1 0.3265625 0.1953125 0.0859375 0.0828125
1 0.384375 0.2015625 0.1234375 0.09375
1 0.1734375 0.2609375 0.05 0.075
2 0.140625 0.346875 0.025 0.1109375
2 0.0546875 0.721875 0.0203125 0.1859375
2 0.06875 0.2921875 0.0109375 0.03125