0 0.6 0.175 0.0578125 0.0984375
0 0.5984375 0.0828125 0.0421875 0.0671875
1 0.2875 0.821875 0.140625 0.240625
1 0.4359375 0.7953125 0.1453125 0.221875
1 0.7140625 0.5984375 0.1546875 0.259375
1 0.74375 0.4015625 0.0734375 0.1125
1 0.628125 0.2640625 0.053125 0.10625
1 0.659375 0.21875 0.0546875 0.1
1 0.6703125 0.1828125 0.0359375 0.0703125
1 0.690625 0.140625 0.0359375 0.0625
1 0.2890625 0.3328125 0.053125 0.109375
1 0.253125 0.2953125 0.059375 0.059375
1 0.1546875 0.465625 0.1015625 0.1703125
1 0.346875 0.26875 0.0484375 0.071875
1 0.328125 0.2265625 0.0515625 0.053125
1 0.4109375 0.225 0.028125 0.059375
1 0.4375 0.2109375 0.0390625 0.0765625
1 0.465625 0.2078125 0.0328125 0.0734375
1 0.5046875 0.1984375 0.046875 0.0703125
1 0.3046875 0.178125 0.0546875 0.0625
0 0.80625 0.1515625 0.1515625 0.1078125