2 0.64375 0.5453125 0.04375 0.2609375
2 0.6953125 0.5515625 0.046875 0.2828125
2 0.5640625 0.36875 0.034375 0.171875
2 0.1578125 0.3921875 0.028125 0.1765625
2 0.4640625 0.88125 0.1046875 0.234375
2 0.2859375 0.334375 0.0265625 0.1625
2 0.53125 0.365625 0.0265625 0.16875
2 0.728125 0.33125 0.0390625 0.1421875
2 0.3984375 0.4078125 0.03125 0.175
2 0.7984375 0.38125 0.034375 0.1671875
2 0.24375 0.34375 0.025 0.1453125
2 0.425 0.4078125 0.0390625 0.1828125
2 0.8484375 0.290625 0.0203125 0.10625
2 0.7703125 0.3484375 0.028125 0.1328125
2 0.9875 0.259375 0.0140625 0.0671875
2 0.4484375 0.34375 0.0328125 0.146875
2 0.8921875 0.2796875 0.021875 0.0890625
2 0.4046875 0.2859375 0.0203125 0.078125
2 0.8109375 0.271875 0.0203125 0.096875
2 0.628125 0.2015625 0.0140625 0.0421875
2 0.659375 0.196875 0.0109375 0.0390625
2 0.6875 0.259375 0.01875 0.1015625
2 0.625 0.2546875 0.0140625 0.0671875
2 0.5125 0.2765625 0.01875 0.1078125
2 0.46875 0.2859375 0.01875 0.1328125
2 0.215625 0.2984375 0.0203125 0.071875