2 0.7515625 0.2953125 0.0234375 0.11875
2 0.9125 0.490625 0.0421875 0.2390625
2 0.5390625 0.253125 0.0171875 0.0953125
2 0.6015625 0.325 0.0265625 0.121875
2 0.4703125 0.29375 0.0234375 0.1015625
2 0.865625 0.4859375 0.04375 0.2109375
2 0.434375 0.296875 0.0234375 0.1203125
2 0.871875 0.28125 0.015625 0.0921875
2 0.775 0.21875 0.0125 0.0671875
2 0.7953125 0.2171875 0.0140625 0.0734375
2 0.5953125 0.2203125 0.015625 0.04375
2 0.6265625 0.2484375 0.0234375 0.09375
2 0.8515625 0.7390625 0.046875 0.190625
2 0.409375 0.303125 0.0265625 0.1171875
2 0.821875 0.6984375 0.0625 0.3390625
2 0.96875 0.2734375 0.0171875 0.08125
2 0.865625 0.2625 0.0171875 0.0859375
2 0.6734375 0.203125 0.0140625 0.0390625
2 0.853125 0.1890625 0.009375 0.0484375
2 0.61875 0.2515625 0.0125 0.0921875
2 0.009375 0.3265625 0.01875 0.103125