1 0.8484375 0.2109375 0.0265625 0.0234375
1 0.990625 0.159375 0.0171875 0.0328125
2 0.45 0.309375 0.028125 0.1078125
2 0.28125 0.31875 0.025 0.1640625
2 0.7671875 0.225 0.0140625 0.0734375
2 0.9015625 0.2296875 0.0140625 0.065625
2 0.91875 0.2453125 0.0171875 0.075
2 0.9390625 0.184375 0.0078125 0.0390625
2 0.8171875 0.1984375 0.0140625 0.059375
2 0.9484375 0.2375 0.0171875 0.0734375
2 0.3015625 0.2765625 0.01875 0.08125
2 0.8828125 0.1859375 0.009375 0.046875
2 0.9265625 0.1875 0.00625 0.04375
2 0.890625 0.1859375 0.009375 0.0421875
2 0.984375 0.165625 0.00625 0.0265625
2 0.9421875 0.228125 0.0109375 0.0609375
2 0.990625 0.2578125 0.0171875 0.0765625