1 0.240625 0.328125 0.0546875 0.0859375
1 0.31875 0.2421875 0.0375 0.0609375
1 0.421875 0.253125 0.0359375 0.0515625
1 0.2859375 0.8265625 0.1171875 0.2375
1 0.4359375 0.803125 0.0921875 0.2125
0 0.8375 0.3265625 0.1765625 0.23125
1 0.6609375 0.2078125 0.0421875 0.06875
1 0.58125 0.1609375 0.0203125 0.0390625
1 0.6140625 0.1484375 0.0203125 0.0390625
0 0.61875 0.1140625 0.04375 0.059375
1 0.559375 0.128125 0.0171875 0.040625
1 0.5765625 0.1125 0.0171875 0.03125
1 0.6671875 0.14375 0.0328125 0.03125
1 0.9640625 0.1859375 0.0484375 0.0328125
1 0.98125 0.2265625 0.0265625 0.046875
1 0.165625 0.203125 0.053125 0.0375
1 0.284375 0.1734375 0.0328125 0.046875
1 0.340625 0.1625 0.0234375 0.0359375
1 0.384375 0.175 0.028125 0.0484375
1 0.4328125 0.2125 0.0328125 0.040625
1 0.4640625 0.2203125 0.028125 0.0484375
1 0.5046875 0.215625 0.0296875 0.0375
1 0.39375 0.2203125 0.0328125 0.04375