2 0.9125 0.509375 0.053125 0.2265625
2 0.2796875 0.48125 0.05 0.221875
2 0.4125 0.315625 0.028125 0.1359375
2 0.71875 0.2796875 0.0203125 0.103125
2 0.75625 0.21875 0.0140625 0.071875
2 0.74375 0.21875 0.0140625 0.0703125
2 0.3109375 0.33125 0.0265625 0.1390625
2 0.85625 0.25 0.01875 0.090625
2 0.9390625 0.253125 0.0171875 0.078125
2 0.834375 0.246875 0.015625 0.0890625
2 0.9671875 0.2265625 0.0140625 0.065625
2 0.3296875 0.3375 0.01875 0.1265625
2 0.928125 0.2375 0.0125 0.0625
2 0.428125 0.296875 0.015625 0.1140625
2 0.996875 0.2015625 0.00625 0.053125