1 0.1078125 0.1046875 0.0140625 0.0234375
2 0.5875 0.3703125 0.03125 0.1359375
2 0.6734375 0.5671875 0.0609375 0.2515625
2 0.375 0.2921875 0.0234375 0.1125
2 0.084375 0.253125 0.0203125 0.103125
2 0.14375 0.28125 0.025 0.1
2 0.44375 0.2109375 0.0140625 0.065625
2 0.4296875 0.20625 0.009375 0.04375
2 0.275 0.2015625 0.0171875 0.0765625
2 0.321875 0.2484375 0.0171875 0.1
2 0.2578125 0.1703125 0.0109375 0.05625
2 0.3234375 0.1828125 0.0125 0.046875
2 0.79375 0.36875 0.034375 0.14375
2 0.265625 0.165625 0.009375 0.046875
2 0.2 0.1546875 0.009375 0.0546875
2 0.821875 0.371875 0.01875 0.121875
2 0.2078125 0.153125 0.0078125 0.04375
2 0.1046875 0.1234375 0.0078125 0.0328125
2 0.1203125 0.2765625 0.0234375 0.109375