1 0.4515625 0.20625 0.0515625 0.0671875
1 0.275 0.4390625 0.1640625 0.2734375
1 0.684375 0.3375 0.0203125 0.034375
2 0.878125 0.4984375 0.0484375 0.1953125
2 0.6953125 0.403125 0.0390625 0.1796875
2 0.1953125 0.2484375 0.0265625 0.1
2 0.66875 0.3453125 0.0296875 0.134375
2 0.1625 0.25 0.0234375 0.0953125
2 0.3796875 0.303125 0.025 0.09375
2 0.2875 0.240625 0.0234375 0.1015625
2 0.43125 0.30625 0.025 0.1125
2 0.53125 0.290625 0.0203125 0.103125
2 0.5015625 0.303125 0.028125 0.1078125
2 0.2359375 0.24375 0.0171875 0.09375
2 0.3765625 0.203125 0.0140625 0.071875
2 0.4515625 0.30625 0.0234375 0.1125
2 0.790625 0.371875 0.0203125 0.1234375
2 0.2234375 0.2296875 0.015625 0.0875
2 0.3359375 0.228125 0.015625 0.0796875
2 0.6453125 0.3375 0.0234375 0.11875
2 0.3015625 0.18125 0.0109375 0.0515625
2 0.290625 0.178125 0.0125 0.0546875
2 0.3203125 0.24375 0.01875 0.0953125
2 0.1953125 0.1734375 0.0140625 0.0546875
2 0.315625 0.21875 0.0125 0.065625
2 0.80625 0.3765625 0.03125 0.1265625