2 0.696875 0.596875 0.05 0.2640625
2 0.59375 0.396875 0.0328125 0.16875
2 0.475 0.6 0.0546875 0.278125
2 0.2671875 0.3046875 0.028125 0.11875
2 0.7546875 0.4625 0.046875 0.209375
2 0.16875 0.2578125 0.03125 0.1171875
2 0.2484375 0.3984375 0.034375 0.1625
2 0.228125 0.2875 0.028125 0.1265625
2 0.2078125 0.403125 0.0390625 0.1796875
2 0.284375 0.2015625 0.0140625 0.06875
2 0.49375 0.4984375 0.0484375 0.21875
2 0.79375 0.4515625 0.034375 0.1765625
2 0.4671875 0.2734375 0.0234375 0.1046875
2 0.490625 0.2671875 0.021875 0.096875
2 0.0296875 0.1515625 0.0171875 0.0890625
2 0.0890625 0.234375 0.015625 0.0875
2 0.425 0.2515625 0.01875 0.0828125
2 0.8015625 0.378125 0.0265625 0.128125
2 0.203125 0.165625 0.0125 0.0578125
2 0.021875 0.159375 0.0125 0.0765625
2 0.39375 0.23125 0.021875 0.078125
2 0.5609375 0.25 0.0171875 0.109375