1 0.146875 0.109375 0.025 0.01875
1 0.0734375 0.1265625 0.034375 0.0453125
2 0.346875 0.4296875 0.0375 0.2078125
2 0.56875 0.3546875 0.0296875 0.1421875
2 0.6203125 0.5421875 0.0546875 0.221875
2 0.021875 0.153125 0.0109375 0.0765625
2 0.1671875 0.1921875 0.0140625 0.0671875
2 0.39375 0.1984375 0.0125 0.065625
2 0.0890625 0.159375 0.009375 0.04375
2 0.278125 0.1890625 0.009375 0.0421875
2 0.209375 0.190625 0.0171875 0.071875
2 0.80625 0.375 0.025 0.128125
2 0.2671875 0.18125 0.0125 0.059375
2 0.259375 0.1703125 0.0109375 0.0484375
2 0.19375 0.1921875 0.0171875 0.0671875
2 0.784375 0.375 0.0265625 0.1234375
2 0.3984375 0.209375 0.009375 0.0421875
2 0.4625 0.2359375 0.0125 0.0484375
2 0.425 0.228125 0.0171875 0.0765625
2 0.440625 0.225 0.0125 0.08125
2 0.45 0.2203125 0.0125 0.06875
2 0.5375 0.2625 0.015625 0.05625
2 0.4125 0.209375 0.0125 0.053125