1 0.496875 0.2078125 0.0625 0.0625
1 0.478125 0.2078125 0.021875 0.0609375
2 0.3546875 0.509375 0.0453125 0.2421875
2 0.89375 0.4796875 0.05 0.2171875
2 0.84375 0.696875 0.0625 0.3265625
2 0.1609375 0.278125 0.025 0.1203125
2 0.1359375 0.2765625 0.0203125 0.115625
2 0.265625 0.1875 0.0140625 0.0625
2 0.1921875 0.19375 0.015625 0.0671875
2 0.1109375 0.19375 0.0171875 0.065625
2 0.1640625 0.190625 0.0140625 0.0640625
2 0.390625 0.25625 0.0265625 0.1203125
2 0.340625 0.18125 0.009375 0.0578125
2 0.20625 0.153125 0.0109375 0.0515625
2 0.31875 0.190625 0.0125 0.05625
2 0.33125 0.1953125 0.009375 0.046875
2 0.234375 0.1703125 0.009375 0.0453125
2 0.2265625 0.165625 0.009375 0.05625
2 0.1078125 0.1265625 0.0046875 0.0296875
2 0.79375 0.3765625 0.0203125 0.125