2 0.58125 0.384375 0.0328125 0.1546875
2 0.340625 0.5015625 0.0515625 0.215625
2 0.2890625 0.4890625 0.046875 0.2140625
2 0.609375 0.7609375 0.0671875 0.321875
2 0.6859375 0.3484375 0.0234375 0.121875
2 0.9578125 0.8515625 0.071875 0.29375
2 0.421875 0.934375 0.096875 0.1296875
2 0.35 0.203125 0.0140625 0.0625
2 0.484375 0.365625 0.0265625 0.146875
2 0.384375 0.2671875 0.021875 0.103125
2 0.4625 0.3671875 0.028125 0.14375
2 0.46875 0.271875 0.025 0.0859375
2 0.4015625 0.275 0.0140625 0.0890625
2 0.2140625 0.1765625 0.0125 0.0578125
2 0.334375 0.9625 0.0609375 0.071875
2 0.16875 0.225 0.01875 0.0921875
2 0.2609375 0.1859375 0.0140625 0.0625
2 0.24375 0.1671875 0.0109375 0.046875
2 0.796875 0.3734375 0.0171875 0.1203125
2 0.80625 0.3796875 0.021875 0.125