2 0.7390625 0.465625 0.0484375 0.1875
2 0.4109375 0.2671875 0.0265625 0.1234375
2 0.271875 0.23125 0.0203125 0.0984375
2 0.425 0.3640625 0.0328125 0.1515625
2 0.125 0.2234375 0.01875 0.096875
2 0.134375 0.1265625 0.00625 0.0359375
2 0.11875 0.140625 0.0078125 0.0359375
2 0.225 0.1640625 0.009375 0.0421875
2 0.16875 0.15625 0.0078125 0.0390625
2 0.2125 0.2015625 0.0125 0.0671875
2 0.178125 0.153125 0.009375 0.0390625
2 0.203125 0.1828125 0.0109375 0.059375
2 0.209375 0.15 0.009375 0.05
2 0.103125 0.1296875 0.0046875 0.0265625
2 0.0984375 0.121875 0.0046875 0.021875