2 0.403125 0.428125 0.0390625 0.1828125
2 0.640625 0.4953125 0.04375 0.221875
2 0.5765625 0.3296875 0.03125 0.1171875
2 0.628125 0.3625 0.03125 0.1484375
2 0.2703125 0.1953125 0.0140625 0.0671875
2 0.0265625 0.15 0.015625 0.0859375
2 0.43125 0.271875 0.0234375 0.1015625
2 0.3375 0.19375 0.0125 0.05625
2 0.1296875 0.20625 0.015625 0.08125
2 0.065625 0.15 0.009375 0.046875
2 0.25 0.1875 0.0109375 0.065625
2 0.790625 0.3734375 0.0296875 0.121875
2 0.2296875 0.2234375 0.0171875 0.0890625
2 0.10625 0.1640625 0.0125 0.0578125
2 0.4 0.1953125 0.0171875 0.0359375
2 0.2296875 0.1546875 0.009375 0.04375
2 0.190625 0.1609375 0.0125 0.0328125
2 0.440625 0.2109375 0.0109375 0.04375
2 0.415625 0.225 0.021875 0.08125
2 0.165625 0.1484375 0.009375 0.04375
2 0.15625 0.140625 0.0078125 0.0375
2 0.125 0.1359375 0.009375 0.0375
2 0.18125 0.1375 0.0078125 0.0421875
2 0.8140625 0.3765625 0.0234375 0.1234375
2 0.1953125 0.2265625 0.0171875 0.078125
2 0.1890625 0.196875 0.0140625 0.06875
2 0.4265625 0.1953125 0.009375 0.0515625
2 0.2140625 0.225 0.021875 0.0875