2 0.3390625 0.3 0.021875 0.1140625
2 0.6671875 0.6296875 0.071875 0.284375
2 0.54375 0.4 0.0375 0.16875
2 0.6546875 0.3625 0.028125 0.140625
2 0.725 0.5953125 0.0625 0.275
2 0.6875 0.3609375 0.0296875 0.1453125
2 0.2375 0.1609375 0.0125 0.053125
2 0.06875 0.253125 0.0203125 0.1
2 0.2890625 0.18125 0.0125 0.0515625
2 0.278125 0.1859375 0.0078125 0.0375
2 0.19375 0.1765625 0.009375 0.05
2 0.4296875 0.2046875 0.0109375 0.046875
2 0.45 0.2671875 0.025 0.0734375
2 0.4453125 0.2140625 0.0140625 0.0578125
2 0.79375 0.3671875 0.034375 0.1421875
2 0.0484375 0.171875 0.0140625 0.0921875
2 0.3109375 0.190625 0.0109375 0.0359375
2 0.821875 0.371875 0.0203125 0.121875
2 0.05625 0.1734375 0.0140625 0.0921875
2 0.4625 0.26875 0.01875 0.071875
2 0.203125 0.1421875 0.0078125 0.0359375
2 0.7859375 0.3625 0.0203125 0.1140625