1 0.1359375 0.109375 0.028125 0.0234375
2 0.325 0.36875 0.0375 0.1609375
2 0.575 0.9265625 0.0859375 0.1453125
2 0.371875 0.371875 0.0375 0.15625
2 0.359375 0.2 0.015625 0.071875
2 0.31875 0.1890625 0.0140625 0.059375
2 0.19375 0.1640625 0.0109375 0.0515625
2 0.778125 0.3734375 0.0296875 0.121875
2 0.409375 0.259375 0.021875 0.115625
2 0.4703125 0.2546875 0.0171875 0.084375
2 0.1 0.128125 0.0078125 0.0359375
2 0.1484375 0.1484375 0.009375 0.046875
2 0.23125 0.1640625 0.0125 0.053125
2 0.2734375 0.228125 0.021875 0.0921875
2 0.8 0.3734375 0.0171875 0.128125
2 0.41875 0.2015625 0.009375 0.0421875
2 0.4078125 0.2015625 0.015625 0.0421875
2 0.540625 0.25 0.0140625 0.08125