1 0.4515625 0.20625 0.0546875 0.0765625
2 0.2875 0.5515625 0.040625 0.0875
2 0.5140625 0.3828125 0.0375 0.1609375
2 0.146875 0.64375 0.075 0.28125
2 0.64375 0.446875 0.0453125 0.1875
2 0.6015625 0.2890625 0.0234375 0.1109375
2 0.459375 0.4015625 0.0421875 0.1921875
2 0.4125 0.4125 0.0390625 0.1796875
2 0.753125 0.465625 0.0359375 0.1875
2 0.2296875 0.3046875 0.021875 0.1171875
2 0.1859375 0.3 0.0265625 0.125
2 0.0875 0.3171875 0.0234375 0.1265625
2 0.796875 0.378125 0.0296875 0.1359375
2 0.1171875 0.309375 0.0390625 0.1359375
2 0.3296875 0.24375 0.021875 0.1
2 0.25 0.1875 0.0140625 0.071875
2 0.1625 0.2484375 0.025 0.1125
2 0.7140625 0.4828125 0.0296875 0.1234375
2 0.2734375 0.190625 0.0125 0.0609375
2 0.696875 0.35625 0.0265625 0.13125
2 0.34375 0.196875 0.0140625 0.0671875
2 0.3171875 0.1921875 0.0125 0.05625
2 0.3515625 0.2203125 0.025 0.078125
2 0.30625 0.1984375 0.009375 0.04375