2 0.4546875 0.7984375 0.0734375 0.315625
2 0.66875 0.45625 0.0390625 0.190625
2 0.303125 0.4875 0.04375 0.2234375
2 0.2734375 0.35 0.0265625 0.153125
2 0.5328125 0.3609375 0.025 0.14375
2 0.596875 0.6296875 0.0640625 0.265625
2 0.30625 0.2453125 0.021875 0.096875
2 0.915625 0.4875 0.0375 0.1890625
2 0.9484375 0.4859375 0.0359375 0.1921875
2 0.3140625 0.9109375 0.0703125 0.175
2 0.5 0.29375 0.0203125 0.1015625
2 0.778125 0.3734375 0.028125 0.121875
2 0.4375 0.3265625 0.025 0.1421875
2 0.14375 0.2484375 0.0265625 0.1078125
2 0.9703125 0.5375 0.0375 0.2015625
2 0.421875 0.23125 0.021875 0.078125
2 0.240625 0.18125 0.015625 0.059375
2 0.7984375 0.3734375 0.0171875 0.128125
2 0.2203125 0.1796875 0.0140625 0.0609375
2 0.984375 0.54375 0.03125 0.1859375
2 0.128125 0.2546875 0.01875 0.103125
2 0.428125 0.30625 0.0171875 0.11875