0 0.4859375 0.3203125 0.2109375 0.196875
1 0.5609375 0.48125 0.096875 0.1859375
1 0.4703125 0.4390625 0.0921875 0.159375
1 0.640625 0.3765625 0.0890625 0.1296875
1 0.559375 0.365625 0.05 0.090625
1 0.71875 0.3109375 0.0828125 0.0984375
1 0.63125 0.321875 0.084375 0.109375
1 0.7953125 0.7609375 0.2453125 0.2484375
1 0.915625 0.646875 0.16875 0.16875
1 0.434375 0.65625 0.23125 0.1828125
1 0.39375 0.840625 0.2734375 0.2125
1 0.146875 0.928125 0.26875 0.1421875
1 0.0796875 0.4421875 0.1390625 0.1609375
1 0.284375 0.4171875 0.1046875 0.153125
1 0.246875 0.3828125 0.1140625 0.0859375
1 0.34375 0.31875 0.0609375 0.096875
1 0.3640625 0.3546875 0.0640625 0.1171875
1 0.3515625 0.4640625 0.1328125 0.1
1 0.815625 0.240625 0.05 0.06875
1 0.7640625 0.2703125 0.0546875 0.0671875
1 0.740625 0.25 0.059375 0.078125
1 0.6859375 0.2734375 0.0484375 0.0640625
1 0.628125 0.2609375 0.0453125 0.0625
1 0.6140625 0.2171875 0.046875 0.0578125
1 0.6734375 0.16875 0.0578125 0.0625
1 0.6546875 0.1359375 0.0484375 0.05625
1 0.58125 0.1796875 0.05 0.0625
1 0.5 0.1609375 0.0484375 0.0515625
1 0.4546875 0.196875 0.0828125 0.0671875
1 0.3203125 0.19375 0.071875 0.0765625
1 0.35 0.178125 0.0578125 0.05
1 0.2609375 0.19375 0.0859375 0.06875
1 0.1921875 0.2171875 0.0390625 0.0703125
1 0.13125 0.1875 0.0484375 0.0671875
1 0.1578125 0.19375 0.05 0.05625
1 0.859375 0.2015625 0.0546875 0.05625
1 0.978125 0.3171875 0.04375 0.1109375
0 0.7890625 0.1625 0.1625 0.1140625
0 0.9671875 0.20625 0.065625 0.125
0 0.5953125 0.0890625 0.0328125 0.0578125