0 0.4203125 0.3515625 0.2640625 0.271875
0 0.2984375 0.1734375 0.165625 0.11875
1 0.1234375 0.5046875 0.1578125 0.1234375
1 0.0890625 0.44375 0.1640625 0.0875
1 0.1796875 0.6390625 0.1609375 0.246875
1 0.5296875 0.6890625 0.2234375 0.16875
1 0.8421875 0.653125 0.234375 0.1875
1 0.5421875 0.4859375 0.1171875 0.1609375
1 0.4359375 0.4625 0.103125 0.1390625
1 0.5203125 0.3890625 0.0765625 0.109375
1 0.61875 0.3875 0.078125 0.1359375
1 0.628125 0.3140625 0.0796875 0.10625
1 0.7140625 0.3078125 0.0640625 0.0984375
1 0.778125 0.26875 0.0578125 0.0765625
1 0.6796875 0.2640625 0.0671875 0.05625
1 0.6234375 0.253125 0.0640625 0.0703125
1 0.5703125 0.246875 0.0484375 0.046875
1 0.609375 0.23125 0.053125 0.0625
1 0.653125 0.1703125 0.0609375 0.0484375
1 0.2515625 0.36875 0.1171875 0.05
1 0.265625 0.4125 0.0921875 0.1078125
1 0.19375 0.228125 0.0515625 0.0609375
1 0.4859375 0.19375 0.0640625 0.06875
1 0.46875 0.1765625 0.053125 0.0359375
1 0.571875 0.184375 0.0734375 0.05
1 0.490625 0.1375 0.0234375 0.046875
1 0.4625 0.1328125 0.028125 0.0390625
1 0.4265625 0.1421875 0.0296875 0.04375