0 0.115625 0.1734375 0.165625 0.0828125
0 0.496875 0.1453125 0.1421875 0.0875
0 0.96875 0.21875 0.0609375 0.1296875
1 0.9171875 0.6875 0.165625 0.18125
1 0.45625 0.65625 0.1484375 0.228125
1 0.621875 0.434375 0.096875 0.146875
1 0.58125 0.3375 0.0796875 0.1015625
1 0.5421875 0.3078125 0.0515625 0.0921875
1 0.5109375 0.275 0.0515625 0.071875
1 0.4453125 0.3203125 0.0625 0.103125
1 0.4515625 0.253125 0.053125 0.0578125
1 0.4765625 0.4671875 0.128125 0.1140625
1 0.3078125 0.5265625 0.134375 0.159375
1 0.2796875 0.43125 0.096875 0.0875
1 0.2328125 0.371875 0.10625 0.1078125
1 0.384375 0.371875 0.075 0.1171875
1 0.3484375 0.328125 0.0703125 0.0859375
1 0.3890625 0.30625 0.0984375 0.0890625
1 0.0796875 0.446875 0.1453125 0.10625
1 0.134375 0.51875 0.1640625 0.13125
1 0.040625 0.8421875 0.0796875 0.2171875
1 0.7375 0.3046875 0.0515625 0.090625
1 0.721875 0.26875 0.0484375 0.078125
1 0.665625 0.25 0.0609375 0.1
1 0.615625 0.2359375 0.0484375 0.06875
1 0.5796875 0.259375 0.05625 0.078125
1 0.7609375 0.184375 0.065625 0.053125
1 0.796875 0.2109375 0.0671875 0.0625
1 0.890625 0.20625 0.0765625 0.071875
1 0.665625 0.1859375 0.059375 0.05
1 0.584375 0.1875 0.0609375 0.0609375
1 0.5234375 0.2265625 0.0609375 0.06875
1 0.35 0.2109375 0.0625 0.0578125
1 0.4125 0.1859375 0.06875 0.0640625
1 0.2640625 0.2125 0.0640625 0.059375
1 0.196875 0.23125 0.046875 0.0796875
0 0.2828125 0.1515625 0.071875 0.0734375