1 0.21875 0.6328125 0.15625 0.1765625
1 0.125 0.5078125 0.1453125 0.0984375
1 0.0921875 0.4421875 0.14375 0.0875
1 0.2453125 0.3765625 0.1140625 0.059375
1 0.2875 0.4359375 0.11875 0.0703125
1 0.3796875 0.60625 0.1296875 0.1765625
1 0.5578125 0.3671875 0.0875 0.1296875
1 0.384375 0.3625 0.090625 0.0671875
1 0.4640625 0.321875 0.078125 0.0734375
1 0.5265625 0.278125 0.0671875 0.05
1 0.5796875 0.25625 0.053125 0.059375
1 0.6171875 0.23125 0.046875 0.040625
1 0.390625 0.2828125 0.0609375 0.0578125
1 0.346875 0.3234375 0.0546875 0.0671875
1 0.26875 0.20625 0.0515625 0.0609375
1 0.3453125 0.203125 0.059375 0.0484375
1 0.459375 0.196875 0.06875 0.0375
1 0.1921875 0.2265625 0.0265625 0.04375
0 0.196875 0.1609375 0.1015625 0.0671875
0 0.365625 0.13125 0.040625 0.06875
1 0.334375 0.14375 0.015625 0.0359375
1 0.5875 0.1640625 0.0484375 0.05
1 0.7046875 0.1921875 0.0703125 0.05
1 0.7140625 0.3 0.059375 0.096875
1 0.853125 0.21875 0.0515625 0.0625
1 0.8484375 0.1828125 0.0546875 0.046875
0 0.96875 0.221875 0.0625 0.11875
1 0.5890625 0.10625 0.021875 0.0265625