1 0.2203125 0.371875 0.121875 0.0796875
1 0.4734375 0.328125 0.0390625 0.1
1 0.403125 0.3125 0.0515625 0.0734375
1 0.4328125 0.2875 0.0359375 0.0578125
1 0.3640625 0.3109375 0.046875 0.0609375
1 0.31875 0.3 0.0390625 0.0625
1 0.2859375 0.3171875 0.04375 0.078125
1 0.2265625 0.3 0.05625 0.08125
1 0.134375 0.3 0.06875 0.1
1 0.0578125 0.390625 0.0984375 0.109375
1 0.20625 0.278125 0.0546875 0.04375
1 0.5609375 0.31875 0.090625 0.0890625
1 0.6734375 0.3015625 0.0421875 0.05625
1 0.7625 0.903125 0.1640625 0.1921875
1 0.9125 0.8875 0.1734375 0.2234375
1 0.4953125 0.2609375 0.040625 0.0609375
1 0.459375 0.215625 0.040625 0.0875
1 0.340625 0.253125 0.0515625 0.05