1 0.1265625 0.5359375 0.1421875 0.1359375
1 0.0890625 0.4546875 0.153125 0.0984375
1 0.2390625 0.3859375 0.115625 0.0828125
1 0.2796875 0.4421875 0.1109375 0.0921875
1 0.3640625 0.3328125 0.0953125 0.08125
1 0.3890625 0.371875 0.0890625 0.078125
1 0.4015625 0.2953125 0.0578125 0.0671875
1 0.4640625 0.3375 0.0671875 0.06875
1 0.46875 0.2609375 0.0515625 0.0609375
1 0.5078125 0.2546875 0.0640625 0.046875
1 0.521875 0.2921875 0.0671875 0.0640625
1 0.5765625 0.26875 0.0671875 0.0515625
1 0.6234375 0.2390625 0.0578125 0.0515625
1 0.525 0.2359375 0.0578125 0.05
1 0.5828125 0.23125 0.0421875 0.0421875
1 0.55625 0.1953125 0.059375 0.06875
1 0.6796875 0.190625 0.0625 0.05625
1 0.721875 0.16875 0.065625 0.0671875
1 0.771875 0.2015625 0.05625 0.0578125
1 0.803125 0.23125 0.06875 0.06875
1 0.6515625 0.296875 0.0609375 0.0625
1 0.534375 0.4125 0.0953125 0.128125
1 0.4546875 0.2015625 0.053125 0.053125
1 0.48125 0.1875 0.0640625 0.04375
1 0.36875 0.2140625 0.0578125 0.05625
1 0.3234375 0.2046875 0.0515625 0.05
1 0.2671875 0.2109375 0.0609375 0.0625
1 0.375 0.171875 0.046875 0.046875