0 0.28125 0.3890625 0.175 0.2671875
0 0.6796875 0.5859375 0.6125 0.56875
1 0.728125 0.359375 0.159375 0.1296875
1 0.9 0.3375 0.1421875 0.159375
1 0.95625 0.446875 0.0875 0.13125
1 0.45625 0.296875 0.1015625 0.1171875
1 0.6921875 0.303125 0.1515625 0.1484375
1 0.9703125 0.21875 0.0578125 0.09375
1 0.8796875 0.20625 0.0828125 0.1234375
1 0.8609375 0.0484375 0.084375 0.0828125
1 0.7453125 0.0265625 0.0859375 0.053125
1 0.6921875 0.096875 0.0859375 0.0890625
1 0.59375 0.046875 0.0671875 0.0609375
1 0.525 0.075 0.0828125 0.0515625
0 0.4515625 0.2203125 0.2828125 0.18125
0 0.3375 0.1625 0.1953125 0.14375
1 0.28125 0.23125 0.0765625 0.090625
0 0.15 0.2671875 0.1703125 0.1671875
0 0.1625 0.153125 0.165625 0.1171875
1 0.0953125 0.340625 0.090625 0.1109375
1 0.1765625 0.378125 0.0984375 0.1125
0 0.0328125 0.2765625 0.065625 0.190625
1 0.0390625 0.1921875 0.034375 0.0640625
1 0.075 0.1671875 0.0484375 0.05
0 0.2359375 0.09375 0.121875 0.0625