0 0.6703125 0.603125 0.58125 0.5796875
0 0.284375 0.4078125 0.1796875 0.26875
1 0.1671875 0.3890625 0.084375 0.1078125
1 0.096875 0.346875 0.0734375 0.1
0 0.0328125 0.2828125 0.065625 0.146875
0 0.1484375 0.2671875 0.15625 0.15
1 0.2828125 0.2359375 0.0734375 0.08125
0 0.4546875 0.23125 0.2640625 0.1671875
1 0.675 0.31875 0.1625 0.11875
0 0.7125 0.2 0.2703125 0.2125
1 0.909375 0.3671875 0.1609375 0.153125
1 0.88125 0.209375 0.0796875 0.1234375
1 0.8640625 0.0515625 0.09375 0.0703125
1 0.746875 0.040625 0.078125 0.0671875
1 0.5390625 0.046875 0.06875 0.0515625
1 0.415625 0.0578125 0.0515625 0.0515625