0 0.2859375 0.39375 0.1765625 0.246875
0 0.6703125 0.60625 0.5796875 0.5578125
1 0.0953125 0.3421875 0.075 0.096875
1 0.1671875 0.3765625 0.0765625 0.13125
0 0.14375 0.26875 0.1703125 0.1640625
0 0.034375 0.290625 0.06875 0.15
1 0.28125 0.2328125 0.0625 0.078125
0 0.4484375 0.2265625 0.2703125 0.1875
1 0.678125 0.3109375 0.159375 0.11875
0 0.7171875 0.2 0.2609375 0.2125
1 0.9046875 0.3625 0.175 0.1515625
1 0.884375 0.2109375 0.084375 0.1109375
1 0.8625 0.0546875 0.078125 0.0703125
1 0.7421875 0.0375 0.08125 0.0625
1 0.340625 0.090625 0.0515625 0.0390625