1 0.2453125 0.36875 0.1296875 0.09375
1 0.5546875 0.346875 0.1484375 0.1734375
1 0.7765625 0.525 0.134375 0.13125
1 0.9234375 0.89375 0.1515625 0.2109375
1 0.765625 0.9 0.16875 0.2
1 0.690625 0.3296875 0.0875 0.103125
1 0.65625 0.2328125 0.0359375 0.0421875
1 0.6375 0.1890625 0.0203125 0.04375
1 0.4734375 0.3109375 0.059375 0.0859375
1 0.40625 0.2984375 0.0515625 0.090625
1 0.375 0.2859375 0.0453125 0.0765625
1 0.2921875 0.3109375 0.05 0.0875
1 0.3234375 0.2859375 0.0359375 0.0515625
1 0.240625 0.29375 0.046875 0.0703125
1 0.1390625 0.303125 0.0484375 0.08125
1 0.18125 0.278125 0.0453125 0.0734375
0 0.3984375 0.175 0.046875 0.0796875
0 0.4671875 0.1921875 0.040625 0.1015625
1 0.446875 0.2625 0.034375 0.0671875
1 0.35 0.24375 0.0515625 0.0578125