1 0.790625 0.4984375 0.1796875 0.240625
1 0.55 0.4328125 0.1578125 0.128125
1 0.38125 0.3734375 0.1234375 0.1375
1 0.275 0.3390625 0.1109375 0.0890625
1 0.128125 0.38125 0.0984375 0.11875
1 0.04375 0.3359375 0.0640625 0.1
0 0.14375 0.2890625 0.15625 0.1671875
0 0.375 0.1484375 0.1953125 0.1515625
1 0.56875 0.2515625 0.1125 0.0984375
1 0.3703125 0.2453125 0.0859375 0.078125
1 0.7375 0.303125 0.1796875 0.1515625
0 0.6203125 0.065625 0.1875 0.1171875
1 0.7140625 0.184375 0.1015625 0.0578125
1 0.559375 0.16875 0.0890625 0.0640625