1 0.95625 0.825 0.0859375 0.0890625
1 0.709375 0.878125 0.0859375 0.071875
1 0.478125 0.2078125 0.053125 0.0421875
1 0.74375 0.3015625 0.028125 0.078125
1 0.2109375 0.1609375 0.0296875 0.0375
1 0.415625 0.2015625 0.053125 0.04375
1 0.7375 0.4859375 0.0328125 0.0890625
1 0.303125 0.1953125 0.05 0.0390625
1 0.58125 0.7765625 0.0859375 0.0859375
1 0.61875 0.21875 0.053125 0.0484375
1 0.25 0.190625 0.046875 0.0421875
1 0.5515625 0.2171875 0.05625 0.0625
1 0.409375 0.29375 0.0359375 0.05625
1 0.74375 0.3890625 0.028125 0.065625
1 0.359375 0.1984375 0.0515625 0.0421875
1 0.73125 0.596875 0.034375 0.09375
1 0.3265625 0.2796875 0.0375 0.059375
1 0.5921875 0.6609375 0.0859375 0.08125
1 0.584375 0.71875 0.090625 0.0765625
1 0.596875 0.6046875 0.0796875 0.071875
1 0.6375 0.290625 0.0609375 0.04375
1 0.153125 0.109375 0.0453125 0.0453125
1 0.246875 0.0609375 0.0296875 0.04375
1 0.6375 0.35625 0.06875 0.05625
1 0.15 0.0484375 0.034375 0.03125
1 0.759375 0.7109375 0.05 0.0953125
1 0.603125 0.553125 0.075 0.0671875
1 0.6265625 0.3921875 0.065625 0.053125
1 0.6078125 0.509375 0.0578125 0.053125
1 0.2265625 0.0140625 0.028125 0.025
1 0.378125 0.2875 0.040625 0.0640625
1 0.6203125 0.4265625 0.0671875 0.053125
1 0.353125 0.2875 0.03125 0.059375
1 0.64375 0.321875 0.0609375 0.0515625
1 0.2828125 0.0078125 0.015625 0.015625
2 0.465625 0.95625 0.0125 0.0484375
2 0.45 0.953125 0.0125 0.05
2 0.15 0.403125 0.0125 0.04375
2 0.4640625 0.4875 0.01875 0.05625
2 0.184375 0.403125 0.025 0.046875
2 0.1671875 0.3640625 0.0140625 0.046875
2 0.79375 0.2109375 0.00625 0.025