1 0.4890625 0.2078125 0.05625 0.0421875
1 0.875 0.8109375 0.0796875 0.0796875
1 0.3546875 0.2 0.05 0.0390625
1 0.578125 0.8390625 0.09375 0.08125
1 0.215625 0.109375 0.034375 0.040625
1 0.734375 0.5359375 0.03125 0.0953125
1 0.290625 0.19375 0.0484375 0.04375
1 0.9671875 0.8265625 0.0640625 0.071875
1 0.690625 0.2265625 0.0578125 0.0484375
1 0.2171875 0.16875 0.03125 0.0390625
1 0.74375 0.3046875 0.028125 0.0578125
1 0.61875 0.2203125 0.053125 0.0421875
1 0.553125 0.2140625 0.0515625 0.0421875
1 0.259375 0.0375 0.025 0.0328125
1 0.1125 0.1625 0.034375 0.0359375
1 0.571875 0.76875 0.090625 0.0765625
1 0.6234375 0.43125 0.0640625 0.0609375
1 0.08125 0.1265625 0.0203125 0.028125
1 0.603125 0.609375 0.090625 0.0734375
1 0.5921875 0.6609375 0.084375 0.08125
1 0.7390625 0.38125 0.028125 0.0546875
1 0.228125 0.0140625 0.03125 0.0265625
1 0.6296875 0.35625 0.0625 0.040625
1 0.4640625 0.3109375 0.0234375 0.0375
1 0.6265625 0.39375 0.0609375 0.040625
1 0.634375 0.3265625 0.0609375 0.0390625
1 0.28125 0.0125 0.0234375 0.025
1 0.4390625 0.2953125 0.034375 0.053125
1 0.1625 0.0078125 0.015625 0.015625
1 0.603125 0.55625 0.0765625 0.0609375
1 0.14375 0.1171875 0.0375 0.0328125
2 0.48125 0.8703125 0.0125 0.0390625
2 0.671875 0.2890625 0.009375 0.034375
2 0.1453125 0.278125 0.00625 0.01875