1 0.875 0.8125 0.0828125 0.075
1 0.709375 0.8765625 0.0859375 0.071875
1 0.7375 0.6890625 0.04375 0.0890625
1 0.2375 0.1859375 0.040625 0.0421875
1 0.9703125 0.8265625 0.0578125 0.0734375
1 0.4125 0.203125 0.05 0.04375
1 0.296875 0.1953125 0.05 0.0421875
1 0.3546875 0.196875 0.0515625 0.04375
1 0.5328125 0.2125 0.05625 0.04375
1 0.475 0.2078125 0.0546875 0.046875
1 0.58125 0.7765625 0.0859375 0.0859375
1 0.7390625 0.5328125 0.0296875 0.06875
1 0.6890625 0.2296875 0.0609375 0.0484375
1 0.2328125 0.08125 0.0296875 0.0328125
1 0.265625 0.03125 0.0265625 0.0390625
1 0.2265625 0.0125 0.034375 0.025
1 0.14375 0.03125 0.0296875 0.0359375
1 0.2109375 0.1140625 0.03125 0.0421875
1 0.61875 0.2171875 0.053125 0.05
1 0.246875 0.4625 0.021875 0.0421875
1 0.74375 0.3875 0.0296875 0.065625
1 0.740625 0.45625 0.028125 0.0671875
1 0.078125 0.1828125 0.01875 0.0421875
1 0.584375 0.71875 0.0890625 0.0734375
1 0.5921875 0.659375 0.084375 0.08125
1 0.4640625 0.3078125 0.0203125 0.0375
1 0.7515625 0.2625 0.0296875 0.0375
1 0.60625 0.55625 0.075 0.0640625
1 0.1453125 0.0640625 0.028125 0.0296875
1 0.125 0.1546875 0.0421875 0.0453125
1 0.409375 0.2953125 0.034375 0.0546875
1 0.35 0.284375 0.034375 0.05625
1 0.325 0.2796875 0.0375 0.059375
1 0.1203125 0.0765625 0.015625 0.028125
1 0.378125 0.2875 0.040625 0.0640625
1 0.4296875 0.3015625 0.0203125 0.046875
1 0.6109375 0.50625 0.0703125 0.0625
1 0.6375 0.290625 0.0609375 0.046875
1 0.74375 0.3015625 0.0296875 0.0796875
1 0.6171875 0.4640625 0.06875 0.0625
2 0.975 0.93125 0.015625 0.0515625
2 0.18125 0.159375 0.009375 0.03125
2 0.15 0.4015625 0.0125 0.0453125