1 0.6765625 0.2203125 0.05625 0.046875
1 0.25 0.184375 0.0421875 0.04375
1 0.7421875 0.296875 0.028125 0.0609375
1 0.365625 0.1921875 0.053125 0.0421875
1 0.965625 0.8171875 0.0671875 0.071875
1 0.875 0.8046875 0.0921875 0.0890625
1 0.734375 0.665625 0.04375 0.11875
1 0.2578125 0.0375 0.0296875 0.0359375
1 0.7328125 0.5546875 0.034375 0.0890625
1 0.6171875 0.2109375 0.053125 0.0484375
1 0.571875 0.8390625 0.084375 0.071875
1 0.428125 0.196875 0.05625 0.04375
1 0.740625 0.4609375 0.03125 0.0796875
1 0.70625 0.8765625 0.0921875 0.0671875
1 0.2140625 0.103125 0.0328125 0.0421875
1 0.15625 0.009375 0.0171875 0.01875
1 0.578125 0.775 0.0859375 0.08125
1 0.55 0.20625 0.05625 0.046875
1 0.4890625 0.2015625 0.0578125 0.0453125
1 0.0921875 0.0125 0.034375 0.025
1 0.4703125 0.2921875 0.03125 0.05625
1 0.5859375 0.709375 0.08125 0.071875
1 0.59375 0.6546875 0.0796875 0.0734375
1 0.6046875 0.55 0.0828125 0.0625
1 0.53125 0.30625 0.025 0.0390625
1 0.6359375 0.2921875 0.0625 0.0484375
1 0.234375 0.071875 0.0265625 0.0390625
1 0.228125 0.009375 0.034375 0.01875
1 0.503125 0.29375 0.034375 0.0625
1 0.325 0.2734375 0.0359375 0.0609375
1 0.4390625 0.2875 0.0375 0.0609375
1 0.38125 0.2796875 0.0359375 0.0625
1 0.6078125 0.50625 0.0609375 0.0578125
1 0.35 0.284375 0.034375 0.05625
1 0.409375 0.28125 0.0375 0.0625
1 0.596875 0.5984375 0.0765625 0.071875
1 0.6140625 0.4640625 0.0734375 0.0671875
1 0.1234375 0.1484375 0.046875 0.053125
2 0.9828125 0.8765625 0.0203125 0.04375
2 0.421875 0.45625 0.0109375 0.046875
2 0.4421875 0.4890625 0.0109375 0.0421875
2 0.5921875 0.30625 0.009375 0.0421875
2 0.78125 0.4125 0.0109375 0.046875
2 0.790625 0.3875 0.0109375 0.0515625
2 0.40625 0.4515625 0.0109375 0.0421875
2 0.5828125 0.3125 0.0078125 0.0265625
2 0.80625 0.4390625 0.0109375 0.046875
2 0.484375 0.40625 0.0125 0.04375