1 0.68125 0.871875 0.0875 0.0765625
1 0.428125 0.2046875 0.0546875 0.0421875
1 0.4890625 0.2078125 0.05625 0.04375
1 0.571875 0.846875 0.0875 0.078125
1 0.253125 0.1921875 0.05 0.04375
1 0.878125 0.81875 0.0921875 0.0765625
1 0.7734375 0.7609375 0.084375 0.1109375
1 0.3078125 0.1953125 0.046875 0.0453125
1 0.3640625 0.2015625 0.0484375 0.040625
1 0.7421875 0.375 0.0265625 0.0796875
1 0.971875 0.8390625 0.0546875 0.04375
1 0.215625 0.109375 0.0328125 0.0421875
1 0.58125 0.7734375 0.0953125 0.0796875
1 0.7421875 0.3015625 0.028125 0.0671875
1 0.6203125 0.434375 0.06875 0.0609375
1 0.59375 0.7203125 0.0953125 0.075
1 0.559375 0.2125 0.046875 0.04375
1 0.1765625 0.3125 0.0125 0.01875
1 0.63125 0.3609375 0.05 0.046875
1 0.6046875 0.5609375 0.0765625 0.071875
1 0.6015625 0.6140625 0.0828125 0.0671875
1 0.23125 0.0125 0.0390625 0.025
1 0.1484375 0.0234375 0.0234375 0.021875
1 0.1484375 0.1203125 0.0296875 0.0375
1 0.6359375 0.328125 0.0640625 0.0484375
1 0.74375 0.553125 0.05 0.0859375
1 0.9640625 0.8265625 0.0703125 0.071875
1 0.69375 0.23125 0.05625 0.053125
1 0.5921875 0.6609375 0.0859375 0.0765625
1 0.09375 0.021875 0.025 0.0359375
1 0.325 0.284375 0.0375 0.0578125
1 0.2328125 0.0796875 0.015625 0.0203125
1 0.2546875 0.0375 0.0140625 0.0203125
1 0.61875 0.221875 0.0453125 0.04375
1 0.640625 0.3015625 0.0546875 0.0390625
1 0.6296875 0.4 0.071875 0.0546875
1 0.6140625 0.525 0.071875 0.046875
1 0.21875 0.16875 0.0359375 0.0390625
2 0.7765625 0.4328125 0.0140625 0.046875
2 0.171875 0.39375 0.00625 0.0265625
2 0.153125 0.3984375 0.0078125 0.0375