0 0.6703125 0.5875 0.6578125 0.4984375
1 0.0421875 0.415625 0.0796875 0.121875
1 0.2703125 0.3484375 0.09375 0.0890625
0 0.1484375 0.278125 0.16875 0.1515625
1 0.36875 0.29375 0.0828125 0.05625
1 0.590625 0.1671875 0.075 0.059375
1 0.71875 0.184375 0.0828125 0.0765625
1 0.8703125 0.203125 0.1125 0.096875
1 0.8796875 0.1015625 0.096875 0.0734375
1 0.659375 0.13125 0.0765625 0.0671875
0 0.7421875 0.05625 0.209375 0.1125
0 0.434375 0.1328125 0.1953125 0.1421875
1 0.3046875 0.1484375 0.0609375 0.0625
1 0.23125 0.1484375 0.05 0.046875