1 0.134375 0.2859375 0.0515625 0.0765625
1 0.1796875 0.2578125 0.0328125 0.1015625
1 0.2421875 0.3015625 0.0421875 0.0515625
1 0.3015625 0.303125 0.0484375 0.06875
1 0.4296875 0.3578125 0.084375 0.08125
1 0.4828125 0.29375 0.0484375 0.0765625
1 0.4234375 0.28125 0.0484375 0.0484375
1 0.3796875 0.284375 0.0453125 0.053125
1 0.3296875 0.2765625 0.0515625 0.0578125
1 0.2734375 0.25625 0.0453125 0.0515625
1 0.3515625 0.2421875 0.040625 0.0609375
0 0.4 0.1859375 0.0453125 0.08125
0 0.4734375 0.1921875 0.0390625 0.0734375
1 0.5078125 0.2265625 0.0328125 0.0359375
1 0.6125 0.271875 0.0484375 0.0515625
0 0.6453125 0.196875 0.04375 0.071875
1 0.58125 0.2109375 0.0265625 0.046875
1 0.7703125 0.8875 0.1515625 0.2234375
1 0.915625 0.8640625 0.16875 0.2484375