1 0.096875 0.665625 0.1921875 0.3125
1 0.1703125 0.359375 0.2734375 0.265625
1 0.3609375 0.26875 0.15 0.18125
1 0.7828125 0.2140625 0.1921875 0.134375
1 0.9453125 0.221875 0.1078125 0.1234375
1 0.9359375 0.1296875 0.0625 0.071875
1 0.45 0.1703125 0.1 0.1515625
1 0.984375 0.1328125 0.0296875 0.1015625
1 0.759375 0.15625 0.140625 0.0734375
1 0.7296875 0.134375 0.134375 0.0875
1 0.83125 0.0734375 0.065625 0.1125
1 0.7953125 0.10625 0.065625 0.0796875
1 0.4765625 0.1203125 0.0578125 0.0921875
2 0.6 0.1078125 0.0234375 0.078125
2 0.7515625 0.14375 0.0265625 0.0640625