1 0.378125 0.60625 0.478125 0.3625
1 0.2515625 0.3328125 0.1921875 0.2015625
1 0.7875 0.2203125 0.1796875 0.11875
1 0.3765625 0.24375 0.1203125 0.1625
1 0.053125 0.66875 0.1046875 0.3171875
1 0.94375 0.225 0.1109375 0.121875
1 0.078125 0.4109375 0.1546875 0.19375
1 0.48125 0.134375 0.059375 0.0984375
1 0.884375 0.1453125 0.0765625 0.0796875
1 0.446875 0.175 0.078125 0.13125
1 0.7265625 0.1328125 0.1390625 0.09375
1 0.490625 0.0734375 0.0640625 0.1359375
1 0.81875 0.134375 0.0578125 0.0890625
1 0.76875 0.065625 0.0609375 0.0515625
2 0.9359375 0.1109375 0.0140625 0.0734375
2 0.9515625 0.10625 0.0125 0.0734375
2 0.5625 0.0703125 0.0125 0.071875
2 0.58125 0.0734375 0.0125 0.06875
2 0.6109375 0.065625 0.0109375 0.0734375
2 0.575 0.0640625 0.0125 0.0765625
2 0.6125 0.1578125 0.021875 0.1078125