1 0.228125 0.3546875 0.2375 0.2015625
1 0.0390625 0.6984375 0.078125 0.290625
1 0.31875 0.621875 0.3921875 0.35625
1 0.7984375 0.2203125 0.196875 0.121875
1 0.9546875 0.225 0.0890625 0.1234375
1 0.396875 0.2234375 0.115625 0.175
1 0.8546875 0.1671875 0.1328125 0.0921875
1 0.45 0.171875 0.0625 0.11875
1 0.9375 0.13125 0.06875 0.075
1 0.73125 0.1375 0.1421875 0.0890625
1 0.4734375 0.128125 0.0671875 0.10625
1 0.490625 0.096875 0.05 0.0859375
1 0.5015625 0.05625 0.0375 0.0609375
1 0.83125 0.0703125 0.065625 0.0984375
2 0.625 0.2125 0.0234375 0.0984375
2 0.60625 0.084375 0.015625 0.0765625
2 0.93125 0.071875 0.0125 0.040625
2 0.7171875 0.04375 0.0078125 0.0234375
2 0.984375 0.025 0.0109375 0.0359375
2 0.7453125 0.053125 0.015625 0.0359375
2 0.5921875 0.09375 0.0234375 0.059375