1 0.215625 0.6921875 0.2265625 0.1609375
1 0.5421875 0.8828125 0.2671875 0.2328125
1 0.603125 0.74375 0.2453125 0.2296875
1 0.7765625 0.68125 0.2265625 0.209375
1 0.721875 0.521875 0.0921875 0.1765625
1 0.90625 0.8921875 0.1859375 0.2140625
1 0.909375 0.171875 0.0828125 0.0609375
1 0.71875 0.3890625 0.0640625 0.1
1 0.6703125 0.240625 0.0828125 0.1390625
1 0.7546875 0.321875 0.0546875 0.096875
1 0.803125 0.2359375 0.04375 0.078125
1 0.7140625 0.1578125 0.0703125 0.0640625
1 0.5328125 0.1625 0.0671875 0.0578125
1 0.4359375 0.18125 0.0796875 0.059375
1 0.35 0.209375 0.0765625 0.0578125
1 0.2625 0.2296875 0.0796875 0.053125
1 0.171875 0.3046875 0.1046875 0.0625
1 0.0953125 0.253125 0.0890625 0.053125
1 0.203125 0.228125 0.0578125 0.053125
1 0.165625 0.1859375 0.0546875 0.0421875
1 0.2171875 0.159375 0.0453125 0.0328125
0 0.303125 0.09375 0.0890625 0.05625
1 0.334375 0.1375 0.0390625 0.0328125
1 0.265625 0.1390625 0.0359375 0.040625
1 0.628125 0.134375 0.0578125 0.04375
1 0.7203125 0.1 0.0625 0.0421875
1 0.8203125 0.1171875 0.0515625 0.0421875
1 0.875 0.13125 0.053125 0.04375
0 0.75 0.0390625 0.0421875 0.0640625
1 0.578125 0.1125 0.04375 0.06875
0 0.4796875 0.071875 0.0515625 0.05625
1 0.5265625 0.0875 0.0234375 0.0375