1 0.4203125 0.896875 0.28125 0.203125
1 0.44375 0.7109375 0.21875 0.209375
1 0.8 0.7109375 0.2453125 0.221875
1 0.715625 0.5140625 0.1046875 0.18125
1 0.7171875 0.3875 0.06875 0.1015625
1 0.6703125 0.2484375 0.08125 0.11875
1 0.0875 0.8109375 0.175 0.171875
1 0.21875 0.3078125 0.1171875 0.0859375
1 0.0984375 0.265625 0.0953125 0.0640625
1 0.2609375 0.221875 0.0671875 0.0515625
1 0.2015625 0.2265625 0.05 0.04375
1 0.1609375 0.1859375 0.0578125 0.04375
1 0.2125 0.1578125 0.0453125 0.03125
1 0.29375 0.196875 0.05 0.05
1 0.346875 0.2109375 0.075 0.053125
1 0.434375 0.1828125 0.075 0.05625
1 0.525 0.1640625 0.0515625 0.053125
1 0.65 0.1640625 0.0703125 0.05625
1 0.7484375 0.3171875 0.053125 0.1015625
1 0.740625 0.1203125 0.0703125 0.0625
1 0.8 0.234375 0.0421875 0.0703125
0 0.91875 0.115625 0.1609375 0.08125
1 0.903125 0.171875 0.0859375 0.0625
1 0.5296875 0.1265625 0.0453125 0.05
1 0.30625 0.134375 0.0390625 0.04375
1 0.259375 0.1421875 0.0390625 0.040625
0 0.4640625 0.0765625 0.0390625 0.0640625