0 0.2390625 0.2421875 0.2296875 0.1625
1 0.3140625 0.7890625 0.253125 0.1828125
1 0.8640625 0.8421875 0.2640625 0.2421875
1 0.7890625 0.5859375 0.1609375 0.203125
1 0.7203125 0.421875 0.0734375 0.15
1 0.7453125 0.3171875 0.0671875 0.0921875
1 0.6671875 0.2515625 0.071875 0.121875
1 0.559375 0.19375 0.0765625 0.0578125
1 0.4640625 0.1859375 0.0703125 0.06875
1 0.390625 0.1734375 0.0625 0.0625
1 0.646875 0.1171875 0.046875 0.046875
1 0.7875 0.246875 0.05625 0.071875
1 0.9046875 0.171875 0.0796875 0.053125
1 0.578125 0.1484375 0.0515625 0.046875
0 0.4671875 0.0671875 0.040625 0.0625
1 0.5015625 0.1359375 0.0484375 0.046875
1 0.4296875 0.13125 0.0453125 0.0359375