1 0.2796875 0.4453125 0.2015625 0.203125
1 0.8609375 0.7015625 0.278125 0.3203125
1 0.125 0.3734375 0.15 0.16875
1 0.03125 0.3203125 0.0609375 0.1234375
1 0.5734375 0.0921875 0.03125 0.0328125
2 0.7421875 0.73125 0.071875 0.2859375
2 0.565625 0.1890625 0.025 0.0859375
2 0.6296875 0.1890625 0.0140625 0.0484375
2 0.721875 0.20625 0.0234375 0.0984375
2 0.8578125 0.259375 0.01875 0.0890625
2 0.7125 0.146875 0.0140625 0.053125
2 0.178125 0.125 0.0140625 0.0546875
2 0.54375 0.1953125 0.01875 0.0546875
2 0.978125 0.175 0.0140625 0.084375
2 0.15625 0.1328125 0.009375 0.05
2 0.6453125 0.090625 0.009375 0.0359375
2 0.8875 0.2546875 0.0203125 0.09375
2 0.1421875 0.1390625 0.0109375 0.0609375
2 0.5921875 0.190625 0.0140625 0.0578125
2 0.9609375 0.221875 0.0234375 0.08125
2 0.65625 0.090625 0.009375 0.0375
2 0.3265625 0.109375 0.0078125 0.0421875
2 0.6015625 0.1421875 0.0125 0.046875