1 0.2796875 0.4453125 0.2015625 0.2015625
1 0.8703125 0.740625 0.259375 0.3515625
1 0.13125 0.375 0.15625 0.16875
1 0.5765625 0.090625 0.0375 0.0359375
1 0.4359375 0.121875 0.0265625 0.0390625
1 0.8859375 0.103125 0.0296875 0.028125
1 0.65 0.0953125 0.0515625 0.03125
2 0.440625 0.153125 0.0140625 0.06875
2 0.6296875 0.1890625 0.0140625 0.05
2 0.184375 0.121875 0.0125 0.0453125
2 0.6015625 0.1453125 0.0140625 0.0625
2 0.4203125 0.1234375 0.0140625 0.0484375
2 0.81875 0.090625 0.0125 0.0546875
2 0.46875 0.103125 0.009375 0.046875
2 0.809375 0.175 0.021875 0.0765625
2 0.2265625 0.153125 0.0125 0.025
2 0.878125 0.19375 0.0140625 0.0640625
2 0.484375 0.1640625 0.0140625 0.04375