1 0.121875 0.3765625 0.1515625 0.1703125
1 0.846875 0.7046875 0.3046875 0.359375
1 0.8875 0.1015625 0.03125 0.0328125
1 0.56875 0.0921875 0.0234375 0.03125
2 0.490625 0.30625 0.0296875 0.14375
2 0.096875 0.13125 0.009375 0.0609375
2 0.625 0.1046875 0.0109375 0.0453125
2 0.6296875 0.1890625 0.0140625 0.05
2 0.7390625 0.1609375 0.0203125 0.071875
2 0.1703125 0.1015625 0.0109375 0.04375
2 0.15625 0.1 0.0109375 0.046875
2 0.6015625 0.1421875 0.0140625 0.0640625
2 0.7625 0.1 0.009375 0.040625
2 0.0140625 0.1171875 0.0078125 0.0328125
2 0.84375 0.265625 0.034375 0.0640625
2 0.70625 0.1640625 0.01875 0.09375
2 0.040625 0.134375 0.0109375 0.053125
2 0.940625 0.1609375 0.009375 0.0484375