1 0.7875 0.6890625 0.325 0.30625
1 0.9859375 0.196875 0.0265625 0.0390625
1 0.615625 0.090625 0.0171875 0.0328125
2 0.575 0.6015625 0.0515625 0.2484375
2 0.840625 0.2484375 0.0296875 0.046875
2 0.228125 0.121875 0.00625 0.0375
2 0.6859375 0.2046875 0.01875 0.0609375
2 0.178125 0.1234375 0.009375 0.05
2 0.6296875 0.1890625 0.0140625 0.0484375
2 0.6703125 0.2125 0.01875 0.0671875
2 0.146875 0.1375 0.0109375 0.0625
2 0.1640625 0.1359375 0.0078125 0.0484375
2 0.6015625 0.146875 0.0125 0.059375
2 0.1546875 0.1296875 0.009375 0.0375