1 0.2359375 0.2921875 0.1 0.0796875
1 0.2546875 0.221875 0.0828125 0.0484375
1 0.1875 0.18125 0.05 0.0421875
1 0.4546875 0.1734375 0.06875 0.0578125
1 0.553125 0.809375 0.2546875 0.2328125
1 0.740625 0.5875 0.1234375 0.1765625
1 0.6921875 0.446875 0.0796875 0.1359375
1 0.6625 0.2546875 0.0625 0.1265625
1 0.7109375 0.3296875 0.0609375 0.1140625
1 0.7546875 0.2859375 0.0515625 0.128125
1 0.8 0.2390625 0.0453125 0.090625
1 0.8640625 0.1828125 0.0546875 0.0765625
1 0.5953125 0.11875 0.0546875 0.0625
1 0.54375 0.090625 0.0234375 0.040625
1 0.5171875 0.090625 0.015625 0.040625
1 0.496875 0.0921875 0.0265625 0.04375
1 0.4640625 0.078125 0.0328125 0.0625
1 0.4015625 0.103125 0.01875 0.0421875
1 0.765625 0.090625 0.0328125 0.04375
0 0.675 0.059375 0.0515625 0.0703125
1 0.2921875 0.1390625 0.034375 0.040625