1 0.1734375 0.4015625 0.1765625 0.203125
1 0.603125 0.09375 0.0375 0.0328125
1 0.634375 0.0953125 0.0265625 0.03125
1 0.434375 0.1265625 0.03125 0.034375
1 0.575 0.0953125 0.01875 0.03125
2 0.403125 0.1609375 0.0234375 0.0546875
2 0.9859375 0.215625 0.01875 0.0921875
2 0.646875 0.1578125 0.015625 0.071875
2 0.8203125 0.23125 0.01875 0.1078125
2 0.9078125 0.2015625 0.0125 0.06875
2 0.671875 0.215625 0.0203125 0.0578125
2 0.571875 0.203125 0.0171875 0.05625
2 0.6296875 0.1859375 0.0140625 0.0515625
2 0.296875 0.1125 0.009375 0.0515625
2 0.828125 0.2328125 0.0375 0.1109375
2 0.5265625 0.1765625 0.0171875 0.0578125
2 0.9546875 0.2125 0.0171875 0.0375
2 0.3453125 0.153125 0.015625 0.0765625
2 0.0125 0.1484375 0.0140625 0.034375
2 0.3296875 0.1578125 0.0140625 0.0765625
2 0.359375 0.165625 0.0140625 0.046875
2 0.159375 0.096875 0.009375 0.0421875
2 0.6109375 0.1859375 0.015625 0.0890625
2 0.1140625 0.4125 0.0375 0.14375
2 0.8796875 0.1984375 0.015625 0.0625
2 0.953125 0.2234375 0.0203125 0.0609375
2 0.5140625 0.15 0.015625 0.0546875
2 0.709375 0.1390625 0.009375 0.0359375