1 0.2796875 0.4453125 0.2015625 0.203125
1 0.1203125 0.36875 0.1546875 0.1671875
1 0.8703125 0.740625 0.259375 0.3515625
1 0.028125 0.321875 0.0546875 0.13125
1 0.884375 0.1 0.0359375 0.034375
2 0.31875 0.15625 0.015625 0.0734375
2 0.4921875 0.1484375 0.0125 0.0609375
2 0.8234375 0.096875 0.015625 0.0453125
2 0.7484375 0.1953125 0.01875 0.075
2 0.740625 0.1171875 0.0171875 0.08125
2 0.121875 0.121875 0.0109375 0.0578125
2 0.2265625 0.103125 0.0078125 0.0609375
2 0.51875 0.1453125 0.0140625 0.071875
2 0.0140625 0.134375 0.009375 0.0453125
2 0.15625 0.1109375 0.009375 0.040625
2 0.8796875 0.19375 0.0140625 0.0640625
2 0.0921875 0.121875 0.0078125 0.046875
2 0.584375 0.1375 0.0125 0.075
2 0.7859375 0.1140625 0.009375 0.05625
2 0.0484375 0.1359375 0.0109375 0.05
2 0.5984375 0.1390625 0.0140625 0.0734375
2 0.175 0.1265625 0.0109375 0.0515625
2 0.896875 0.1734375 0.009375 0.0484375
2 0.1859375 0.10625 0.009375 0.046875
2 0.5421875 0.146875 0.0125 0.06875
2 0.103125 0.1203125 0.009375 0.05625