1 0.0875 0.5328125 0.1734375 0.2359375
1 0.2828125 0.4609375 0.2109375 0.2078125
1 0.4484375 0.4125 0.1453125 0.165625
1 0.1765625 0.8265625 0.353125 0.34375
1 0.50625 0.721875 0.2625 0.24375
1 0.5765625 0.3734375 0.125 0.146875
1 0.7375 0.3359375 0.090625 0.0953125
1 0.2890625 0.1921875 0.0640625 0.0515625
1 0.66875 0.359375 0.0875 0.1140625
1 0.534375 0.6515625 0.315625 0.221875
1 0.809375 0.5265625 0.221875 0.184375
1 0.340625 0.775 0.3453125 0.328125
1 0.66875 0.60625 0.24375 0.265625
1 0.796875 0.3171875 0.078125 0.10625
1 0.7703125 0.5703125 0.1453125 0.19375
2 0.4078125 0.2578125 0.0171875 0.0984375