0 0.4515625 0.8140625 0.7921875 0.371875
1 0.8796875 0.671875 0.2015625 0.2328125
1 0.6859375 0.5109375 0.0671875 0.1765625
1 0.70625 0.3765625 0.0640625 0.121875
1 0.7484375 0.3109375 0.059375 0.10625
1 0.7859375 0.246875 0.046875 0.0984375
1 0.8328125 0.2015625 0.0484375 0.096875
1 0.903125 0.1640625 0.075 0.0734375
1 0.509375 0.1484375 0.0640625 0.05625
1 0.596875 0.1234375 0.040625 0.040625
1 0.5421875 0.0890625 0.0234375 0.0421875
1 0.5703125 0.0890625 0.0265625 0.0296875
1 0.51875 0.0875 0.0203125 0.0328125
1 0.4984375 0.0859375 0.0265625 0.0421875
1 0.4640625 0.078125 0.034375 0.0625
1 0.403125 0.103125 0.0203125 0.0421875
1 0.3625 0.10625 0.034375 0.05
1 0.1078125 0.21875 0.0609375 0.0484375
1 0.25625 0.1421875 0.0171875 0.028125
1 0.665625 0.2578125 0.0765625 0.11875