1 0.4796875 0.4046875 0.1546875 0.1625
1 0.3046875 0.45 0.225 0.20625
1 0.09375 0.528125 0.1875 0.25
1 0.1765625 0.828125 0.353125 0.3421875
1 0.6046875 0.6734375 0.271875 0.2578125
1 0.6015625 0.38125 0.1109375 0.128125
1 0.434375 0.7234375 0.359375 0.3203125
1 0.3359375 0.815625 0.315625 0.3171875
1 0.7921875 0.54375 0.178125 0.1765625
1 0.8375 0.4671875 0.2203125 0.1984375
1 0.678125 0.3546875 0.0859375 0.1140625
1 0.134375 0.196875 0.071875 0.0796875
1 0.9015625 0.3 0.0578125 0.0765625
1 0.74375 0.3296875 0.0921875 0.1015625
1 0.6421875 0.596875 0.2953125 0.2453125
1 0.0734375 0.9046875 0.146875 0.1890625
1 0.85 0.303125 0.071875 0.0875
1 0.246875 0.14375 0.0390625 0.04375
1 0.9078125 0.4265625 0.1828125 0.16875
1 0.796875 0.3171875 0.0734375 0.103125
2 0.8546875 0.7734375 0.0578125 0.21875