1 0.0875 0.5328125 0.1734375 0.2359375
1 0.284375 0.4609375 0.2125 0.2078125
1 0.4578125 0.415625 0.146875 0.153125
1 0.1765625 0.8265625 0.353125 0.346875
1 0.575 0.3734375 0.128125 0.1484375
1 0.540625 0.6421875 0.3359375 0.259375
1 0.496875 0.715625 0.253125 0.2734375
1 0.3109375 0.7859375 0.4078125 0.403125
1 0.921875 0.446875 0.153125 0.1390625
1 0.678125 0.6046875 0.2234375 0.2640625
1 0.740625 0.33125 0.103125 0.11875
1 0.365625 0.2109375 0.0453125 0.03125
1 0.78125 0.528125 0.1890625 0.19375
1 0.425 0.1640625 0.0484375 0.028125
1 0.296875 0.184375 0.04375 0.0375
1 0.85 0.3046875 0.071875 0.0921875
1 0.796875 0.3171875 0.071875 0.1078125
1 0.078125 0.9015625 0.15625 0.196875
1 0.365625 0.1609375 0.0484375 0.0328125
1 0.8296875 0.4765625 0.21875 0.153125
1 0.66875 0.3578125 0.0890625 0.109375
2 0.3875 0.3234375 0.01875 0.0765625
2 0.8609375 0.3828125 0.0125 0.0421875
2 0.828125 0.39375 0.009375 0.01875
2 0.25625 0.146875 0.0078125 0.0328125
2 0.853125 0.3859375 0.025 0.046875