1 0.178125 0.5234375 0.1671875 0.2078125
1 0.771875 0.8875 0.175 0.2234375
1 0.91875 0.8515625 0.1625 0.296875
1 0.7515625 0.303125 0.0546875 0.0921875
1 0.590625 0.2734375 0.065625 0.0859375
1 0.4921875 0.2859375 0.0453125 0.071875
1 0.4203125 0.2828125 0.0546875 0.0640625
1 0.378125 0.2671875 0.0484375 0.071875
1 0.3078125 0.2828125 0.040625 0.06875
1 0.2421875 0.278125 0.0578125 0.08125
1 0.1453125 0.271875 0.0453125 0.0640625
1 0.1890625 0.253125 0.040625 0.0484375
1 0.3328125 0.2625 0.0421875 0.0671875
1 0.2796875 0.25 0.0421875 0.059375
1 0.3 0.23125 0.0390625 0.05625
1 0.35 0.23125 0.0453125 0.0609375
1 0.45625 0.246875 0.0390625 0.053125
1 0.4640625 0.2234375 0.0359375 0.0609375
1 0.503125 0.246875 0.0328125 0.0484375
1 0.471875 0.1828125 0.0546875 0.0828125
1 0.415625 0.2265625 0.0359375 0.0578125
1 0.3984375 0.15625 0.0625 0.0734375
1 0.58125 0.1828125 0.0328125 0.04375
1 0.528125 0.1890625 0.0328125 0.05