0 0.434375 0.2984375 0.225 0.30625
1 0.265625 0.3484375 0.1140625 0.103125
1 0.0796875 0.4359375 0.134375 0.1125
1 0.740625 0.56875 0.13125 0.23125
1 0.9234375 0.6921875 0.153125 0.240625
1 0.7046875 0.4296875 0.0890625 0.1390625
1 0.746875 0.3453125 0.0734375 0.1421875
1 0.6578125 0.2625 0.0765625 0.1421875
0 0.6875 0.1015625 0.090625 0.103125
1 0.2328125 0.2109375 0.0671875 0.078125
1 0.3265625 0.16875 0.0546875 0.0671875
1 0.5390625 0.146875 0.0421875 0.053125
1 0.6015625 0.1484375 0.0515625 0.06875
1 0.8109375 0.109375 0.0640625 0.0859375
1 0.94375 0.1171875 0.0703125 0.0703125