1 0.28125 0.34375 0.109375 0.0875
1 0.434375 0.33125 0.0921875 0.1234375
1 0.7109375 0.4328125 0.0796875 0.171875
1 0.7625 0.634375 0.1859375 0.2515625
1 0.6578125 0.2609375 0.1109375 0.1359375
1 0.5875 0.2 0.0765625 0.090625
1 0.49375 0.225 0.0671875 0.059375
1 0.56875 0.1609375 0.0546875 0.04375
1 0.3203125 0.271875 0.1015625 0.0671875
1 0.1359375 0.275 0.0671875 0.0765625
1 0.2140625 0.221875 0.084375 0.059375
1 0.3484375 0.153125 0.0515625 0.06875
1 0.3046875 0.15625 0.0453125 0.06875
1 0.4296875 0.1625 0.0390625 0.0640625
1 0.46875 0.1578125 0.0375 0.05625
1 0.4875 0.1796875 0.0515625 0.0640625
1 0.6890625 0.1203125 0.0390625 0.0515625
0 0.73125 0.0640625 0.0734375 0.0859375