0 0.2328125 0.5015625 0.43125 0.4640625
1 0.23125 0.3375 0.090625 0.0828125
1 0.4 0.2453125 0.059375 0.071875
1 0.15625 0.253125 0.06875 0.0625
1 0.2640625 0.2 0.0734375 0.0578125
1 0.3515625 0.1578125 0.0453125 0.046875
1 0.4 0.1578125 0.0375 0.053125
1 0.4296875 0.1578125 0.0296875 0.0625
1 0.4765625 0.1515625 0.034375 0.046875
1 0.515625 0.196875 0.0671875 0.0796875
1 0.575 0.2015625 0.0453125 0.0703125
1 0.665625 0.265625 0.0734375 0.121875
1 0.9375 0.7 0.125 0.196875
1 0.7765625 0.1 0.0296875 0.053125
1 0.6703125 0.1328125 0.0328125 0.040625
1 0.625 0.1359375 0.0296875 0.059375
1 0.5796875 0.14375 0.0390625 0.046875
1 0.584375 0.10625 0.034375 0.040625
1 0.7359375 0.090625 0.0234375 0.0359375
0 0.1734375 0.171875 0.1328125 0.0890625
1 0.3578125 0.1125 0.0484375 0.0375
0 0.4890625 0.0671875 0.0546875 0.0484375
0 0.565625 0.0546875 0.0765625 0.04375