1 0.2296875 0.403125 0.096875 0.0734375
1 0.2078125 0.3390625 0.0984375 0.0765625
1 0.1421875 0.253125 0.06875 0.0625
0 0.2234375 0.1828125 0.1296875 0.0765625
1 0.36875 0.184375 0.0375 0.0671875
1 0.534375 0.24375 0.0671875 0.0796875
1 0.5484375 0.1578125 0.040625 0.0484375
1 0.66875 0.275 0.0703125 0.128125
1 0.6078125 0.1625 0.0359375 0.0484375
1 0.64375 0.1421875 0.0296875 0.0484375
1 0.68125 0.1265625 0.0265625 0.040625
0 0.759375 0.0921875 0.0515625 0.06875
1 0.721875 0.1 0.01875 0.0421875
1 0.6984375 0.0953125 0.0296875 0.04375
1 0.4765625 0.1609375 0.0328125 0.0515625
1 0.4328125 0.1703125 0.0359375 0.0484375
1 0.4 0.1625 0.0296875 0.05625
1 0.4609375 0.1015625 0.059375 0.0578125
1 0.5859375 0.115625 0.0296875 0.0359375