1 0.0890625 0.35625 0.0984375 0.071875
1 0.1390625 0.29375 0.0828125 0.0609375
1 0.2328125 0.2328125 0.053125 0.046875
1 0.3453125 0.3375 0.0546875 0.1265625
1 0.4296875 0.4171875 0.0765625 0.1109375
1 0.434375 0.2890625 0.0484375 0.0765625
1 0.4640625 0.209375 0.03125 0.0578125
1 0.409375 0.21875 0.0265625 0.0484375
1 0.365625 0.2078125 0.0390625 0.0640625
1 0.3203125 0.2265625 0.0359375 0.0671875
1 0.2921875 0.2078125 0.0296875 0.053125
1 0.496875 0.1625 0.0375 0.05625
1 0.440625 0.1671875 0.034375 0.04375
1 0.403125 0.1765625 0.0296875 0.0375
1 0.1203125 0.1453125 0.0296875 0.0328125
1 0.21875 0.1390625 0.03125 0.0359375
0 0.428125 0.1078125 0.0484375 0.0515625
0 0.4890625 0.0828125 0.046875 0.0578125
1 0.525 0.121875 0.0234375 0.040625
1 0.5578125 0.1203125 0.0296875 0.04375
1 0.590625 0.10625 0.028125 0.0421875
1 0.659375 0.1234375 0.0359375 0.040625
1 0.671875 0.2828125 0.0734375 0.1296875
1 0.8828125 0.7140625 0.2265625 0.2515625
1 0.728125 0.078125 0.0171875 0.0359375
0 0.81875 0.0546875 0.0359375 0.05