0 0.1359375 0.371875 0.2046875 0.26875
1 0.29375 0.4421875 0.075 0.1359375
1 0.56875 0.7671875 0.2328125 0.30625
1 0.7078125 0.6390625 0.1984375 0.2375
1 0.4671875 0.5625 0.125 0.171875
1 0.4703125 0.4125 0.08125 0.1234375
1 0.2890625 0.3234375 0.0515625 0.0859375
1 0.3578125 0.3109375 0.0484375 0.10625
1 0.4203125 0.2734375 0.040625 0.0828125
1 0.4703125 0.3015625 0.0546875 0.0859375
1 0.48125 0.221875 0.034375 0.0671875
1 0.6703125 0.278125 0.0796875 0.1234375
1 0.521875 0.159375 0.028125 0.046875
1 0.55 0.1390625 0.0359375 0.05
1 0.4578125 0.1671875 0.0296875 0.05
1 0.4390625 0.209375 0.0328125 0.05625
1 0.3890625 0.228125 0.028125 0.0484375
1 0.3515625 0.2265625 0.034375 0.0609375
1 0.4078125 0.1890625 0.0296875 0.05
1 0.3203125 0.1734375 0.025 0.0484375
1 0.275 0.23125 0.0484375 0.05
0 0.3578125 0.1640625 0.0484375 0.071875
0 0.4203125 0.1109375 0.0609375 0.059375
0 0.4921875 0.0921875 0.0640625 0.0390625
1 0.5921875 0.10625 0.021875 0.046875
1 0.5046875 0.128125 0.025 0.0375
1 0.2953125 0.1578125 0.028125 0.04375
1 0.778125 0.071875 0.0203125 0.03125