1 0.2078125 0.8671875 0.2515625 0.221875
1 0.6875 0.9046875 0.3328125 0.190625
1 0.5890625 0.5875 0.2890625 0.24375
1 0.43125 0.2359375 0.1171875 0.090625
1 0.1046875 0.1453125 0.0828125 0.0703125
1 0.184375 0.0375 0.0453125 0.05
1 0.2671875 0.0265625 0.0265625 0.040625
1 0.39375 0.078125 0.05625 0.0609375
1 0.3515625 0.05625 0.0390625 0.0625
1 0.4578125 0.1015625 0.065625 0.071875
1 0.5625 0.11875 0.0890625 0.08125
1 0.6734375 0.1375 0.0796875 0.0984375
1 0.7546875 0.1984375 0.103125 0.10625
1 0.903125 0.1984375 0.1125 0.10625