1 0.26875 0.303125 0.128125 0.1078125
1 0.1328125 0.28125 0.0890625 0.09375
0 0.059375 0.3703125 0.11875 0.278125
1 0.5 0.265625 0.121875 0.0859375
1 0.5875 0.6125 0.2859375 0.2078125
1 0.65625 0.3546875 0.153125 0.1234375
1 0.534375 0.1484375 0.090625 0.0734375
0 0.4734375 0.078125 0.2015625 0.0859375
1 0.2703125 0.1453125 0.0796875 0.05
1 0.1375 0.1234375 0.08125 0.040625
1 0.184375 0.171875 0.084375 0.0578125
1 0.140625 0.2078125 0.0953125 0.06875
1 0.0546875 0.19375 0.08125 0.053125
1 0.3015625 0.046875 0.0296875 0.0484375
1 0.3328125 0.04375 0.0359375 0.05
1 0.26875 0.05 0.03125 0.053125
0 0.234375 0.0328125 0.04375 0.0640625
0 0.91875 0.0734375 0.1625 0.0921875
1 0.859375 0.125 0.0921875 0.0671875
1 0.978125 0.16875 0.0421875 0.0796875
1 0.909375 0.2859375 0.0984375 0.078125