0 0.1796875 0.2890625 0.19375 0.1703125
1 0.5296875 0.321875 0.1390625 0.1140625
0 0.821875 0.3375 0.35625 0.2875
1 0.5859375 0.6203125 0.271875 0.2484375
1 0.615625 0.2578125 0.0765625 0.10625
1 0.5859375 0.1453125 0.09375 0.0671875
1 0.3359375 0.1515625 0.0859375 0.0609375
1 0.1828125 0.1671875 0.0890625 0.0640625
1 0.0546875 0.1890625 0.084375 0.071875
0 0.0640625 0.1 0.128125 0.0703125
0 0.384375 0.0890625 0.1859375 0.09375
1 0.2640625 0.05625 0.0296875 0.0390625
0 0.23125 0.0359375 0.0359375 0.0703125
1 0.3546875 0.0234375 0.0234375 0.0296875
0 0.8234375 0.0671875 0.3109375 0.103125
1 0.921875 0.153125 0.0671875 0.0640625
1 0.9796875 0.1609375 0.040625 0.065625