1 0.746875 0.746875 0.1265625 0.203125
1 0.8265625 0.59375 0.1390625 0.2265625
1 0.978125 0.73125 0.0421875 0.1609375
1 0.95 0.9296875 0.09375 0.140625
1 0.0421875 0.4890625 0.084375 0.1890625
1 0.221875 0.2859375 0.075 0.078125
1 0.290625 0.2859375 0.0484375 0.103125
1 0.4171875 0.2734375 0.0359375 0.0875
1 0.4921875 0.2890625 0.0609375 0.0671875
1 0.3671875 0.259375 0.0609375 0.0734375
1 0.3234375 0.2453125 0.034375 0.053125
1 0.2734375 0.2390625 0.0453125 0.0703125
1 0.1828125 0.2375 0.0578125 0.0703125
1 0.1390625 0.25625 0.0671875 0.071875
1 0.4453125 0.24375 0.0328125 0.046875
1 0.4625 0.2265625 0.0359375 0.06875
0 0.4765625 0.1671875 0.0453125 0.0828125
1 0.515625 0.21875 0.0375 0.06875
1 0.3609375 0.2109375 0.0609375 0.0578125