1 0.35 0.40625 0.159375 0.1109375
1 0.3984375 0.3125 0.1234375 0.1265625
1 0.5125 0.265625 0.1359375 0.1015625
1 0.796875 0.309375 0.121875 0.1296875
1 0.5828125 0.60625 0.271875 0.228125
1 0.05625 0.421875 0.1125 0.1125
1 0.040625 0.3109375 0.0796875 0.096875
1 0.0921875 0.271875 0.090625 0.0734375
1 0.1359375 0.20625 0.0953125 0.0703125
1 0.1828125 0.171875 0.0921875 0.06875
1 0.053125 0.196875 0.0765625 0.0578125
0 0.28125 0.0765625 0.2234375 0.1078125
1 0.371875 0.1484375 0.096875 0.0609375
1 0.490625 0.1328125 0.078125 0.046875
1 0.565625 0.1453125 0.0796875 0.0671875
1 0.6890625 0.1265625 0.0796875 0.0578125
0 0.75625 0.0625 0.2015625 0.1234375
1 0.846875 0.140625 0.0765625 0.0578125
1 0.90625 0.1609375 0.0921875 0.0640625
1 0.978125 0.165625 0.04375 0.0828125