0 0.2515625 0.3671875 0.5015625 0.2390625
0 0.5828125 0.2359375 0.2359375 0.16875
1 0.1390625 0.2171875 0.09375 0.0765625
1 0.1828125 0.1796875 0.0859375 0.078125
1 0.053125 0.1921875 0.0828125 0.0765625
0 0.1125 0.1 0.2203125 0.0875
0 0.2328125 0.0375 0.034375 0.075
1 0.265625 0.05625 0.0296875 0.0421875
1 0.93125 0.3265625 0.1359375 0.1140625
1 0.5875 0.615625 0.28125 0.246875
1 0.909375 0.1765625 0.0890625 0.078125
1 0.978125 0.184375 0.0421875 0.0828125
1 0.475 0.1234375 0.0734375 0.0578125
1 0.6890625 0.1234375 0.0703125 0.0703125
1 0.33125 0.0515625 0.0328125 0.04375
1 0.296875 0.053125 0.0234375 0.04375