1 0.2359375 0.33125 0.13125 0.1
1 0.390625 0.29375 0.1296875 0.128125
0 0.61875 0.2765625 0.1890625 0.2
0 0.384375 0.1125 0.2078125 0.10625
1 0.2078125 0.1859375 0.0859375 0.0765625
1 0.1453125 0.215625 0.090625 0.0625
1 0.05625 0.1984375 0.0828125 0.0625
1 0.2125 0.1140625 0.0640625 0.0640625
0 0.2390625 0.0390625 0.034375 0.078125
1 0.9109375 0.2875 0.115625 0.11875
1 0.903125 0.1796875 0.0953125 0.071875
1 0.975 0.1875 0.0453125 0.0859375
1 0.0796875 0.1421875 0.0828125 0.059375
1 0.5875 0.621875 0.278125 0.2296875
1 0.3578125 0.034375 0.0234375 0.0296875