1 0.590625 0.64375 0.2734375 0.2609375
1 0.375 0.378125 0.146875 0.15
1 0.5859375 0.321875 0.1390625 0.1015625
1 0.753125 0.2375 0.0984375 0.1
1 0.1921875 0.3265625 0.11875 0.103125
1 0.2453125 0.2046875 0.0890625 0.0609375
0 0.465625 0.1734375 0.2734375 0.1609375
1 0.5328125 0.234375 0.1125 0.0828125
1 0.64375 0.2 0.096875 0.0703125
1 0.6734375 0.1296875 0.071875 0.059375
1 0.8625 0.1 0.0625 0.0515625
1 0.959375 0.16875 0.0765625 0.059375
1 0.9671875 0.234375 0.065625 0.06875
1 0.8984375 0.0328125 0.0390625 0.0484375
0 0.0484375 0.1921875 0.096875 0.16875
1 0.265625 0.0640625 0.028125 0.0421875
1 0.3 0.0578125 0.0265625 0.040625
1 0.3296875 0.0546875 0.0296875 0.0390625