1 0.1671875 0.478125 0.1859375 0.1640625
1 0.371875 0.365625 0.140625 0.1328125
1 0.55 0.30625 0.1484375 0.1390625
1 0.790625 0.26875 0.13125 0.121875
1 0.571875 0.63125 0.3796875 0.2515625
1 0.940625 0.19375 0.0890625 0.078125
1 0.9421875 0.140625 0.0734375 0.0625
1 0.7625 0.19375 0.109375 0.1109375
1 0.6125 0.2046875 0.1015625 0.09375
0 0.5953125 0.1265625 0.3046875 0.146875
0 0.159375 0.178125 0.3171875 0.1203125
0 0.2390625 0.040625 0.06875 0.08125
1 0.1109375 0.2578125 0.115625 0.0875
1 0.1453125 0.3828125 0.1296875 0.140625
1 0.44375 0.253125 0.1203125 0.0703125
1 0.3390625 0.3125 0.1359375 0.1171875
1 0.3765625 0.2046875 0.1203125 0.078125
1 0.81875 0.1109375 0.0765625 0.0828125
1 0.85 0.09375 0.05625 0.071875
1 0.9140625 0.0640625 0.0328125 0.0671875
1 0.328125 0.053125 0.0328125 0.053125