1 0.1796875 0.3984375 0.1515625 0.1640625
1 0.365625 0.41875 0.1609375 0.11875
1 0.3625 0.334375 0.128125 0.1109375
1 0.3765625 0.2875 0.115625 0.0921875
1 0.5515625 0.303125 0.1234375 0.0859375
1 0.6671875 0.3296875 0.115625 0.1203125
1 0.8359375 0.3078125 0.1171875 0.10625
1 0.6015625 0.6578125 0.3109375 0.278125
1 0.053125 0.55625 0.10625 0.14375
1 0.1671875 0.2109375 0.1078125 0.0796875
1 0.1046875 0.1796875 0.0984375 0.08125
1 0.540625 0.2359375 0.1390625 0.103125
1 0.725 0.265625 0.1203125 0.090625
1 0.7359375 0.209375 0.1109375 0.0859375
1 0.865625 0.165625 0.1078125 0.109375
1 0.95 0.2234375 0.0921875 0.0875
0 0.63125 0.128125 0.2984375 0.1296875
0 0.2421875 0.046875 0.0828125 0.09375
1 0.284375 0.165625 0.078125 0.0875
1 0.35 0.171875 0.1015625 0.1
1 0.2984375 0.0671875 0.0328125 0.0484375
1 0.3328125 0.0671875 0.0359375 0.0578125
1 0.2640625 0.071875 0.0328125 0.053125
1 0.890625 0.0671875 0.0421875 0.071875
0 0.94375 0.0921875 0.0703125 0.1234375