1 0.2203125 0.5078125 0.1703125 0.16875
1 0.1375 0.4609375 0.1828125 0.146875
1 0.11875 0.4125 0.1640625 0.1375
1 0.196875 0.2609375 0.1171875 0.0875
1 0.3890625 0.3609375 0.140625 0.13125
1 0.3875 0.2796875 0.1390625 0.1140625
1 0.540625 0.38125 0.1625 0.1390625
1 0.60625 0.30625 0.11875 0.1234375
1 0.809375 0.28125 0.103125 0.121875
1 0.078125 0.2296875 0.0953125 0.0921875
1 0.44375 0.2015625 0.1046875 0.0796875
1 0.525 0.1828125 0.0828125 0.096875
1 0.325 0.06875 0.0328125 0.0484375
1 0.29375 0.08125 0.0328125 0.059375
1 0.259375 0.0921875 0.03125 0.06875
0 0.2546875 0.0546875 0.084375 0.1
0 0.6875 0.2015625 0.2546875 0.153125
0 0.8734375 0.1484375 0.2359375 0.1296875
1 0.609375 0.675 0.3203125 0.2921875