1 0.3171875 0.6875 0.1296875 0.1984375
1 0.6890625 0.55625 0.115625 0.1703125
1 0.771875 0.41875 0.0828125 0.1234375
1 0.884375 0.346875 0.1109375 0.1203125
1 0.9171875 0.878125 0.1609375 0.2421875
1 0.0890625 0.8171875 0.1421875 0.30625
1 0.053125 0.5484375 0.1046875 0.1703125
1 0.0625 0.4484375 0.1 0.1234375
1 0.1546875 0.334375 0.0453125 0.09375
1 0.2328125 0.4171875 0.0640625 0.11875
1 0.3859375 0.3921875 0.065625 0.1078125
1 0.515625 0.3578125 0.078125 0.121875
1 0.6140625 0.290625 0.0484375 0.0859375
1 0.70625 0.315625 0.05625 0.0796875
1 0.73125 0.2671875 0.0453125 0.09375
1 0.61875 0.2234375 0.0375 0.0796875
1 0.6578125 0.1828125 0.0453125 0.0734375
1 0.490625 0.2765625 0.0484375 0.109375
1 0.425 0.284375 0.0484375 0.071875
1 0.3515625 0.28125 0.0453125 0.0796875
1 0.2734375 0.2875 0.0859375 0.1015625
1 0.0984375 0.303125 0.0578125 0.109375
1 0.1484375 0.2546875 0.0609375 0.0828125
1 0.45625 0.1859375 0.040625 0.11875
1 0.3453125 0.215625 0.046875 0.0828125