0 0.2625 0.2671875 0.4203125 0.2203125
0 0.1203125 0.1265625 0.1515625 0.1609375
1 0.6171875 0.6421875 0.378125 0.3125
1 0.534375 0.178125 0.1109375 0.0796875
1 0.5796875 0.14375 0.0921875 0.078125
1 0.675 0.1546875 0.08125 0.0984375
1 0.7203125 0.1375 0.0703125 0.0828125
1 0.796875 0.1640625 0.06875 0.0796875
1 0.859375 0.1421875 0.0546875 0.05625
1 0.9375 0.1515625 0.0796875 0.0703125
1 0.2390625 0.1359375 0.0421875 0.0703125
1 0.1703125 0.1484375 0.053125 0.0875
1 0.2375 0.05625 0.059375 0.08125
1 0.315625 0.1 0.03125 0.05625
1 0.9375 0.084375 0.0625 0.05625