1 0.5796875 0.6671875 0.346875 0.2421875
1 0.765625 0.896875 0.3265625 0.20625
1 0.1234375 0.9109375 0.2453125 0.178125
1 0.93125 0.371875 0.1375 0.196875
1 0.7703125 0.1609375 0.075 0.09375
1 0.8171875 0.1328125 0.0734375 0.0703125
1 0.88125 0.14375 0.0734375 0.090625
1 0.928125 0.1203125 0.034375 0.0625
1 0.8703125 0.06875 0.05625 0.06875
1 0.0484375 0.3234375 0.096875 0.1140625
1 0.1296875 0.2390625 0.06875 0.1015625
1 0.2125 0.20625 0.0515625 0.0890625
1 0.1890625 0.184375 0.0484375 0.059375
1 0.0671875 0.1796875 0.0671875 0.1140625
1 0.034375 0.2625 0.0546875 0.0609375
1 0.13125 0.1875 0.0515625 0.0609375
1 0.1375 0.1515625 0.0515625 0.059375
1 0.2609375 0.11875 0.04375 0.0734375
1 0.1859375 0.1125 0.0578125 0.0765625
1 0.3328125 0.1171875 0.0578125 0.1015625
0 0.30625 0.053125 0.0859375 0.08125
0 0.2625 0.05 0.0734375 0.0703125