1 0.5875 0.6765625 0.3359375 0.3375
1 0.4578125 0.8953125 0.328125 0.209375
1 0.8453125 0.884375 0.303125 0.23125
1 0.125 0.9046875 0.25 0.190625
1 0.071875 0.3578125 0.1015625 0.140625
1 0.5234375 0.259375 0.1171875 0.109375
1 0.65 0.2109375 0.0984375 0.109375
1 0.9234375 0.3625 0.153125 0.175
1 0.90625 0.153125 0.1046875 0.0796875
1 0.553125 0.203125 0.1109375 0.1078125
1 0.3984375 0.21875 0.1046875 0.10625
1 0.1375 0.215625 0.05625 0.0984375
1 0.06875 0.2515625 0.0796875 0.0609375
0 0.2203125 0.1265625 0.1171875 0.153125
0 0.125 0.1421875 0.1125 0.10625
0 0.1046875 0.1125 0.1671875 0.1125