1 0.278125 0.915625 0.29375 0.16875
1 0.5890625 0.6578125 0.284375 0.240625
1 0.8453125 0.909375 0.303125 0.18125
0 0.040625 0.29375 0.08125 0.1984375
1 0.1453125 0.2515625 0.0640625 0.08125
1 0.3234375 0.2328125 0.0859375 0.09375
1 0.4375 0.259375 0.0984375 0.0859375
1 0.6328125 0.3125 0.1203125 0.1265625
1 0.7578125 0.3078125 0.115625 0.1125
1 0.765625 0.2328125 0.1140625 0.090625
1 0.975 0.3171875 0.0484375 0.06875
1 0.9171875 0.1171875 0.0390625 0.0515625
1 0.9375 0.103125 0.025 0.046875
1 0.965625 0.0984375 0.0234375 0.0390625
1 0.578125 0.196875 0.0890625 0.1078125
1 0.4359375 0.15625 0.0546875 0.0765625
0 0.3140625 0.0671875 0.075 0.1015625
1 0.384375 0.03125 0.0234375 0.0609375
1 0.2296875 0.1640625 0.0421875 0.05
1 0.165625 0.1421875 0.0453125 0.05625
1 0.121875 0.2078125 0.0578125 0.071875
1 0.1140625 0.1734375 0.046875 0.0484375
1 0.2140625 0.11875 0.025 0.0515625
1 0.2609375 0.1265625 0.0296875 0.0484375
1 0.903125 0.08125 0.0359375 0.0484375