1 0.2671875 0.91875 0.2890625 0.1625
1 0.6859375 0.9140625 0.31875 0.1703125
1 0.5828125 0.6609375 0.2859375 0.2203125
1 0.571875 0.2921875 0.115625 0.0921875
0 0.8359375 0.3203125 0.1640625 0.1734375
1 0.6890625 0.2171875 0.1015625 0.10625
1 0.5875 0.1828125 0.0828125 0.0734375
1 0.43125 0.2640625 0.096875 0.1015625
1 0.325 0.2296875 0.0984375 0.078125
1 0.3953125 0.11875 0.0703125 0.109375
0 0.1921875 0.16875 0.134375 0.1734375
1 0.1015625 0.2265625 0.0453125 0.0671875
1 0.0421875 0.34375 0.0765625 0.1125
1 0.028125 0.259375 0.0515625 0.0671875
1 0.084375 0.171875 0.0546875 0.05625
1 0.3375 0.0625 0.0265625 0.05
1 0.28125 0.1109375 0.034375 0.0671875
1 0.915625 0.103125 0.0375 0.0625
1 0.9578125 0.928125 0.0828125 0.1421875
1 0.878125 0.0640625 0.0296875 0.04375
1 0.8296875 0.01875 0.0265625 0.028125
1 0.9375 0.046875 0.03125 0.0375
1 0.975 0.159375 0.04375 0.0625
1 0.4859375 0.2203125 0.0609375 0.0625