1 0.6078125 0.6828125 0.3609375 0.3125
1 0.271875 0.890625 0.3078125 0.21875
1 0.678125 0.8859375 0.35625 0.228125
1 0.5796875 0.2859375 0.109375 0.1203125
1 0.5859375 0.23125 0.090625 0.0828125
1 0.578125 0.1765625 0.0875 0.0859375
1 0.6859375 0.2046875 0.1 0.0828125
1 0.8265625 0.228125 0.1390625 0.1625
1 0.428125 0.2640625 0.08125 0.0890625
1 0.478125 0.228125 0.0859375 0.0796875
1 0.3234375 0.215625 0.0984375 0.10625
1 0.3671875 0.19375 0.06875 0.0828125
1 0.15625 0.2359375 0.0984375 0.0828125
1 0.203125 0.140625 0.0515625 0.0734375
1 0.184375 0.171875 0.0453125 0.046875
1 0.1171875 0.23125 0.053125 0.1015625
1 0.0390625 0.2859375 0.0671875 0.1296875
0 0.0671875 0.1859375 0.1265625 0.159375
0 0.1734375 0.09375 0.1265625 0.1015625