1 0.1828125 0.9203125 0.275 0.159375
1 0.6421875 0.915625 0.303125 0.16875
1 0.9265625 0.9203125 0.140625 0.159375
1 0.5921875 0.6703125 0.29375 0.2328125
1 0.4703125 0.31875 0.103125 0.10625
1 0.2546875 0.253125 0.0796875 0.0796875
1 0.303125 0.2234375 0.075 0.0609375
1 0.4203125 0.2453125 0.08125 0.0609375
1 0.575 0.2890625 0.103125 0.0875
0 0.7359375 0.2734375 0.1546875 0.140625
1 0.8421875 0.2453125 0.1359375 0.1515625
1 0.6828125 0.2015625 0.0875 0.071875
1 0.5796875 0.1890625 0.075 0.0703125
1 0.46875 0.2203125 0.0765625 0.059375
0 0.06875 0.2265625 0.128125 0.2140625
1 0.19375 0.1125 0.05 0.0625
1 0.340625 0.0890625 0.0328125 0.0515625
1 0.2984375 0.0921875 0.028125 0.03125
1 0.265625 0.09375 0.0296875 0.0515625
1 0.915625 0.1109375 0.0515625 0.04375
1 0.9453125 0.4890625 0.1078125 0.2015625