1 0.6546875 0.55625 0.0875 0.190625
1 0.7984375 0.5640625 0.121875 0.2109375
1 0.9046875 0.5046875 0.11875 0.2078125
1 0.9375 0.8890625 0.1234375 0.221875
0 0.3328125 0.58125 0.184375 0.446875
1 0.0765625 0.796875 0.14375 0.296875
1 0.0984375 0.5296875 0.1140625 0.2015625
1 0.1390625 0.403125 0.0828125 0.1390625
1 0.04375 0.3703125 0.0859375 0.1671875
1 0.265625 0.3625 0.0671875 0.1
1 0.228125 0.3140625 0.0578125 0.1125
0 0.2921875 0.23125 0.0796875 0.128125
1 0.159375 0.2328125 0.05625 0.0984375
1 0.51875 0.346875 0.065625 0.121875
1 0.63125 0.375 0.0578125 0.1203125
1 0.71875 0.3609375 0.0609375 0.121875
1 0.765625 0.296875 0.065625 0.1125
1 0.7265625 0.240625 0.053125 0.078125
1 0.6890625 0.278125 0.0609375 0.0734375
1 0.634375 0.2125 0.04375 0.06875
1 0.6828125 0.1890625 0.05625 0.0875
1 0.41875 0.31875 0.0640625 0.121875
1 0.36875 0.253125 0.0453125 0.0734375
1 0.4390625 0.2359375 0.034375 0.0859375
1 0.4921875 0.278125 0.04375 0.08125
1 0.4765625 0.184375 0.0421875 0.0796875
1 0.609375 0.1609375 0.0296875 0.05625
1 0.5875 0.1296875 0.0328125 0.05625
1 0.3859375 0.1859375 0.0359375 0.0625