1 0.121875 0.9203125 0.24375 0.159375
1 0.5828125 0.909375 0.303125 0.18125
1 0.8890625 0.9109375 0.221875 0.178125
1 0.5875 0.65625 0.2859375 0.2484375
1 0.534375 0.309375 0.1171875 0.1015625
1 0.8453125 0.2578125 0.1453125 0.178125
1 0.965625 0.2765625 0.05625 0.0484375
1 0.9734375 0.3328125 0.053125 0.08125
1 0.58125 0.2015625 0.08125 0.0828125
1 0.6921875 0.2234375 0.10625 0.1109375
0 0.4046875 0.2078125 0.1171875 0.1
1 0.2421875 0.2640625 0.1 0.09375
1 0.23125 0.2140625 0.0765625 0.05
1 0.228125 0.1859375 0.075 0.046875
1 0.19375 0.1234375 0.040625 0.059375
0 0.2328125 0.0828125 0.046875 0.0921875
1 0.2671875 0.0984375 0.03125 0.0515625
1 0.296875 0.1 0.028125 0.040625
1 0.334375 0.1 0.0265625 0.046875
1 0.896875 0.109375 0.0515625 0.0578125
1 0.9734375 0.1546875 0.0421875 0.0515625
0 0.971875 0.084375 0.05625 0.0921875
1 0.84375 0.0734375 0.0390625 0.059375
1 0.0921875 0.2171875 0.0546875 0.0578125
1 0.05 0.2421875 0.0625 0.0578125