0 0.53125 0.153125 0.2234375 0.19375
1 0.8359375 0.3109375 0.1296875 0.1359375
1 0.7984375 0.246875 0.103125 0.1078125
1 0.8484375 0.446875 0.1796875 0.171875
1 0.5890625 0.678125 0.3296875 0.278125
1 0.2921875 0.8875 0.265625 0.2234375
1 0.7828125 0.8453125 0.284375 0.2171875
1 0.346875 0.146875 0.0515625 0.06875
1 0.3 0.115625 0.0359375 0.0640625
1 0.271875 0.1125 0.0265625 0.0421875
1 0.19375 0.14375 0.059375 0.109375
0 0.2421875 0.0765625 0.0796875 0.090625
0 0.2921875 0.053125 0.0640625 0.0625
1 0.9078125 0.0984375 0.0546875 0.04375