1 0.35625 0.6234375 0.1078125 0.23125
1 0.6734375 0.528125 0.0625 0.153125
1 0.73125 0.3578125 0.0625 0.1234375
1 0.7234375 0.2609375 0.0578125 0.0984375
1 0.63125 0.3109375 0.0546875 0.1109375
1 0.5203125 0.3484375 0.0703125 0.128125
1 0.38125 0.315625 0.0421875 0.153125
0 0.2890625 0.221875 0.0953125 0.1796875
1 0.203125 0.3828125 0.0609375 0.140625
1 0.1796875 0.59375 0.115625 0.209375
1 0.0578125 0.8578125 0.103125 0.2578125
0 0.0890625 0.440625 0.1609375 0.421875
1 0.91875 0.8734375 0.1546875 0.2515625
1 0.6640625 0.23125 0.0421875 0.0734375
1 0.678125 0.1546875 0.03125 0.071875
1 0.58125 0.16875 0.03125 0.0625
1 0.4921875 0.278125 0.0421875 0.09375
1 0.43125 0.2578125 0.0390625 0.071875
1 0.4546875 0.2015625 0.0484375 0.06875
1 0.51875 0.196875 0.0546875 0.0640625
1 0.4703125 0.1515625 0.0484375 0.03125
1 0.3546875 0.275 0.0296875 0.0875