1 0.096875 0.5984375 0.0765625 0.128125
1 0.153125 0.5359375 0.0640625 0.0765625
1 0.1875 0.59375 0.0890625 0.1
1 0.3640625 0.653125 0.084375 0.1421875
1 0.6984375 0.7109375 0.1109375 0.1859375
0 0.503125 0.584375 0.1234375 0.2734375
0 0.6125 0.434375 0.1 0.1515625
1 0.859375 0.5859375 0.1484375 0.1296875
1 0.93125 0.55625 0.11875 0.1203125
1 0.35 0.5296875 0.0609375 0.0890625
1 0.4140625 0.59375 0.0546875 0.10625
1 0.4125 0.48125 0.05 0.0828125
1 0.45625 0.4625 0.0484375 0.078125
1 0.5765625 0.51875 0.053125 0.0765625