1 0.3734375 0.7984375 0.0921875 0.15625
1 0.1984375 0.6078125 0.0796875 0.103125
1 0.1 0.6171875 0.0640625 0.1171875
1 0.1546875 0.5515625 0.0578125 0.0609375
1 0.434375 0.6640625 0.075 0.1109375
1 0.578125 0.7390625 0.0796875 0.1671875
1 0.68125 0.7015625 0.0796875 0.146875
1 0.790625 0.8921875 0.1390625 0.159375
1 0.859375 0.5984375 0.15 0.128125
1 0.6640625 0.528125 0.0640625 0.09375
1 0.5796875 0.5671875 0.0578125 0.0859375
1 0.45625 0.5765625 0.0671875 0.08125
1 0.359375 0.540625 0.0515625 0.0703125
1 0.4140625 0.4859375 0.04375 0.0625
1 0.4625 0.4796875 0.04375 0.0734375
0 0.55 0.453125 0.0796875 0.146875
0 0.615625 0.4125 0.08125 0.0890625
1 0.6390625 0.4703125 0.0359375 0.0625
1 0.8515625 0.4359375 0.0828125 0.0421875
1 0.7234375 0.4125 0.0375 0.059375
1 0.6828125 0.4 0.034375 0.053125