0 0.5 0.615625 0.1234375 0.30625
0 0.5671875 0.5078125 0.09375 0.2296875
0 0.6828125 0.378125 0.071875 0.1140625
1 0.7359375 0.403125 0.0296875 0.053125
1 0.671875 0.4859375 0.0609375 0.0875
1 0.665625 0.6109375 0.0734375 0.1421875
1 0.8609375 0.6171875 0.1328125 0.1875
1 0.921875 0.5984375 0.1109375 0.1359375
1 0.353125 0.5515625 0.0546875 0.090625
1 0.4171875 0.6234375 0.0484375 0.0984375
1 0.4171875 0.4953125 0.05625 0.0890625
1 0.4609375 0.4890625 0.0359375 0.09375
1 0.190625 0.621875 0.0796875 0.103125
1 0.09375 0.628125 0.078125 0.128125
1 0.1484375 0.5609375 0.0671875 0.10625
1 0.25625 0.50625 0.1046875 0.071875