1 0.1015625 0.6359375 0.0703125 0.1078125
1 0.1859375 0.6375 0.0921875 0.0890625
1 0.0796875 0.5828125 0.0703125 0.0671875
1 0.1546875 0.5828125 0.0734375 0.0828125
1 0.1046875 0.5265625 0.08125 0.06875
1 0.5 0.79375 0.109375 0.159375
1 0.58125 0.703125 0.0796875 0.1625
1 0.6796875 0.8765625 0.15 0.246875
1 0.6484375 0.5890625 0.075 0.1671875
1 0.8578125 0.6171875 0.1359375 0.1171875
1 0.925 0.6 0.1015625 0.1
1 0.5765625 0.4875 0.0453125 0.0609375
1 0.6671875 0.4578125 0.0671875 0.0625
1 0.734375 0.4234375 0.040625 0.059375
1 0.246875 0.4984375 0.096875 0.103125
0 0.3828125 0.59375 0.16875 0.2296875
0 0.2515625 0.815625 0.390625 0.36875