0 0.234375 0.83125 0.41875 0.3375
0 0.328125 0.6015625 0.18125 0.146875
1 0.575 0.9109375 0.1125 0.1734375
1 0.5859375 0.7390625 0.1046875 0.1265625
1 0.55625 0.6328125 0.065625 0.0828125
1 0.653125 0.58125 0.06875 0.1
1 0.7390625 0.8859375 0.1109375 0.2171875
1 0.85625 0.6203125 0.1453125 0.11875
1 0.5796875 0.5484375 0.0609375 0.0828125
1 0.5046875 0.534375 0.0515625 0.0765625
1 0.0921875 0.6421875 0.059375 0.0875
1 0.1796875 0.6375 0.0703125 0.0859375
1 0.246875 0.5671875 0.075 0.0625
1 0.125 0.5265625 0.090625 0.053125
1 0.2609375 0.4984375 0.0796875 0.0484375
1 0.6078125 0.475 0.0484375 0.05
1 0.721875 0.421875 0.0328125 0.046875
1 0.8390625 0.4515625 0.078125 0.046875
1 0.9703125 0.45625 0.0546875 0.0703125