0 0.3046875 0.759375 0.2015625 0.4109375
1 0.575 0.9296875 0.1078125 0.140625
1 0.55 0.815625 0.0953125 0.1265625
1 0.534375 0.7109375 0.0765625 0.0734375
1 0.5296875 0.646875 0.0671875 0.0734375
1 0.5859375 0.60625 0.065625 0.0859375
1 0.5375 0.5515625 0.046875 0.0890625
1 0.4296875 0.6125 0.0796875 0.08125
1 0.49375 0.54375 0.040625 0.071875
1 0.84375 0.63125 0.13125 0.11875
1 0.653125 0.559375 0.0640625 0.0921875
1 0.834375 0.465625 0.08125 0.046875
1 0.9671875 0.45625 0.059375 0.0609375
1 0.671875 0.465625 0.0484375 0.0609375
1 0.509375 0.471875 0.053125 0.05
1 0.4140625 0.546875 0.0515625 0.059375
1 0.4546875 0.509375 0.0421875 0.0625
1 0.2046875 0.6765625 0.0640625 0.096875
1 0.1703125 0.653125 0.0625 0.09375
1 0.084375 0.64375 0.06875 0.103125
1 0.14375 0.59375 0.059375 0.0671875
1 0.240625 0.515625 0.0703125 0.0578125
1 0.15625 0.5328125 0.0921875 0.06875