1 0.615625 0.2640625 0.0671875 0.0828125
1 0.6640625 0.2203125 0.046875 0.0734375
1 0.7921875 0.478125 0.1109375 0.1578125
1 0.925 0.3484375 0.109375 0.1234375
1 0.7328125 0.2671875 0.0546875 0.0515625
1 0.70625 0.340625 0.06875 0.09375
1 0.7546875 0.30625 0.0421875 0.0734375
1 0.621875 0.3515625 0.0671875 0.0859375
1 0.515625 0.34375 0.075 0.1109375
1 0.715625 0.6765625 0.14375 0.196875
1 0.3671875 0.5234375 0.0890625 0.16875
1 0.39375 0.3359375 0.0671875 0.11875
1 0.275 0.36875 0.0828125 0.1234375
1 0.284375 0.2765625 0.0703125 0.1328125
1 0.184375 0.31875 0.0640625 0.1
1 0.10625 0.2875 0.0578125 0.10625
1 0.09375 0.4109375 0.0828125 0.1125
1 0.0765625 0.509375 0.0890625 0.15
1 0.1984375 0.646875 0.15 0.2578125
1 0.13125 0.5640625 0.115625 0.1765625
0 0.4546875 0.1859375 0.0703125 0.1265625
1 0.35625 0.28125 0.05 0.06875