1 0.0984375 0.7703125 0.1546875 0.2859375
1 0.2734375 0.809375 0.1390625 0.3265625
1 0.8453125 0.6375 0.128125 0.2328125
1 0.6546875 0.4140625 0.0671875 0.11875
1 0.71875 0.3140625 0.0546875 0.08125
1 0.6203125 0.2640625 0.0453125 0.0703125
1 0.5265625 0.346875 0.0671875 0.103125
1 0.3671875 0.3625 0.0703125 0.15
1 0.1828125 0.39375 0.0765625 0.1203125
0 0.0671875 0.503125 0.1328125 0.38125
0 0.253125 0.25 0.1515625 0.1890625
1 0.3703125 0.2515625 0.0515625 0.08125
1 0.425 0.2890625 0.053125 0.0875
1 0.490625 0.28125 0.0375 0.06875
1 0.70625 0.2328125 0.04375 0.0625
1 0.6578125 0.203125 0.03125 0.04375
1 0.709375 0.178125 0.0359375 0.046875
1 0.5875 0.153125 0.0265625 0.046875
1 0.44375 0.228125 0.0390625 0.0484375