1 0.1578125 0.1609375 0.0296875 0.0328125
1 0.1328125 0.1546875 0.0234375 0.0375
1 0.378125 0.0890625 0.0171875 0.021875
2 0.809375 0.3 0.0140625 0.053125
2 0.64375 0.321875 0.01875 0.0859375
2 0.146875 0.4484375 0.028125 0.1265625
2 0.5921875 0.2359375 0.0078125 0.0359375
2 0.565625 0.23125 0.0125 0.053125
2 0.1609375 0.4125 0.0203125 0.1015625
2 0.3078125 0.334375 0.0125 0.075
2 0.5515625 0.1609375 0.009375 0.0359375
2 0.5421875 0.1609375 0.0078125 0.0328125
2 0.56875 0.1828125 0.0125 0.04375
2 0.571875 0.4328125 0.01875 0.09375
2 0.15625 0.36875 0.015625 0.040625
2 0.690625 0.3484375 0.0171875 0.0765625
2 0.196875 0.3046875 0.0140625 0.0765625
2 0.6375 0.153125 0.00625 0.028125
2 0.4125 0.2859375 0.0140625 0.05625
2 0.19375 0.2890625 0.0109375 0.0765625
2 0.3171875 0.2125 0.0265625 0.0703125