1 0.153125 0.20625 0.0359375 0.05625
1 0.1375 0.15 0.025 0.0421875
2 0.69375 0.5484375 0.0234375 0.1171875
2 0.534375 0.540625 0.0265625 0.09375
2 0.6046875 0.4515625 0.0171875 0.078125
2 0.609375 0.2625 0.0125 0.06875
2 0.671875 0.559375 0.015625 0.0421875
2 0.3140625 0.275 0.0140625 0.0765625
2 0.61875 0.215625 0.0109375 0.046875
2 0.35 0.2171875 0.0078125 0.05625
2 0.6046875 0.2140625 0.009375 0.0453125
2 0.34375 0.21875 0.0109375 0.05625
2 0.6875 0.25625 0.009375 0.0390625
2 0.85625 0.5171875 0.0203125 0.103125