1 0.11875 0.296875 0.0484375 0.075
1 0.134375 0.14375 0.025 0.0359375
1 0.8265625 0.178125 0.0265625 0.0265625
1 0.378125 0.0890625 0.0171875 0.021875
1 0.26875 0.16875 0.0203125 0.0375
2 0.3640625 0.4046875 0.0171875 0.0890625
2 0.6078125 0.3796875 0.025 0.053125
2 0.365625 0.2375 0.009375 0.053125
2 0.3828125 0.425 0.01875 0.0875
2 0.678125 0.35 0.0265625 0.084375
2 0.63125 0.390625 0.015625 0.0859375
2 0.3203125 0.2390625 0.0109375 0.0515625
2 0.628125 0.353125 0.0203125 0.0375
2 0.321875 0.175 0.009375 0.0390625
2 0.2953125 0.284375 0.009375 0.053125
2 0.321875 0.334375 0.0296875 0.0578125