1 0.13125 0.1609375 0.025 0.0359375
1 0.0328125 0.3359375 0.059375 0.090625
1 0.65 0.15625 0.0296875 0.028125
2 0.1921875 0.2890625 0.0125 0.0671875
2 0.7609375 0.1984375 0.009375 0.04375
2 0.6171875 0.20625 0.0109375 0.0515625
2 0.359375 0.309375 0.025 0.1015625
2 0.5625 0.3140625 0.0140625 0.0625
2 0.934375 0.4125 0.0265625 0.10625
2 0.2625 0.165625 0.009375 0.034375
2 0.3375 0.1640625 0.0109375 0.0484375
2 0.340625 0.2796875 0.0140625 0.0796875
2 0.6515625 0.3171875 0.01875 0.08125
2 0.4421875 0.3046875 0.0140625 0.0640625
2 0.7 0.2015625 0.00625 0.0359375
2 0.63125 0.31875 0.0140625 0.0828125