1 0.134375 0.159375 0.0265625 0.0375
1 0.65 0.1578125 0.0265625 0.028125
1 0.240625 0.109375 0.0125 0.0265625
1 0.20625 0.0984375 0.009375 0.0140625
1 0.275 0.171875 0.0359375 0.0359375
2 0.384375 0.29375 0.015625 0.0734375
2 0.203125 0.15 0.0078125 0.0359375
2 0.5921875 0.409375 0.01875 0.096875
2 0.353125 0.271875 0.0109375 0.0734375
2 0.85625 0.365625 0.01875 0.08125
2 0.5109375 0.3609375 0.0265625 0.06875
2 0.21875 0.2109375 0.0046875 0.025
2 0.2625 0.1671875 0.009375 0.0359375
2 0.5140625 0.0953125 0.0046875 0.0265625
2 0.209375 0.203125 0.0109375 0.046875
2 0.546875 0.215625 0.01875 0.0421875
2 0.6984375 0.190625 0.0078125 0.0546875
2 0.296875 0.1984375 0.0078125 0.0359375
2 0.834375 0.21875 0.009375 0.0328125
2 0.55625 0.190625 0.0078125 0.021875
2 0.9203125 0.2359375 0.0078125 0.028125
2 0.496875 0.1265625 0.00625 0.025
2 0.31875 0.221875 0.0125 0.05625