0 0.7171875 0.26875 0.1515625 0.1796875
1 0.16875 0.5515625 0.1109375 0.1890625
1 0.084375 0.8703125 0.16875 0.259375
1 0.7375 0.89375 0.25625 0.2125
1 0.48125 0.6078125 0.1296875 0.240625
1 0.471875 0.459375 0.0890625 0.1515625
1 0.6484375 0.5 0.13125 0.190625
1 0.7265625 0.4265625 0.1140625 0.153125
1 0.8828125 0.4625 0.1421875 0.1515625
1 0.3390625 0.3734375 0.0671875 0.0796875
1 0.4078125 0.3484375 0.08125 0.09375
1 0.553125 0.2828125 0.0609375 0.078125
1 0.621875 0.3109375 0.0609375 0.096875
1 0.2375 0.415625 0.08125 0.1203125
1 0.1640625 0.303125 0.053125 0.0796875
1 0.3703125 0.2921875 0.0515625 0.059375
1 0.309375 0.2734375 0.0515625 0.0796875
1 0.44375 0.2484375 0.0578125 0.0609375