1 0.1359375 0.653125 0.146875 0.21875
1 0.4671875 0.76875 0.1921875 0.2859375
1 0.6609375 0.628125 0.16875 0.1984375
1 0.80625 0.4546875 0.10625 0.121875
1 0.80625 0.359375 0.1046875 0.0890625
1 0.6375 0.3484375 0.0828125 0.0796875
1 0.4671875 0.4984375 0.0953125 0.1171875
1 0.3734375 0.4125 0.0703125 0.1234375
1 0.43125 0.384375 0.071875 0.1078125
1 0.5 0.3859375 0.0765625 0.10625
1 0.4546875 0.3328125 0.0578125 0.078125
1 0.2125 0.434375 0.0703125 0.1171875
1 0.29375 0.3515625 0.0703125 0.09375
1 0.1703125 0.353125 0.0859375 0.09375
1 0.3171875 0.2890625 0.0515625 0.0609375
1 0.4015625 0.2671875 0.0484375 0.078125
1 0.446875 0.25625 0.04375 0.071875
1 0.3046875 0.2359375 0.0578125 0.05625