1 0.1484375 0.48125 0.0921875 0.1390625
1 0.184375 0.396875 0.0609375 0.1015625
1 0.209375 0.303125 0.0640625 0.0734375
1 0.140625 0.3015625 0.05 0.078125
1 0.1890625 0.2390625 0.0359375 0.053125
1 0.3515625 0.378125 0.0609375 0.09375
1 0.3875 0.503125 0.1015625 0.140625
1 0.5421875 0.621875 0.1296875 0.1734375
1 0.5140625 0.4734375 0.1015625 0.1484375
1 0.55625 0.409375 0.0828125 0.1015625
1 0.7234375 0.5828125 0.1359375 0.18125
1 0.525 0.8390625 0.2078125 0.321875
1 0.80625 0.459375 0.0953125 0.1109375
1 0.86875 0.425 0.071875 0.096875
0 0.8390625 0.31875 0.190625 0.2109375
1 0.6375 0.340625 0.0671875 0.0734375
1 0.6109375 0.278125 0.0453125 0.0609375
0 0.6390625 0.215625 0.053125 0.1171875
1 0.4328125 0.2921875 0.0546875 0.0625
0 0.34375 0.265625 0.0921875 0.121875
1 0.35625 0.1890625 0.0203125 0.040625
1 0.5078125 0.2625 0.0390625 0.05