0 0.3421875 0.3875 0.1453125 0.271875
0 0.659375 0.7296875 0.45 0.540625
0 0.31875 0.259375 0.06875 0.109375
0 0.3484375 0.2140625 0.0546875 0.1328125
1 0.4953125 0.421875 0.0765625 0.13125
1 0.434375 0.2703125 0.0484375 0.0875
1 0.5734375 0.3140625 0.0609375 0.0984375
1 0.68125 0.34375 0.06875 0.0765625
1 0.721875 0.425 0.078125 0.1109375
1 0.790625 0.4171875 0.0890625 0.1234375
1 0.9484375 0.5203125 0.103125 0.153125
1 0.3296875 0.590625 0.1546875 0.1984375
1 0.1546875 0.359375 0.0890625 0.1171875
1 0.2125 0.33125 0.065625 0.1015625
1 0.1578125 0.3015625 0.04375 0.0796875
0 0.6375 0.2625 0.0984375 0.15625