0 0.5796875 0.76875 0.3921875 0.4609375
0 0.6453125 0.265625 0.1078125 0.146875
0 0.29375 0.1890625 0.065625 0.0875
1 0.3125 0.3234375 0.0515625 0.0859375
1 0.178125 0.4765625 0.121875 0.16875
1 0.4203125 0.4046875 0.0734375 0.1390625
1 0.478125 0.5359375 0.0890625 0.1484375
1 0.625 0.54375 0.1453125 0.1890625
1 0.7015625 0.7125 0.1765625 0.2390625
1 0.5609375 0.4859375 0.0828125 0.146875
1 0.434375 0.321875 0.0515625 0.0828125
1 0.3671875 0.3125 0.04375 0.071875
1 0.396875 0.2828125 0.034375 0.0578125
1 0.44375 0.2765625 0.0515625 0.0828125
1 0.18125 0.2625 0.0609375 0.0671875
1 0.2125 0.31875 0.0578125 0.08125
1 0.3265625 0.21875 0.034375 0.05
1 0.3703125 0.2578125 0.0421875 0.0578125
1 0.584375 0.30625 0.0578125 0.059375
1 0.590625 0.3625 0.0765625 0.1234375