1 0.103125 0.459375 0.1359375 0.1140625
1 0.128125 0.375 0.0796875 0.1078125
1 0.20625 0.328125 0.05625 0.0875
1 0.453125 0.46875 0.06875 0.140625
1 0.59375 0.521875 0.1109375 0.140625
1 0.559375 0.6484375 0.178125 0.23125
1 0.909375 0.8375 0.18125 0.3234375
1 0.8734375 0.4546875 0.115625 0.1703125
1 0.5921875 0.359375 0.0953125 0.140625
1 0.4390625 0.271875 0.0453125 0.0671875
1 0.403125 0.28125 0.05 0.0640625
1 0.3390625 0.2515625 0.0328125 0.0515625
1 0.2921875 0.2671875 0.0234375 0.0625
0 0.290625 0.1984375 0.0609375 0.0765625
0 0.3484375 0.4046875 0.15625 0.29375