0 0.478125 0.4984375 0.084375 0.2625
1 0.6125 0.6390625 0.0734375 0.146875
1 0.5671875 0.478125 0.0359375 0.0703125
1 0.6171875 0.4609375 0.0421875 0.071875
1 0.7109375 0.5609375 0.071875 0.121875
1 0.5453125 0.409375 0.025 0.05625
1 0.5953125 0.41875 0.03125 0.0515625
1 0.5640625 0.359375 0.0203125 0.053125
0 0.5234375 0.340625 0.0359375 0.0625
1 0.5859375 0.35625 0.0234375 0.0421875
1 0.7484375 0.484375 0.04375 0.06875
1 0.8109375 0.5484375 0.0671875 0.1
1 0.8828125 0.63125 0.0875 0.121875
1 0.9328125 0.596875 0.084375 0.0984375
1 0.965625 0.728125 0.06875 0.1171875
0 0.8765625 0.471875 0.1375 0.15625
0 0.7609375 0.3796875 0.075 0.090625
1 0.75625 0.453125 0.040625 0.0359375
1 0.696875 0.43125 0.0359375 0.046875
1 0.6671875 0.403125 0.0265625 0.0421875