0 0.475 0.5015625 0.0796875 0.25
0 0.609375 0.653125 0.1375 0.4375
1 0.7546875 0.6140625 0.0765625 0.1203125
1 0.8125 0.8796875 0.1765625 0.240625
1 0.9 0.846875 0.1453125 0.1984375
1 0.85625 0.6140625 0.084375 0.103125
1 0.8109375 0.5171875 0.0578125 0.0703125
1 0.7609375 0.4703125 0.0328125 0.059375
1 0.721875 0.478125 0.03125 0.053125
0 0.765625 0.4015625 0.06875 0.08125
0 0.896875 0.4828125 0.1015625 0.11875
1 0.590625 0.3875 0.0203125 0.040625
1 0.546875 0.4140625 0.03125 0.040625
1 0.5546875 0.3765625 0.0265625 0.0390625
1 0.43125 0.3390625 0.0203125 0.0390625
0 0.6921875 0.371875 0.0421875 0.059375
1 0.6890625 0.4359375 0.0265625 0.059375
1 0.528125 0.34375 0.01875 0.0328125