0 0.4953125 0.44375 0.0546875 0.15625
0 0.5671875 0.6078125 0.0921875 0.253125
1 0.6296875 0.5609375 0.0390625 0.0796875
1 0.61875 0.496875 0.0328125 0.05
1 0.7140625 0.71875 0.10625 0.171875
1 0.8203125 0.7296875 0.121875 0.1484375
0 0.95625 0.5484375 0.0875 0.1375
0 0.853125 0.4984375 0.1109375 0.153125
0 0.725 0.4140625 0.0453125 0.0640625
1 0.7421875 0.4796875 0.034375 0.0578125
1 0.7140625 0.4953125 0.0375 0.0421875
1 0.6765625 0.459375 0.0359375 0.0375
1 0.6 0.459375 0.0359375 0.04375
1 0.4171875 0.375 0.0203125 0.028125
1 0.65625 0.3921875 0.0171875 0.021875
1 0.6921875 0.3921875 0.0109375 0.0296875