1 0.359375 0.1921875 0.096875 0.0921875
0 0.515625 0.1421875 0.2046875 0.171875
1 0.6484375 0.640625 0.1296875 0.196875
1 0.80625 0.89375 0.1921875 0.2125
1 0.7875 0.5671875 0.1453125 0.1734375
1 0.915625 0.7609375 0.1671875 0.2234375
1 0.86875 0.503125 0.1609375 0.153125
1 0.8984375 0.24375 0.0828125 0.1203125
1 0.7859375 0.1375 0.0515625 0.0703125
1 0.6390625 0.1078125 0.0515625 0.06875
1 0.6703125 0.0234375 0.0453125 0.040625
1 0.721875 0.01875 0.04375 0.0375
1 0.3296875 0.0421875 0.040625 0.040625