1 0.3921875 0.3375 0.0890625 0.1078125
1 0.46875 0.296875 0.09375 0.1
1 0.55 0.265625 0.053125 0.1015625
1 0.528125 0.1921875 0.0828125 0.0734375
1 0.19375 0.19375 0.090625 0.071875
1 0.10625 0.1484375 0.075 0.0671875
1 0.553125 0.459375 0.11875 0.1390625
1 0.678125 0.725 0.1734375 0.2421875
0 0.896875 0.6859375 0.2046875 0.4671875
0 0.815625 0.3484375 0.2140625 0.2125
1 0.653125 0.203125 0.075 0.090625
1 0.7078125 0.184375 0.0609375 0.0796875
1 0.5984375 0.1359375 0.0421875 0.05
1 0.6609375 0.1421875 0.0390625 0.0625
1 0.4296875 0.1265625 0.0421875 0.08125
1 0.3890625 0.10625 0.0375 0.05625
1 0.6359375 0.1125 0.0296875 0.05