1 0.4796875 0.4875 0.1125 0.1296875
1 0.5890625 0.4234375 0.1015625 0.1125
1 0.7671875 0.6671875 0.15 0.1859375
0 0.73125 0.2609375 0.1984375 0.25
1 0.6015625 0.3328125 0.0875 0.0796875
1 0.846875 0.2921875 0.0453125 0.1
1 0.928125 0.353125 0.1078125 0.1328125
1 0.4765625 0.328125 0.0890625 0.0921875
1 0.3875 0.353125 0.090625 0.0984375
1 0.2890625 0.2765625 0.071875 0.1
1 0.36875 0.2515625 0.0828125 0.0734375
1 0.353125 0.178125 0.0828125 0.0796875
1 0.2703125 0.2078125 0.05625 0.053125
1 0.2109375 0.2359375 0.0703125 0.06875
1 0.14375 0.2 0.0734375 0.0578125
1 0.05625 0.171875 0.078125 0.0609375
0 0.1359375 0.1234375 0.1953125 0.1078125
1 0.28125 0.09375 0.034375 0.046875
1 0.4875 0.1078125 0.0296875 0.040625
1 0.4734375 0.0609375 0.0296875 0.04375
1 0.50625 0.03125 0.0265625 0.0375
1 0.403125 0.040625 0.03125 0.05625
1 0.334375 0.0203125 0.0203125 0.0328125
1 0.63125 0.1140625 0.028125 0.040625
1 0.609375 0.046875 0.0234375 0.046875
1 0.7953125 0.0390625 0.0203125 0.0484375