0 0.7734375 0.2921875 0.1515625 0.240625
0 0.6328125 0.1609375 0.075 0.15
0 0.3875 0.853125 0.1796875 0.2875
1 0.1609375 0.446875 0.0796875 0.0890625
1 0.153125 0.3375 0.0703125 0.0859375
1 0.265625 0.25625 0.05 0.0734375
1 0.3421875 0.2234375 0.040625 0.078125
1 0.51875 0.19375 0.03125 0.0640625
1 0.540625 0.1734375 0.0375 0.05625
1 0.590625 0.2859375 0.0375 0.1140625
1 0.709375 0.45 0.1015625 0.196875
1 0.6 0.8390625 0.0921875 0.2859375
1 0.9734375 0.4734375 0.053125 0.128125
1 0.9125 0.2953125 0.05625 0.0796875
1 0.896875 0.2171875 0.046875 0.096875
1 0.8625 0.2765625 0.0390625 0.1109375
1 0.83125 0.246875 0.0296875 0.059375
1 0.6640625 0.2328125 0.053125 0.1125
1 0.703125 0.171875 0.0390625 0.046875
1 0.4421875 0.0875 0.0234375 0.05625
1 0.5359375 0.128125 0.0328125 0.0640625
1 0.56875 0.1078125 0.0125 0.0609375