1 0.2140625 0.2671875 0.071875 0.096875
1 0.3515625 0.1859375 0.0671875 0.0578125
1 0.421875 0.16875 0.0515625 0.05
1 0.4 0.1328125 0.028125 0.0328125
1 0.6125 0.2421875 0.0453125 0.04375
1 0.5984375 0.184375 0.0421875 0.0765625
1 0.634375 0.1875 0.040625 0.0671875
1 0.546875 0.115625 0.0390625 0.0375
1 0.51875 0.09375 0.01875 0.0296875
1 0.565625 0.078125 0.0203125 0.0375
1 0.6921875 0.1421875 0.03125 0.0671875
1 0.70625 0.128125 0.015625 0.0328125
1 0.7484375 0.21875 0.0421875 0.0875
1 0.2234375 0.1609375 0.0453125 0.06875
0 0.4046875 0.84375 0.1828125 0.3125
0 0.58125 0.0515625 0.0359375 0.0828125
0 0.6078125 0.0921875 0.0421875 0.078125
0 0.890625 0.296875 0.2171875 0.25