0 0.3921875 0.8453125 0.190625 0.309375
1 0.028125 0.4421875 0.05625 0.121875
1 0.4828125 0.35 0.0421875 0.0828125
1 0.3234375 0.209375 0.034375 0.0609375
1 0.403125 0.1640625 0.0296875 0.046875
1 0.5875 0.284375 0.0546875 0.06875
1 0.7546875 0.303125 0.0625 0.0671875
1 0.78125 0.24375 0.0375 0.0578125
1 0.8546875 0.3421875 0.0546875 0.090625
1 0.9625 0.4296875 0.0640625 0.09375
1 0.884375 0.221875 0.0328125 0.0625
1 0.85 0.1984375 0.0375 0.0625
0 0.634375 0.1953125 0.0859375 0.1359375
1 0.9359375 0.1671875 0.0484375 0.06875
1 0.221875 0.14375 0.0328125 0.0515625
1 0.26875 0.1234375 0.0296875 0.05
1 0.565625 0.0734375 0.0265625 0.0390625