0 0.5734375 0.184375 0.071875 0.13125
0 0.4 0.0921875 0.0453125 0.078125
0 0.4609375 0.0484375 0.028125 0.06875
0 0.5796875 0.0640625 0.034375 0.0671875
1 0.1203125 0.34375 0.05625 0.1234375
1 0.3953125 0.796875 0.1234375 0.2640625
1 0.5453125 0.4953125 0.071875 0.2375
1 0.446875 0.26875 0.046875 0.1
1 0.4671875 0.15625 0.0171875 0.0765625
1 0.3671875 0.1875 0.0359375 0.0484375
1 0.3 0.2234375 0.0671875 0.0734375
1 0.259375 0.253125 0.0359375 0.0828125
1 0.396875 0.165625 0.0421875 0.0375
1 0.81875 0.184375 0.0484375 0.0625