1 0.3921875 0.790625 0.1078125 0.21875
1 0.2984375 0.5828125 0.0734375 0.140625
1 0.5375 0.496875 0.06875 0.1140625
1 0.4734375 0.353125 0.0484375 0.0765625
1 0.4640625 0.2765625 0.0390625 0.0640625
1 0.4453125 0.2078125 0.03125 0.0578125
1 0.3875 0.2375 0.0390625 0.053125
1 0.415625 0.1828125 0.0265625 0.053125
1 0.3296875 0.2109375 0.040625 0.046875
1 0.246875 0.259375 0.04375 0.059375
1 0.159375 0.3390625 0.065625 0.071875
1 0.05625 0.4328125 0.0828125 0.1
1 0.290625 0.196875 0.0328125 0.04375
1 0.225 0.153125 0.028125 0.0484375
0 0.4 0.0984375 0.05 0.0703125
1 0.4859375 0.096875 0.0265625 0.0484375
1 0.44375 0.1140625 0.0234375 0.040625
1 0.7265625 0.134375 0.0328125 0.059375
0 0.5375 0.065625 0.03125 0.0609375