1 0.2171875 0.890625 0.134375 0.21875
1 0.0953125 0.76875 0.1265625 0.19375
1 0.05 0.93125 0.1 0.13125
1 0.171875 0.6390625 0.0859375 0.1296875
1 0.4359375 0.6359375 0.0953125 0.1609375
1 0.4265625 0.84375 0.1078125 0.21875
1 0.5890625 0.9 0.121875 0.2
1 0.5765625 0.71875 0.10625 0.16875
1 0.9546875 0.6265625 0.090625 0.1875
1 0.3953125 0.253125 0.0359375 0.0703125
0 0.4046875 0.1453125 0.065625 0.1
0 0.3390625 0.1875 0.065625 0.1171875
1 0.2734375 0.20625 0.0421875 0.046875
1 0.5484375 0.1390625 0.0296875 0.04375
1 0.465625 0.1015625 0.0265625 0.04375
1 0.228125 0.146875 0.0296875 0.0390625
1 0.2734375 0.1171875 0.0296875 0.0484375