0 0.175 0.3296875 0.175 0.203125
0 0.0421875 0.5921875 0.084375 0.303125
1 0.1 0.778125 0.1265625 0.196875
1 0.05625 0.934375 0.1046875 0.13125
1 0.215625 0.8921875 0.121875 0.2140625
1 0.4375 0.6390625 0.0765625 0.14375
1 0.4296875 0.83125 0.103125 0.1984375
1 0.5875 0.903125 0.1265625 0.19375
1 0.58125 0.7265625 0.1078125 0.1734375
1 0.23125 0.503125 0.0890625 0.121875
1 0.1765625 0.63125 0.0765625 0.1515625
1 0.29375 0.1734375 0.0484375 0.0640625
1 0.328125 0.2078125 0.040625 0.05
1 0.4546875 0.1609375 0.0296875 0.0421875
1 0.3734375 0.146875 0.0296875 0.0484375
1 0.434375 0.1109375 0.0234375 0.040625
0 0.39375 0.096875 0.0421875 0.071875
1 0.521875 0.1265625 0.0296875 0.053125
1 0.5546875 0.109375 0.0265625 0.046875
1 0.228125 0.1359375 0.0328125 0.053125
1 0.2703125 0.1078125 0.0265625 0.0390625