1 0.953125 0.3984375 0.0734375 0.0703125
1 0.55 0.7265625 0.0734375 0.1421875
1 0.5578125 0.90625 0.0890625 0.1625
1 0.4203125 0.9296875 0.109375 0.140625
1 0.4171875 0.721875 0.0703125 0.1265625
1 0.446875 0.565625 0.0671875 0.14375
1 0.209375 0.9234375 0.1046875 0.1515625
1 0.284375 0.7453125 0.08125 0.203125
1 0.3203125 0.621875 0.065625 0.14375
1 0.35 0.55 0.0609375 0.109375
0 0.4171875 0.29375 0.0421875 0.1328125
0 0.1359375 0.4828125 0.1921875 0.31875
0 0.2453125 0.353125 0.071875 0.16875
0 0.2875 0.2875 0.0921875 0.1359375
0 0.3578125 0.2515625 0.0546875 0.1078125
1 0.1375 0.78125 0.0796875 0.1203125