1 0.5078125 0.6625 0.2296875 0.3765625
1 0.0921875 0.621875 0.184375 0.35
1 0.1671875 0.1234375 0.0328125 0.0265625
2 0.8984375 0.6859375 0.0671875 0.296875
2 0.6703125 0.2453125 0.034375 0.1390625
2 0.5140625 0.7984375 0.08125 0.31875
2 0.2734375 0.4765625 0.0453125 0.2171875
2 0.190625 0.6421875 0.053125 0.2859375
2 0.1109375 0.6734375 0.065625 0.2890625
2 0.075 0.3921875 0.04375 0.1171875
2 0.7921875 0.18125 0.0265625 0.1140625
2 0.53125 0.196875 0.0328125 0.1359375
2 0.540625 0.3484375 0.053125 0.15625
2 0.26875 0.1828125 0.025 0.0890625
2 0.503125 0.1546875 0.01875 0.1359375
2 0.5484375 0.2203125 0.0375 0.1109375
2 0.134375 0.134375 0.0203125 0.115625
2 0.81875 0.1859375 0.015625 0.1140625
2 0.4875 0.1640625 0.0328125 0.125
2 0.453125 0.159375 0.021875 0.1234375
2 0.15 0.60625 0.05625 0.278125