1 0.49375 0.4765625 0.171875 0.20625
1 0.5875 0.4046875 0.1765625 0.196875
1 0.2875 0.2890625 0.0515625 0.0953125
1 0.915625 0.246875 0.0390625 0.0375
1 0.765625 0.3609375 0.134375 0.1578125
1 0.2234375 0.315625 0.053125 0.115625
1 0.2375 0.225 0.0671875 0.0578125
1 0.040625 0.4609375 0.0765625 0.1140625
1 0.4875 0.2453125 0.059375 0.08125
1 0.7046875 0.2328125 0.0765625 0.0734375
1 0.1625 0.3296875 0.059375 0.1078125
1 0.359375 0.2671875 0.065625 0.1078125
1 0.825 0.3484375 0.103125 0.1359375
1 0.6046875 0.23125 0.0640625 0.071875
1 0.54375 0.2328125 0.06875 0.078125
1 0.73125 0.1265625 0.028125 0.0265625
1 0.50625 0.15 0.0421875 0.0375
1 0.0265625 0.35 0.053125 0.0515625
1 0.10625 0.359375 0.053125 0.1046875
1 0.3 0.221875 0.0859375 0.0609375
1 0.65 0.221875 0.0703125 0.0734375
1 0.865625 0.196875 0.0359375 0.0375
1 0.9078125 0.2984375 0.075 0.071875
1 0.6578125 0.0953125 0.021875 0.021875
1 0.0875 0.31875 0.059375 0.0671875
1 0.059375 0.390625 0.0453125 0.071875
1 0.6375 0.175 0.059375 0.0421875
2 0.915625 0.35625 0.0171875 0.065625
2 0.1140625 0.215625 0.00625 0.0234375