1 0.2234375 0.5453125 0.109375 0.2671875
1 0.5875 0.4015625 0.1765625 0.2015625
1 0.090625 0.634375 0.1109375 0.234375
1 0.571875 0.2328125 0.0703125 0.08125
1 0.503125 0.1640625 0.0515625 0.040625
1 0.6421875 0.175 0.0609375 0.046875
1 0.7390625 0.15625 0.0375 0.034375
1 0.4625 0.1890625 0.071875 0.0484375
1 0.025 0.6640625 0.05 0.209375
1 0.2875 0.2265625 0.0703125 0.065625
1 0.190625 0.2640625 0.06875 0.0671875
1 0.1078125 0.3078125 0.059375 0.059375
1 0.140625 0.2328125 0.046875 0.0453125
1 0.153125 0.2609375 0.040625 0.0546875
1 0.2359375 0.2234375 0.04375 0.053125
1 0.0875 0.2953125 0.0609375 0.05625
1 0.0375 0.3453125 0.0609375 0.0625
2 0.875 0.26875 0.0109375 0.0359375
2 0.0171875 0.2796875 0.0046875 0.028125