1 0.1984375 0.5703125 0.1046875 0.25
1 0.3390625 0.534375 0.1578125 0.2890625
1 0.809375 0.3453125 0.1125 0.1375
1 0.09375 0.584375 0.090625 0.278125
1 0.4078125 0.2625 0.059375 0.0859375
1 0.4890625 0.4734375 0.2046875 0.2171875
1 0.278125 0.184375 0.05625 0.0453125
1 0.6703125 0.3859375 0.16875 0.1671875
1 0.334375 0.28125 0.0546875 0.1078125
1 0.6 0.1546875 0.065625 0.04375
1 0.265625 0.3 0.05 0.1078125
1 0.5875 0.4046875 0.175 0.19375
1 0.203125 0.325 0.04375 0.0921875
1 0.528125 0.1734375 0.078125 0.046875
1 0.0953125 0.3625 0.0578125 0.11875
1 0.5421875 0.228125 0.0890625 0.09375
1 0.4125 0.1765625 0.0546875 0.04375
1 0.046875 0.390625 0.05625 0.1125
1 0.6625 0.225 0.0796875 0.0796875
1 0.1921875 0.2453125 0.0625 0.0578125
1 0.6046875 0.228125 0.0703125 0.06875
1 0.74375 0.1671875 0.040625 0.0375
1 0.93125 0.28125 0.040625 0.0515625
1 0.71875 0.225 0.08125 0.0921875
1 0.1515625 0.3453125 0.0578125 0.10625
1 0.690625 0.16875 0.059375 0.046875
1 0.8875 0.1953125 0.01875 0.0234375
1 0.409375 0.1390625 0.0515625 0.0359375
1 0.0484375 0.2984375 0.0453125 0.09375
1 0.8421875 0.184375 0.028125 0.028125
1 0.79375 0.15625 0.0234375 0.021875
1 0.5484375 0.1015625 0.025 0.0140625
2 0.8765625 0.253125 0.009375 0.0328125
2 0.1703125 0.1828125 0.00625 0.028125
2 0.296875 0.1359375 0.00625 0.0234375
2 0.0765625 0.234375 0.00625 0.025
2 0.1796875 0.184375 0.00625 0.028125