1 0.08125 0.6140625 0.1078125 0.2625
1 0.196875 0.553125 0.1125 0.2625
1 0.340625 0.5359375 0.1203125 0.303125
1 0.4875 0.45 0.1984375 0.2484375
1 0.5890625 0.4015625 0.171875 0.2015625
1 0.115625 0.375 0.0609375 0.1109375
1 0.2375 0.30625 0.059375 0.1140625
1 0.0265625 0.3359375 0.053125 0.059375
1 0.778125 0.3671875 0.13125 0.1578125
1 0.725 0.3953125 0.146875 0.1953125
1 0.61875 0.2328125 0.0765625 0.0671875
1 0.0171875 0.6109375 0.0328125 0.2640625
1 0.5078125 0.1515625 0.0609375 0.034375
1 0.94375 0.2609375 0.0328125 0.0359375
1 0.675 0.228125 0.0796875 0.078125
1 0.3796875 0.2046875 0.0640625 0.0546875
1 0.9 0.2109375 0.0234375 0.0265625
1 0.2484375 0.2359375 0.0875 0.0796875
1 0.5546875 0.178125 0.0625 0.0421875
1 0.125 0.2640625 0.078125 0.09375
1 0.90625 0.2984375 0.0640625 0.071875
1 0.478125 0.1671875 0.059375 0.0359375
1 0.3765625 0.1875 0.075 0.046875
1 0.571875 0.1640625 0.0609375 0.0359375
2 0.9109375 0.346875 0.015625 0.071875
2 0.959375 0.334375 0.0109375 0.0546875