1 0.28125 0.5625 0.1171875 0.24375
1 0.1015625 0.6140625 0.1125 0.2328125
1 0.69375 0.3828125 0.15625 0.1921875
1 0.1375 0.3703125 0.0578125 0.0984375
1 0.5875 0.4015625 0.175 0.203125
1 0.36875 0.265625 0.0609375 0.1
1 0.5078125 0.1515625 0.065625 0.0375
1 0.29375 0.225 0.08125 0.075
1 0.584375 0.2296875 0.0765625 0.0765625
1 0.640625 0.2265625 0.0703125 0.0734375
1 0.4375 0.2515625 0.0640625 0.0890625
1 0.48125 0.4703125 0.1828125 0.21875
1 0.9046875 0.296875 0.0671875 0.0703125
1 0.425 0.16875 0.0703125 0.0390625
1 0.7578125 0.1546875 0.0328125 0.028125
1 0.1046875 0.2859375 0.0484375 0.05625
1 0.7265625 0.165625 0.0265625 0.0328125
1 0.603125 0.1453125 0.0515625 0.0375
1 0.0578125 0.334375 0.05625 0.0609375
1 0.0140625 0.3625 0.028125 0.0484375
1 0.4125 0.2015625 0.08125 0.053125
1 0.70625 0.1625 0.021875 0.0359375
1 0.378125 0.1671875 0.04375 0.046875
1 0.4453125 0.140625 0.05625 0.0359375
1 0.1578125 0.28125 0.0734375 0.0671875
1 0.803125 0.153125 0.025 0.0265625
1 0.1875 0.246875 0.05625 0.0421875
1 0.15625 0.2203125 0.0484375 0.0515625
1 0.5921875 0.178125 0.0734375 0.04375
2 0.6921875 0.1203125 0.00625 0.021875
2 0.7109375 0.121875 0.0046875 0.0203125