1 0.5875 0.403125 0.1765625 0.196875
1 0.01875 0.64375 0.0375 0.20625
1 0.2734375 0.296875 0.0484375 0.0984375
1 0.6171875 0.23125 0.075 0.0734375
1 0.6984375 0.3859375 0.146875 0.1625
1 0.4703125 0.190625 0.0765625 0.0484375
1 0.2140625 0.2375 0.0671875 0.053125
1 0.753125 0.3671875 0.1390625 0.1375
1 0.3203125 0.2171875 0.084375 0.06875
1 0.665625 0.221875 0.0671875 0.0734375
1 0.503125 0.1625 0.0546875 0.0375
1 0.81875 0.3515625 0.109375 0.1140625
1 0.85625 0.3390625 0.084375 0.10625
1 0.91875 0.246875 0.034375 0.0375
1 0.59375 0.1765625 0.0703125 0.04375
1 0.6875 0.1765625 0.05625 0.0421875
1 0.1421875 0.2921875 0.0734375 0.0640625
1 0.903125 0.29375 0.0640625 0.0640625
1 0.0953125 0.2859375 0.0609375 0.0734375
2 0.2703125 0.7421875 0.071875 0.1796875
2 0.934375 0.315625 0.0125 0.05625
2 0.853125 0.228125 0.0078125 0.046875
2 0.8640625 0.2375 0.0078125 0.0390625