1 0.825 0.3265625 0.1109375 0.1109375
1 0.5875 0.4046875 0.1765625 0.196875
1 0.734375 0.2234375 0.0734375 0.0828125
1 0.6921875 0.1390625 0.0421875 0.0296875
1 0.034375 0.3484375 0.06875 0.0640625
1 0.3921875 0.2078125 0.08125 0.0546875
1 0.5125 0.1765625 0.0796875 0.0609375
1 0.3328125 0.2 0.075 0.0515625
1 0.6171875 0.1734375 0.0625 0.046875
1 0.6875 0.1 0.0203125 0.01875
1 0.1359375 0.29375 0.065625 0.059375
1 0.90625 0.2984375 0.065625 0.071875
1 0.425 0.175 0.0703125 0.040625
1 0.078125 0.3015625 0.0484375 0.05
1 0.396875 0.1625 0.053125 0.040625
1 0.25 0.2484375 0.08125 0.0625
1 0.1515625 0.2578125 0.0640625 0.0390625
2 0.715625 0.1390625 0.009375 0.0359375
2 0.5703125 0.103125 0.00625 0.028125