1 0.2875 0.546875 0.203125 0.20625
1 0.31875 0.1953125 0.0796875 0.0625
1 0.5875 0.4015625 0.1765625 0.196875
1 0.63125 0.1765625 0.0640625 0.040625
1 0.8671875 0.1734375 0.028125 0.0265625
1 0.684375 0.1640625 0.046875 0.0328125
1 0.75 0.15 0.0234375 0.0265625
1 0.9328125 0.1890625 0.025 0.0328125
1 0.9046875 0.2984375 0.0703125 0.071875
1 0.725 0.153125 0.03125 0.0328125
2 0.2578125 0.2609375 0.0171875 0.071875
2 0.2796875 0.2578125 0.01875 0.06875
2 0.89375 0.24375 0.0078125 0.03125
2 0.9140625 0.259375 0.00625 0.0328125