1 0.4296875 0.16875 0.0671875 0.040625
1 0.5671875 0.1640625 0.06875 0.0390625
1 0.4671875 0.4828125 0.1609375 0.221875
1 0.3125 0.1625 0.053125 0.0421875
1 0.2671875 0.209375 0.0640625 0.0421875
1 0.696875 0.39375 0.1640625 0.16875
1 0.0453125 0.30625 0.0453125 0.0515625
1 0.5875 0.4015625 0.1765625 0.2015625
1 0.090625 0.384375 0.053125 0.1046875
1 0.7984375 0.246875 0.06875 0.06875
1 0.1828125 0.20625 0.0484375 0.053125
1 0.146875 0.35625 0.0609375 0.1125
1 0.7671875 0.3578125 0.1453125 0.178125
1 0.8875 0.209375 0.021875 0.0265625
1 0.7359375 0.15 0.034375 0.03125
1 0.65625 0.15 0.0484375 0.0359375
1 0.2359375 0.2484375 0.078125 0.0609375
1 0.7109375 0.178125 0.0484375 0.0390625
1 0.484375 0.1328125 0.0421875 0.0328125
1 0.0671875 0.265625 0.03125 0.0375
1 0.884375 0.1828125 0.0234375 0.0171875
1 0.840625 0.171875 0.0203125 0.025
1 0.675 0.13125 0.0359375 0.0328125
1 0.515625 0.1390625 0.0453125 0.0328125
1 0.534375 0.1484375 0.0484375 0.0390625
1 0.00625 0.425 0.0109375 0.05
2 0.6234375 0.1140625 0.0046875 0.0234375
2 0.909375 0.2640625 0.00625 0.0234375
2 0.025 0.79375 0.05 0.1328125
2 0.021875 0.2734375 0.00625 0.0265625
2 0.890625 0.253125 0.0078125 0.028125
2 0.5203125 0.103125 0.0046875 0.025
2 0.6390625 0.1125 0.0046875 0.021875
2 0.371875 0.1234375 0.00625 0.0234375
2 0.034375 0.2671875 0.0046875 0.015625