1 0.309375 0.5328125 0.15 0.2125
1 0.14375 0.5796875 0.0953125 0.253125
1 0.034375 0.6578125 0.0671875 0.2234375
1 0.5875 0.4046875 0.1765625 0.1953125
1 0.69375 0.3921875 0.1421875 0.1703125
1 0.2703125 0.2984375 0.0484375 0.0953125
1 0.7625 0.275 0.0828125 0.0703125
1 0.46875 0.4546875 0.153125 0.1953125
1 0.559375 0.234375 0.0734375 0.075
1 0.346875 0.2765625 0.053125 0.103125
1 0.6359375 0.1734375 0.0625 0.04375
1 0.15 0.346875 0.05625 0.1140625
1 0.4125 0.25625 0.06875 0.0921875
1 0.828125 0.3578125 0.109375 0.11875
1 0.4765625 0.246875 0.0734375 0.0875
1 0.29375 0.2046875 0.071875 0.059375
1 0.0921875 0.378125 0.0546875 0.10625
1 0.45 0.1875 0.0796875 0.0546875
1 0.4953125 0.1671875 0.059375 0.04375
1 0.3921875 0.175 0.0515625 0.040625
1 0.8625 0.340625 0.0875 0.103125
1 0.8859375 0.2234375 0.0390625 0.0375
1 0.3546875 0.2109375 0.0828125 0.0546875
1 0.8453125 0.203125 0.034375 0.0359375
1 0.1125 0.3 0.065625 0.0625
1 0.74375 0.2296875 0.075 0.0609375
1 0.7875 0.2375 0.059375 0.0640625
1 0.0171875 0.4265625 0.034375 0.10625
1 0.90625 0.2984375 0.065625 0.071875
1 0.04375 0.3359375 0.053125 0.0640625
1 0.221875 0.2546875 0.075 0.0578125
2 0.228125 0.5234375 0.0515625 0.1625
2 0.7328125 0.4859375 0.0359375 0.1484375
2 0.721875 0.3109375 0.0203125 0.0875
2 0.603125 0.203125 0.0109375 0.04375
2 0.7484375 0.1953125 0.0078125 0.0265625