1 0.4015625 0.5828125 0.2671875 0.2734375
1 0.1171875 0.3421875 0.234375 0.190625
1 0.065625 0.4203125 0.13125 0.203125
1 0.2140625 0.29375 0.221875 0.165625
1 0.43125 0.1890625 0.1203125 0.1015625
1 0.6390625 0.2859375 0.0890625 0.10625
1 0.60625 0.421875 0.1484375 0.1953125
1 0.621875 0.3453125 0.121875 0.128125
1 0.39375 0.1109375 0.065625 0.0640625
1 0.4515625 0.1671875 0.1390625 0.1046875
1 0.284375 0.2421875 0.23125 0.1828125
1 0.7296875 0.171875 0.1109375 0.1171875
1 0.35 0.20625 0.15 0.128125
1 0.59375 0.121875 0.090625 0.0734375
1 0.78125 0.103125 0.0390625 0.0265625
1 0.5 0.1609375 0.125 0.1015625
1 0.771875 0.0640625 0.028125 0.0296875
1 0.6421875 0.10625 0.0515625 0.0546875
1 0.5234375 0.1375 0.11875 0.0890625
1 0.55625 0.1296875 0.0875 0.0765625
1 0.7859375 0.1765625 0.1140625 0.0921875
2 0.821875 0.1015625 0.009375 0.0328125