1 0.1234375 0.334375 0.246875 0.2140625
1 0.015625 0.5140625 0.03125 0.1515625
1 0.4421875 0.5625 0.328125 0.2921875
1 0.546875 0.1359375 0.1078125 0.0765625
1 0.428125 0.1890625 0.125 0.103125
1 0.234375 0.284375 0.196875 0.1890625
1 0.6390625 0.2859375 0.0875 0.1078125
1 0.715625 0.1609375 0.0828125 0.0609375
1 0.3375 0.2234375 0.15625 0.115625
1 0.609375 0.4234375 0.1375 0.190625
1 0.590625 0.121875 0.0953125 0.0734375
1 0.3171875 0.25 0.125 0.128125
1 0.615625 0.1046875 0.0671875 0.053125
1 0.3515625 0.190625 0.1609375 0.1125
1 0.746875 0.0640625 0.0359375 0.028125
1 0.66875 0.2140625 0.0359375 0.05
1 0.5609375 0.078125 0.0359375 0.0375
1 0.621875 0.346875 0.121875 0.1296875
1 0.74375 0.2484375 0.184375 0.1234375
2 0.421875 0.1015625 0.0140625 0.071875
2 0.446875 0.1078125 0.015625 0.0671875