1 0.175 0.5828125 0.0984375 0.2265625
1 0.3703125 0.5765625 0.0953125 0.2125
1 0.434375 0.4296875 0.06875 0.1125
1 0.5796875 0.5140625 0.121875 0.1640625
1 0.684375 0.3875 0.0828125 0.0921875
1 0.715625 0.340625 0.071875 0.05625
1 0.8984375 0.4 0.1265625 0.08125
1 0.903125 0.5375 0.1265625 0.15625
1 0.5578125 0.284375 0.0484375 0.090625
1 0.475 0.3484375 0.059375 0.08125
1 0.4328125 0.3046875 0.0328125 0.0578125
1 0.403125 0.3484375 0.05625 0.0921875
1 0.346875 0.3796875 0.0640625 0.1140625
1 0.3296875 0.2984375 0.0640625 0.05625
1 0.2265625 0.3890625 0.0453125 0.1
1 0.1671875 0.346875 0.071875 0.096875
1 0.28125 0.3265625 0.0359375 0.090625
1 0.3875 0.25 0.05 0.05625