1 0.9046875 0.728125 0.1890625 0.2140625
1 0.7734375 0.20625 0.0796875 0.078125
1 0.921875 0.215625 0.0390625 0.0625
1 0.896875 0.5640625 0.19375 0.2140625
1 0.04375 0.34375 0.034375 0.0390625
1 0.9796875 0.334375 0.0390625 0.08125
1 0.834375 0.1296875 0.0484375 0.0375
1 0.775 0.1046875 0.05625 0.04375
1 0.609375 0.0609375 0.0453125 0.03125
1 0.9765625 0.303125 0.046875 0.05625
1 0.8421875 0.1921875 0.040625 0.0546875
1 0.859375 0.45625 0.1703125 0.16875
1 0.821875 0.15625 0.03125 0.04375
1 0.3984375 0.028125 0.025 0.0265625
1 0.6546875 0.06875 0.0328125 0.0234375
1 0.715625 0.0921875 0.0546875 0.0421875
2 0.9078125 0.5859375 0.0375 0.078125
2 0.434375 0.1609375 0.0140625 0.053125
2 0.6671875 0.26875 0.0203125 0.0609375
2 0.3515625 0.246875 0.0140625 0.05
2 0.446875 0.1 0.0078125 0.04375
2 0.73125 0.128125 0.0078125 0.046875
2 0.3984375 0.065625 0.0078125 0.0265625
2 0.853125 0.153125 0.0109375 0.0390625
2 0.721875 0.121875 0.0078125 0.034375
2 0.46875 0.09375 0.0078125 0.0296875
2 0.5640625 0.15 0.009375 0.0328125
2 0.6921875 0.2953125 0.0421875 0.06875
2 0.153125 0.11875 0.00625 0.0265625
2 0.8703125 0.1609375 0.0078125 0.0328125
2 0.215625 0.1765625 0.0109375 0.0421875