1 0.9015625 0.7265625 0.1953125 0.215625
1 0.6109375 0.059375 0.05 0.03125
1 0.8359375 0.128125 0.046875 0.0390625
1 0.721875 0.0953125 0.0578125 0.0328125
1 0.0671875 0.171875 0.0296875 0.0359375
1 0.90625 0.1984375 0.0359375 0.05625
1 0.84375 0.1921875 0.0375 0.0515625
1 0.975 0.303125 0.0484375 0.0515625
1 0.4796875 0.025 0.0359375 0.021875
1 0.9921875 0.3734375 0.0140625 0.0546875
2 0.475 0.3421875 0.0234375 0.1046875
2 0.39375 0.4296875 0.03125 0.14375
2 0.5421875 0.1453125 0.015625 0.065625
2 0.2015625 0.1828125 0.0140625 0.0375
2 0.453125 0.1015625 0.00625 0.0359375
2 0.6796875 0.146875 0.0109375 0.0375
2 0.8359375 0.2078125 0.009375 0.04375
2 0.6390625 0.115625 0.0109375 0.0421875
2 0.109375 0.2859375 0.025 0.0703125
2 0.6203125 0.11875 0.0078125 0.0328125