1 0.903125 0.725 0.19375 0.215625
1 0.975 0.3109375 0.046875 0.0640625
1 0.8953125 0.5921875 0.19375 0.16875
1 0.834375 0.128125 0.05 0.0375
1 0.8703125 0.4734375 0.1625 0.15625
1 0.84375 0.3859375 0.1484375 0.13125
1 0.8140625 0.296875 0.10625 0.09375
1 0.7765625 0.103125 0.0546875 0.04375
1 0.9203125 0.2140625 0.0453125 0.0609375
1 0.6609375 0.084375 0.0515625 0.03125
1 0.84375 0.190625 0.0390625 0.053125
1 0.7203125 0.090625 0.0546875 0.0421875
1 0.6078125 0.0578125 0.040625 0.025
1 0.48125 0.025 0.0375 0.021875
1 0.7953125 0.246875 0.1 0.0859375
1 0.821875 0.15625 0.03125 0.04375
1 0.9609375 0.25625 0.0625 0.071875
2 0.3421875 0.6265625 0.028125 0.125
2 0.4375 0.15 0.0125 0.0625
2 0.20625 0.1734375 0.009375 0.05625
2 0.446875 0.0859375 0.0078125 0.034375
2 0.40625 0.1765625 0.0125 0.0375
2 0.521875 0.1734375 0.0125 0.0609375
2 0.5375 0.153125 0.0109375 0.05625
2 0.54375 0.1671875 0.009375 0.0671875
2 0.5609375 0.0890625 0.00625 0.0328125