1 0.9046875 0.7265625 0.190625 0.2140625
1 0.89375 0.56875 0.1953125 0.203125
1 0.7765625 0.1078125 0.0484375 0.0375
1 0.975 0.3109375 0.0484375 0.0625
1 0.8296875 0.3359375 0.125 0.109375
1 0.865625 0.4609375 0.171875 0.15625
1 0.834375 0.1296875 0.0484375 0.0375
1 0.921875 0.215625 0.0421875 0.0625
1 0.871875 0.159375 0.0390625 0.0515625
1 0.9609375 0.2828125 0.0625 0.0578125
1 0.2265625 0.0796875 0.025 0.028125
1 0.6515625 0.0703125 0.0453125 0.0296875
1 0.84375 0.1921875 0.0375 0.05625
1 0.990625 0.371875 0.01875 0.06875
1 0.840625 0.3921875 0.153125 0.10625
2 0.3765625 0.31875 0.021875 0.1109375
2 0.5234375 0.31875 0.0390625 0.0890625
2 0.3546875 0.221875 0.0171875 0.0671875
2 0.4453125 0.3421875 0.0171875 0.1015625
2 0.4984375 0.24375 0.01875 0.0890625
2 0.590625 0.2375 0.0171875 0.090625
2 0.4296875 0.390625 0.025 0.078125
2 0.546875 0.1625 0.0140625 0.0625
2 0.628125 0.1703125 0.009375 0.0671875
2 0.2375 0.1515625 0.009375 0.0515625
2 0.521875 0.1640625 0.0140625 0.0671875
2 0.4328125 0.1375 0.0109375 0.0390625
2 0.25 0.1484375 0.009375 0.0515625
2 0.65 0.1265625 0.009375 0.0328125
2 0.1234375 0.3546875 0.015625 0.090625
2 0.703125 0.2484375 0.0171875 0.0859375
2 0.6890625 0.103125 0.00625 0.0375
2 0.940625 0.3140625 0.009375 0.0390625
2 0.1578125 0.1140625 0.0078125 0.0296875
2 0.1046875 0.296875 0.0125 0.05625
2 0.7109375 0.2703125 0.0125 0.0625
2 0.596875 0.09375 0.00625 0.0328125
2 0.115625 0.2890625 0.0125 0.0484375
2 0.465625 0.10625 0.009375 0.0296875
2 0.1375 0.128125 0.0078125 0.0296875
2 0.771875 0.321875 0.0125 0.0515625
2 0.71875 0.1140625 0.009375 0.0359375