1 0.690625 0.9078125 0.3703125 0.18125
1 0.3265625 0.7625 0.2984375 0.3640625
1 0.09375 0.615625 0.1875 0.2390625
1 0.7390625 0.15 0.0265625 0.0375
1 0.0640625 0.2140625 0.0640625 0.0625
1 0.2703125 0.2 0.096875 0.0640625
1 0.784375 0.1640625 0.0328125 0.0390625
1 0.8484375 0.175 0.0359375 0.0421875
1 0.2859375 0.1140625 0.0484375 0.0375
1 0.1234375 0.1890625 0.0578125 0.0484375
1 0.8828125 0.1859375 0.034375 0.0421875
1 0.0796875 0.3296875 0.0484375 0.0578125
1 0.98125 0.2109375 0.0296875 0.04375
1 0.015625 0.2484375 0.03125 0.059375
1 0.009375 0.4921875 0.01875 0.053125
2 0.6625 0.4046875 0.0125 0.0546875
2 0.8421875 0.190625 0.0125 0.0625
2 0.296875 0.353125 0.025 0.10625