1 0.903125 0.7265625 0.19375 0.2140625
1 0.153125 0.1171875 0.028125 0.03125
1 0.04375 0.3390625 0.0328125 0.0359375
1 0.8609375 0.49375 0.1625 0.15625
1 0.25 0.0609375 0.025 0.0234375
2 0.378125 0.33125 0.0234375 0.109375
2 0.4046875 0.4578125 0.0296875 0.1390625
2 0.4203125 0.3875 0.025 0.13125
2 0.55 0.1734375 0.015625 0.0640625
2 0.5875 0.2265625 0.0171875 0.06875
2 0.09375 0.5171875 0.034375 0.0953125
2 0.44375 0.2046875 0.0109375 0.0609375
2 0.615625 0.15 0.015625 0.0578125
2 0.50625 0.1703125 0.0109375 0.053125
2 0.225 0.140625 0.0171875 0.0484375
2 0.7046875 0.2046875 0.0109375 0.0578125
2 0.4578125 0.096875 0.0078125 0.0390625
2 0.39375 0.1765625 0.00625 0.046875
2 0.4703125 0.0890625 0.0078125 0.0328125
2 0.7328125 0.13125 0.009375 0.025
2 0.5609375 0.0890625 0.00625 0.0328125
2 0.4796875 0.084375 0.00625 0.0375