1 0.9046875 0.728125 0.1890625 0.2140625
1 0.775 0.20625 0.078125 0.078125
1 0.8953125 0.5625 0.19375 0.215625
1 0.0453125 0.34375 0.0328125 0.0390625
1 0.9796875 0.3328125 0.0390625 0.08125
1 0.834375 0.1296875 0.0484375 0.0375
1 0.921875 0.215625 0.0390625 0.0625
1 0.775 0.1046875 0.05625 0.0421875
1 0.9765625 0.303125 0.046875 0.053125
1 0.6078125 0.0609375 0.04375 0.03125
1 0.821875 0.15625 0.03125 0.04375
1 0.0703125 0.1640625 0.034375 0.0390625
1 0.84375 0.1921875 0.0390625 0.05625
2 0.4859375 0.2203125 0.0125 0.0515625
2 0.446875 0.1015625 0.0078125 0.04375
2 0.6046875 0.1296875 0.0109375 0.0609375
2 0.346875 0.265625 0.0125 0.04375
2 0.684375 0.2796875 0.0234375 0.0921875
2 0.3984375 0.065625 0.0078125 0.028125
2 0.4671875 0.096875 0.0109375 0.040625
2 0.690625 0.1015625 0.0078125 0.0421875
2 0.2140625 0.1796875 0.0125 0.04375
2 0.73125 0.1234375 0.00625 0.0375
2 0.3703125 0.1296875 0.009375 0.0515625
2 0.6625 0.115625 0.0046875 0.0234375
2 0.721875 0.1234375 0.0078125 0.03125