1 0.690625 0.909375 0.365625 0.1796875
1 0.0828125 0.25 0.06875 0.06875
1 0.384375 0.1328125 0.040625 0.0375
1 0.671875 0.1359375 0.015625 0.0375
1 0.9828125 0.215625 0.0296875 0.0390625
1 0.19375 0.0859375 0.0265625 0.03125
1 0.0109375 0.5140625 0.021875 0.09375
2 0.934375 0.378125 0.0234375 0.0984375
2 0.9875 0.75625 0.0234375 0.1734375
2 0.7234375 0.446875 0.0265625 0.128125
2 0.5734375 0.3859375 0.015625 0.0640625
2 0.4171875 0.415625 0.0234375 0.1390625
2 0.1359375 0.3421875 0.015625 0.0578125
2 0.4515625 0.2796875 0.0171875 0.09375
2 0.5703125 0.1546875 0.0109375 0.04375
2 0.1609375 0.3390625 0.015625 0.0625
2 0.071875 0.3296875 0.0265625 0.06875
2 0.6625 0.4 0.0125 0.046875
2 0.225 0.2265625 0.0140625 0.0765625
2 0.4265625 0.43125 0.0234375 0.1203125
2 0.76875 0.434375 0.021875 0.09375
2 0.83125 0.25 0.0125 0.046875
2 0.7515625 0.43125 0.0203125 0.0625
2 0.3109375 0.234375 0.0171875 0.05625
2 0.1984375 0.2703125 0.01875 0.0828125
2 0.609375 0.2484375 0.0109375 0.0421875
2 0.8890625 0.2578125 0.0125 0.053125
2 0.8203125 0.2171875 0.009375 0.0421875
2 0.5171875 0.3625 0.0203125 0.0984375
2 0.5328125 0.3796875 0.0171875 0.053125
2 0.8453125 0.25625 0.015625 0.0390625
2 0.3609375 0.2640625 0.0140625 0.08125
2 0.9875 0.4265625 0.021875 0.1015625