1 0.7671875 0.2390625 0.1359375 0.1453125
1 0.4453125 0.3375 0.215625 0.1921875
1 0.259375 0.328125 0.26875 0.2671875
1 0.9859375 0.21875 0.028125 0.1171875
1 0.771875 0.0859375 0.090625 0.0515625
1 0.6234375 0.140625 0.0703125 0.0875
1 0.921875 0.1984375 0.075 0.1265625
1 0.5359375 0.1890625 0.15 0.1171875
1 0.2828125 0.1515625 0.1109375 0.0984375
1 0.209375 0.0984375 0.0765625 0.059375
1 0.6625 0.0640625 0.09375 0.053125
1 0.0421875 0.0734375 0.03125 0.028125
1 0.378125 0.15 0.1375 0.1296875
1 0.446875 0.1640625 0.1109375 0.1171875
1 0.259375 0.0609375 0.0609375 0.0375
1 0.85625 0.090625 0.0453125 0.021875
1 0.290625 0.0921875 0.090625 0.0625
1 0.015625 0.190625 0.0296875 0.0359375
1 0.0671875 0.3546875 0.134375 0.3390625
1 0.584375 0.0515625 0.0390625 0.0140625
1 0.3609375 0.09375 0.0828125 0.053125
2 0.45625 0.225 0.0203125 0.05625
2 0.175 0.0671875 0.0078125 0.0359375