1 0.7015625 0.590625 0.4984375 0.471875
1 0.04375 0.4046875 0.0859375 0.2078125
1 0.2234375 0.2734375 0.165625 0.1515625
1 0.0546875 0.2265625 0.109375 0.13125
1 0.45 0.3390625 0.228125 0.2015625
1 0.8453125 0.1859375 0.0734375 0.10625
1 0.984375 0.21875 0.03125 0.1171875
1 0.7609375 0.1609375 0.090625 0.109375
1 0.921875 0.1984375 0.0765625 0.125
1 0.64375 0.2109375 0.1390625 0.1328125
1 0.28125 0.153125 0.1125 0.1015625
1 0.084375 0.0984375 0.0375 0.0625
1 0.378125 0.1515625 0.1390625 0.1296875
1 0.534375 0.1140625 0.0578125 0.0625
1 0.684375 0.15 0.090625 0.0828125
1 0.4875 0.1109375 0.075 0.06875
1 0.446875 0.1703125 0.1203125 0.128125
1 0.625 0.13125 0.0734375 0.0625
1 0.528125 0.1921875 0.1265625 0.128125
1 0.35625 0.09375 0.0796875 0.0515625
2 0.6734375 0.35 0.0359375 0.0640625