1 0.5953125 0.81875 0.1390625 0.26875
1 0.69375 0.653125 0.153125 0.2203125
1 0.6609375 0.5 0.121875 0.11875
1 0.7859375 0.4515625 0.109375 0.1140625
0 0.9484375 0.3609375 0.103125 0.228125
1 0.6921875 0.3390625 0.0671875 0.0703125
1 0.5796875 0.3109375 0.0515625 0.06875
1 0.5484375 0.4078125 0.0703125 0.1015625
1 0.459375 0.4578125 0.0859375 0.121875
1 0.3734375 0.5984375 0.153125 0.20625
1 0.353125 0.4109375 0.090625 0.13125
1 0.421875 0.3671875 0.06875 0.0984375
1 0.1046875 0.45625 0.1578125 0.1640625
1 0.1796875 0.3875 0.0640625 0.1109375
1 0.14375 0.2875 0.0390625 0.0890625
1 0.209375 0.296875 0.05625 0.0765625
1 0.3171875 0.321875 0.05625 0.0921875
1 0.375 0.3 0.0390625 0.08125
1 0.4515625 0.2984375 0.0546875 0.071875