0 0.5109375 0.571875 0.2265625 0.4421875
1 0.7359375 0.60625 0.1296875 0.2171875
1 0.7453125 0.4359375 0.0859375 0.0984375
1 0.846875 0.4375 0.1078125 0.1015625
1 0.128125 0.59375 0.0890625 0.190625
1 0.2125 0.421875 0.078125 0.1078125
0 0.3078125 0.31875 0.0859375 0.1921875
1 0.20625 0.321875 0.0421875 0.0734375
1 0.1453125 0.3046875 0.0484375 0.09375
1 0.1765625 0.259375 0.034375 0.05
1 0.415625 0.3125 0.05625 0.071875
1 0.5625 0.3109375 0.040625 0.078125
1 0.61875 0.29375 0.028125 0.059375
1 0.44375 0.2671875 0.0640625 0.046875
0 0.7609375 0.309375 0.18125 0.1765625