0 0.434375 0.6921875 0.2390625 0.571875
1 0.1875 0.6328125 0.078125 0.2234375
1 0.11875 0.396875 0.0546875 0.14375
1 0.19375 0.40625 0.0609375 0.1265625
1 0.2109375 0.3265625 0.06875 0.08125
0 0.3640625 0.3328125 0.1 0.1609375
0 0.43125 0.2984375 0.1265625 0.18125
1 0.6859375 0.3953125 0.0890625 0.0609375
1 0.9390625 0.59375 0.121875 0.171875
1 0.6828125 0.3328125 0.059375 0.053125
1 0.6203125 0.3109375 0.040625 0.0609375
1 0.5109375 0.3234375 0.0453125 0.0515625
1 0.3046875 0.2890625 0.0296875 0.0734375