1 0.371875 0.6921875 0.1453125 0.221875
1 0.40625 0.5203125 0.084375 0.1375
1 0.4828125 0.4734375 0.0640625 0.140625
1 0.6484375 0.5875 0.1046875 0.1703125
1 0.8515625 0.4890625 0.0953125 0.13125
1 0.5921875 0.371875 0.0859375 0.1171875
1 0.5015625 0.3953125 0.0796875 0.10625
1 0.44375 0.34375 0.0625 0.0515625
1 0.3546875 0.2765625 0.0484375 0.0578125
0 0.303125 0.2375 0.0390625 0.103125
1 0.39375 0.2671875 0.0359375 0.0828125
1 0.44375 0.26875 0.0359375 0.0625
1 0.1421875 0.328125 0.0828125 0.1203125