1 0.1953125 0.4859375 0.1140625 0.15
1 0.1375 0.39375 0.0625 0.0984375
1 0.303125 0.340625 0.040625 0.0921875
1 0.378125 0.3234375 0.0546875 0.10625
1 0.4546875 0.3375 0.0484375 0.090625
1 0.478125 0.4484375 0.0828125 0.090625
1 0.5828125 0.3609375 0.0984375 0.096875
1 0.5890625 0.2765625 0.0375 0.071875
1 0.878125 0.5953125 0.115625 0.2125
1 0.8890625 0.484375 0.1765625 0.0875
0 0.509375 0.7453125 0.3171875 0.509375
1 0.7109375 0.8484375 0.2140625 0.2796875
0 0.2984375 0.2171875 0.040625 0.0859375
1 0.3484375 0.2578125 0.0265625 0.0359375