1 0.6609375 0.784375 0.2390625 0.43125
1 0.921875 0.8171875 0.15625 0.3640625
1 0.590625 0.5359375 0.0984375 0.159375
1 0.4734375 0.4875 0.0765625 0.2921875
1 0.5640625 0.428125 0.0234375 0.1
1 0.5984375 0.4265625 0.034375 0.059375
1 0.665625 0.490625 0.0546875 0.0875
1 0.7546875 0.496875 0.04375 0.06875
1 0.821875 0.540625 0.04375 0.0765625
1 0.884375 0.615625 0.0484375 0.090625
1 0.9328125 0.5828125 0.0578125 0.0984375
1 0.915625 0.48125 0.1671875 0.1328125
1 0.7671875 0.45625 0.034375 0.05625
1 0.79375 0.4328125 0.034375 0.0734375
1 0.5140625 0.334375 0.0453125 0.0890625
1 0.5828125 0.33125 0.046875 0.0671875