1 0.3125 0.178125 0.096875 0.1703125
1 0.1859375 0.19375 0.103125 0.1859375
1 0.025 0.215625 0.0484375 0.165625
1 0.246875 0.0140625 0.05625 0.028125
1 0.34375 0.025 0.0453125 0.0484375
1 0.3375 0.0984375 0.0640625 0.1140625
1 0.11875 0.028125 0.0359375 0.05625
1 0.303125 0.0140625 0.03125 0.028125
1 0.1875 0.0359375 0.01875 0.0484375
1 0.3359375 0.0390625 0.0421875 0.0359375
1 0.346875 0.0109375 0.05 0.021875
2 0.809375 0.5109375 0.0875 0.325
2 0.859375 0.3625 0.034375 0.171875
2 0.828125 0.4515625 0.0328125 0.215625