1 0.69375 0.2625 0.2171875 0.1765625
1 0.296875 0.18125 0.1015625 0.1796875
1 0.1859375 0.190625 0.103125 0.1765625
1 0.340625 0.10625 0.0640625 0.1171875
1 0.025 0.2140625 0.0484375 0.1703125
1 0.3359375 0.0390625 0.04375 0.040625
1 0.346875 0.03125 0.0375 0.05625
1 0.075 0.2 0.08125 0.18125
2 0.828125 0.340625 0.04375 0.18125
2 0.303125 0.0203125 0.0125 0.040625
2 0.303125 0.08125 0.015625 0.0296875
2 0.8515625 0.3390625 0.0203125 0.1609375
2 0.40625 0.015625 0.0078125 0.03125
2 0.453125 0.03125 0.0125 0.0390625
2 0.4125 0.0171875 0.0078125 0.0328125