1 0.1578125 0.7328125 0.1 0.1984375
1 0.846875 0.359375 0.0234375 0.0265625
1 0.675 0.3515625 0.0171875 0.028125
1 0.8046875 0.353125 0.0359375 0.0296875
1 0.7765625 0.36875 0.0265625 0.0375
2 0.275 0.553125 0.0171875 0.0828125
2 0.1734375 0.5859375 0.015625 0.0921875
2 0.640625 0.540625 0.028125 0.10625
2 0.5546875 0.3453125 0.0078125 0.03125
2 0.50625 0.3796875 0.0109375 0.0546875
2 0.190625 0.5140625 0.0125 0.0640625
2 0.178125 0.5171875 0.0125 0.0578125
2 0.3515625 0.3640625 0.00625 0.0265625
2 0.209375 0.3609375 0.0046875 0.021875
2 0.596875 0.31875 0.00625 0.0203125
2 0.21875 0.3671875 0.00625 0.0203125
2 0.1265625 0.4484375 0.0078125 0.025
2 0.125 0.4171875 0.00625 0.03125
2 0.228125 0.3640625 0.00625 0.0171875
2 0.2390625 0.35625 0.0046875 0.0234375