1 0.325 0.7765625 0.1546875 0.253125
1 0.409375 0.9765625 0.14375 0.04375
2 0.778125 0.46875 0.01875 0.0546875
2 0.253125 0.559375 0.015625 0.0921875
2 0.328125 0.5578125 0.021875 0.090625
2 0.3140625 0.5515625 0.0125 0.078125
2 0.065625 0.6484375 0.01875 0.0546875
2 0.234375 0.575 0.015625 0.075
2 0.49375 0.4 0.0109375 0.046875
2 0.1609375 0.4921875 0.0109375 0.05
2 0.646875 0.378125 0.009375 0.046875
2 0.0390625 0.653125 0.0234375 0.0703125
2 0.6578125 0.3890625 0.0078125 0.0484375
2 0.05 0.634375 0.0203125 0.0765625