1 0.246875 0.46875 0.1375 0.2109375
1 0.3453125 0.4140625 0.146875 0.175
1 0.3796875 0.328125 0.0796875 0.1046875
1 0.5234375 0.4203125 0.10625 0.2125
1 0.4640625 0.3140625 0.0796875 0.109375
1 0.528125 0.315625 0.0859375 0.096875
1 0.665625 0.4359375 0.1734375 0.153125
1 0.84375 0.4234375 0.090625 0.1125
1 0.6765625 0.309375 0.0859375 0.0859375
1 0.8171875 0.3234375 0.0546875 0.0625
1 0.8890625 0.415625 0.0796875 0.1
1 0.8046875 0.4296875 0.1046875 0.125
1 0.7453125 0.428125 0.1453125 0.159375
1 0.5859375 0.30625 0.090625 0.0984375
1 0.721875 0.3109375 0.065625 0.078125
1 0.6296875 0.3078125 0.075 0.0890625
1 0.784375 0.315625 0.0625 0.0671875
1 0.7609375 0.3171875 0.0453125 0.06875
1 0.1921875 0.29375 0.0640625 0.0625
2 0.284375 0.309375 0.0171875 0.0921875
2 0.2265625 0.2703125 0.0140625 0.078125
2 0.19375 0.321875 0.0203125 0.0890625
2 0.859375 0.2921875 0.0078125 0.0328125
2 0.8296875 0.3109375 0.00625 0.021875