1 0.465625 0.315625 0.084375 0.1109375
1 0.3796875 0.328125 0.0796875 0.103125
1 0.340625 0.3859375 0.0953125 0.1390625
1 0.7921875 0.4265625 0.134375 0.121875
1 0.5765625 0.3046875 0.090625 0.0984375
1 0.871875 0.41875 0.1140625 0.1140625
1 0.753125 0.31875 0.0578125 0.06875
1 0.63125 0.3078125 0.0796875 0.0875
1 0.7171875 0.3734375 0.0859375 0.103125
1 0.928125 0.4078125 0.075 0.0921875
1 0.6765625 0.3078125 0.071875 0.0765625
1 0.8109375 0.321875 0.0625 0.0609375
1 0.8546875 0.35625 0.053125 0.04375
1 0.615625 0.453125 0.1875 0.178125
1 0.91875 0.38125 0.075 0.0625
1 0.7140625 0.30625 0.0703125 0.06875
2 0.440625 0.8265625 0.0625 0.309375
2 0.5203125 0.309375 0.0171875 0.0625
2 0.8296875 0.3109375 0.00625 0.0203125