1 0.346875 0.3796875 0.1109375 0.1359375
1 0.528125 0.3140625 0.084375 0.09375
1 0.3796875 0.325 0.075 0.1046875
1 0.465625 0.315625 0.084375 0.1109375
1 0.8125 0.321875 0.065625 0.0625
1 0.6328125 0.3015625 0.0984375 0.0984375
1 0.753125 0.315625 0.0578125 0.0625
1 0.903125 0.4265625 0.0828125 0.0890625
1 0.8421875 0.4109375 0.1171875 0.1375
1 0.76875 0.403125 0.1359375 0.1515625
1 0.6796875 0.3109375 0.065625 0.08125
1 0.7125 0.303125 0.0703125 0.0625
1 0.9828125 0.3875 0.0328125 0.06875
1 0.915625 0.3765625 0.078125 0.0546875
2 0.634375 0.4125 0.028125 0.140625
2 0.703125 0.35625 0.01875 0.075
2 0.9703125 0.3515625 0.0078125 0.034375
2 0.8296875 0.3109375 0.00625 0.01875