1 0.2890625 0.4421875 0.128125 0.1828125
1 0.7328125 0.425 0.140625 0.1359375
1 0.465625 0.315625 0.084375 0.1109375
1 0.346875 0.38125 0.109375 0.140625
1 0.525 0.3125 0.078125 0.09375
1 0.3796875 0.328125 0.08125 0.10625
1 0.8140625 0.4265625 0.121875 0.1375
1 0.578125 0.30625 0.0875 0.1
1 0.6328125 0.3078125 0.0765625 0.0859375
1 0.8734375 0.41875 0.103125 0.1125
1 0.7125 0.3109375 0.06875 0.0765625
1 0.6765625 0.3109375 0.0734375 0.0828125
1 0.81875 0.321875 0.05 0.0640625
1 0.753125 0.3171875 0.0578125 0.065625
1 0.8640625 0.3453125 0.0421875 0.046875
1 0.909375 0.4078125 0.0703125 0.0890625
1 0.9234375 0.396875 0.0578125 0.0796875
1 0.78125 0.315625 0.0515625 0.0703125
2 0.58125 0.246875 0.009375 0.0234375
2 0.8296875 0.3109375 0.0046875 0.0203125
2 0.5484375 0.246875 0.009375 0.0203125
2 0.9890625 0.4984375 0.0203125 0.1140625