1 0.246875 0.46875 0.1375 0.2109375
1 0.346875 0.396875 0.1359375 0.178125
1 0.4671875 0.315625 0.084375 0.1109375
1 0.375 0.3296875 0.0875 0.10625
1 0.7375 0.4265625 0.159375 0.1578125
1 0.528125 0.3140625 0.0859375 0.09375
1 0.6296875 0.3078125 0.0765625 0.0890625
1 0.5828125 0.309375 0.0828125 0.090625
1 0.8046875 0.4296875 0.1046875 0.1265625
1 0.8171875 0.3234375 0.0515625 0.0625
1 0.75625 0.3171875 0.053125 0.071875
1 0.7859375 0.315625 0.059375 0.0671875
1 0.84375 0.4234375 0.0890625 0.1109375
2 0.953125 0.559375 0.0328125 0.146875
2 0.9671875 0.5078125 0.0140625 0.0515625
2 0.9671875 0.540625 0.0171875 0.1171875
2 0.2578125 0.26875 0.0125 0.046875