1 0.465625 0.315625 0.084375 0.109375
1 0.340625 0.3859375 0.0953125 0.1390625
1 0.3796875 0.328125 0.0796875 0.103125
1 0.5734375 0.29375 0.0859375 0.0734375
1 0.86875 0.41875 0.1203125 0.1140625
1 0.7703125 0.415625 0.1109375 0.1453125
1 0.753125 0.31875 0.0578125 0.06875
1 0.6703125 0.30625 0.084375 0.0703125
1 0.8125 0.3234375 0.0640625 0.0640625
1 0.7125 0.309375 0.0703125 0.0734375
1 0.921875 0.40625 0.0734375 0.0875
1 0.925 0.38125 0.0609375 0.065625
1 0.984375 0.3875 0.03125 0.0671875
2 0.071875 0.3546875 0.0171875 0.0890625
2 0.8859375 0.359375 0.0109375 0.0375
2 0.7953125 0.3390625 0.0125 0.0609375
2 0.853125 0.2875 0.0078125 0.0359375
2 0.2359375 0.265625 0.015625 0.078125
2 0.2203125 0.2703125 0.0125 0.0765625
2 0.7875 0.340625 0.0109375 0.0609375