1 0.2703125 0.446875 0.1078125 0.1828125
1 0.35625 0.4 0.115625 0.1375
1 0.3796875 0.3265625 0.0796875 0.1015625
1 0.4671875 0.315625 0.084375 0.1078125
1 0.5234375 0.3125 0.0796875 0.0921875
1 0.7421875 0.4171875 0.15625 0.1703125
1 0.5765625 0.3046875 0.0875 0.09375
1 0.81875 0.4265625 0.1140625 0.1390625
1 0.63125 0.30625 0.075 0.0828125
1 0.753125 0.3140625 0.0609375 0.0609375
1 0.675 0.30625 0.0703125 0.0703125
1 0.7140625 0.30625 0.0671875 0.06875
1 0.8765625 0.415625 0.1046875 0.1109375
2 0.7859375 0.6734375 0.0734375 0.2359375
2 0.1453125 0.2515625 0.015625 0.0359375
2 0.29375 0.2234375 0.009375 0.0421875