1 0.465625 0.315625 0.084375 0.1109375
1 0.2453125 0.465625 0.1125 0.20625
1 0.653125 0.428125 0.159375 0.1609375
1 0.346875 0.3796875 0.1109375 0.1359375
1 0.3796875 0.325 0.075 0.1046875
1 0.6328125 0.3015625 0.0984375 0.0984375
1 0.8125 0.321875 0.065625 0.0625
1 0.840625 0.425 0.0875 0.1078125
1 0.753125 0.3140625 0.059375 0.0625
1 0.6796875 0.3109375 0.065625 0.08125
1 0.7140625 0.3046875 0.0703125 0.0625
1 0.8875 0.425 0.11875 0.103125
1 0.9828125 0.3875 0.0328125 0.065625
1 0.76875 0.403125 0.1359375 0.1515625
2 0.175 0.4875 0.0484375 0.16875
2 0.059375 0.490625 0.0296875 0.1609375
2 0.1859375 0.4859375 0.025 0.096875
2 0.0109375 0.4015625 0.021875 0.0640625