1 0.240625 0.4734375 0.146875 0.209375
1 0.346875 0.39375 0.1171875 0.1484375
1 0.6578125 0.4375 0.1828125 0.1640625
1 0.4640625 0.3140625 0.0875 0.1109375
1 0.3796875 0.328125 0.0796875 0.103125
1 0.5296875 0.3125 0.0921875 0.0921875
1 0.74375 0.428125 0.1484375 0.1578125
1 0.6484375 0.315625 0.0765625 0.0875
1 0.5921875 0.3015625 0.0875 0.1015625
1 0.8046875 0.428125 0.1046875 0.1265625
1 0.8171875 0.3234375 0.05625 0.0640625
1 0.775 0.3609375 0.08125 0.0625
1 0.7515625 0.3109375 0.0625 0.0609375
1 0.784375 0.3171875 0.0609375 0.06875
1 0.715625 0.3171875 0.065625 0.0703125
1 0.8671875 0.43125 0.1171875 0.10625
2 0.2359375 0.2765625 0.0140625 0.0734375
2 0.128125 0.3859375 0.0203125 0.1109375
2 0.7 0.3234375 0.0265625 0.05625
2 0.8375 0.3125 0.0140625 0.053125
2 0.971875 0.3484375 0.0078125 0.0296875