1 0.378125 0.328125 0.0796875 0.1046875
1 0.4640625 0.3140625 0.0890625 0.109375
1 0.5296875 0.315625 0.0890625 0.0921875
1 0.7375 0.428125 0.1609375 0.15625
1 0.5859375 0.3109375 0.0890625 0.0890625
1 0.871875 0.425 0.1109375 0.1109375
1 0.65 0.3140625 0.0765625 0.0859375
1 0.675 0.3046875 0.0890625 0.0890625
1 0.8046875 0.428125 0.1046875 0.128125
1 0.74375 0.3109375 0.0765625 0.0609375
1 0.815625 0.3234375 0.05625 0.0640625
1 0.771875 0.3578125 0.071875 0.0609375
1 0.784375 0.3171875 0.059375 0.0703125
2 0.0890625 0.3390625 0.0265625 0.0875