1 0.4265625 0.34375 0.1296875 0.1609375
1 0.5359375 0.3296875 0.134375 0.15625
1 0.94375 0.3140625 0.1109375 0.1328125
1 0.84375 0.296875 0.1375 0.1203125
1 0.9828125 0.271875 0.034375 0.0578125
1 0.30625 0.353125 0.178125 0.1765625
1 0.903125 0.4109375 0.190625 0.1796875
1 0.740625 0.3078125 0.1359375 0.1484375
2 0.4546875 0.5265625 0.0484375 0.2
2 0.90625 0.625 0.06875 0.246875
2 0.578125 0.5671875 0.059375 0.2078125
2 0.2703125 0.36875 0.0234375 0.1515625
2 0.2375 0.3734375 0.0328125 0.16875
2 0.9578125 0.5875 0.0359375 0.09375
2 0.6171875 0.4921875 0.03125 0.1390625