2 0.434375 0.7015625 0.021875 0.0890625
2 0.225 0.328125 0.009375 0.0453125
2 0.85625 0.2859375 0.0078125 0.0453125
2 0.98125 0.303125 0.0125 0.046875
2 0.3265625 0.2 0.0078125 0.03125
2 0.8765625 0.2890625 0.0078125 0.0375
2 0.940625 0.2109375 0.0078125 0.034375
2 0.5796875 0.1703125 0.0078125 0.034375
2 0.2390625 0.346875 0.009375 0.040625
2 0.128125 0.1890625 0.00625 0.021875
2 0.84375 0.2265625 0.00625 0.0390625
2 0.9546875 0.2140625 0.0078125 0.0359375
2 0.6078125 0.090625 0.0046875 0.01875
2 0.24375 0.3453125 0.0078125 0.0453125