1 0.0890625 0.178125 0.0265625 0.0265625
1 0.125 0.159375 0.0296875 0.0265625
1 0.46875 0.0125 0.01875 0.025
1 0.396875 0.0078125 0.01875 0.015625
2 0.56875 0.2453125 0.009375 0.0421875
2 0.3265625 0.4640625 0.015625 0.05625
2 0.165625 0.7265625 0.0421875 0.096875
2 0.6 0.1859375 0.00625 0.0328125
2 0.7796875 0.3234375 0.0109375 0.0546875
2 0.665625 0.190625 0.0078125 0.034375
2 0.8390625 0.375 0.0125 0.0625
2 0.7375 0.5265625 0.015625 0.075
2 0.90625 0.4265625 0.0140625 0.0578125
2 0.0546875 0.2828125 0.0046875 0.028125
2 0.71875 0.371875 0.0125 0.0578125
2 0.71875 0.45625 0.0109375 0.06875
2 0.6875 0.1984375 0.0046875 0.01875
2 0.75 0.3171875 0.009375 0.0375
2 0.096875 0.3765625 0.00625 0.03125
2 0.946875 0.453125 0.0109375 0.05
2 0.859375 0.3859375 0.0140625 0.0578125
2 0.765625 0.4234375 0.0140625 0.0578125
2 0.6859375 0.1109375 0.00625 0.0234375
2 0.65625 0.1890625 0.00625 0.0265625
2 0.3703125 0.2078125 0.00625 0.03125
2 0.3609375 0.209375 0.0078125 0.0328125
2 0.5 0.0859375 0.00625 0.021875
2 0.6515625 0.2109375 0.0046875 0.021875
2 0.13125 0.3671875 0.00625 0.03125
2 0.1015625 0.2671875 0.00625 0.025