1 0.221875 0.6390625 0.20625 0.246875
1 0.50625 0.9453125 0.20625 0.1078125
1 0.34375 0.484375 0.15625 0.1671875
1 0.7046875 0.4609375 0.1375 0.171875
1 0.4390625 0.365625 0.103125 0.128125
1 0.509375 0.290625 0.0828125 0.1015625
1 0.55 0.2390625 0.0609375 0.08125
1 0.5828125 0.2078125 0.053125 0.0703125
1 0.621875 0.1625 0.0359375 0.05625
1 0.6875 0.3375 0.078125 0.1140625
1 0.603125 0.1828125 0.0453125 0.0640625
1 0.6359375 0.14375 0.034375 0.053125
1 0.7046875 0.2765625 0.05625 0.1015625
1 0.7203125 0.240625 0.04375 0.078125
2 0.346875 0.321875 0.021875 0.1109375
2 0.6390625 0.084375 0.0078125 0.0375
2 0.65 0.0828125 0.0109375 0.0328125
2 0.7265625 0.1203125 0.009375 0.0265625
2 0.828125 0.053125 0.00625 0.028125
2 0.75 0.0859375 0.00625 0.0234375