1 0.06875 0.865625 0.1375 0.2625
1 0.3484375 0.48125 0.1453125 0.1703125
1 0.60625 0.7640625 0.2328125 0.3203125
1 0.5046875 0.290625 0.0875 0.1
1 0.2109375 0.640625 0.2171875 0.2640625
1 0.48125 0.9265625 0.2125 0.14375
1 0.578125 0.2078125 0.059375 0.0734375
1 0.7078125 0.26875 0.053125 0.0921875
1 0.6609375 0.1203125 0.028125 0.040625
1 0.721875 0.215625 0.046875 0.078125
1 0.6375 0.059375 0.0421875 0.0265625
1 0.8390625 0.0828125 0.0359375 0.021875
1 0.64375 0.14375 0.0328125 0.046875
1 0.621875 0.159375 0.046875 0.0640625
1 0.746875 0.125 0.0234375 0.040625
1 0.684375 0.0984375 0.0265625 0.0328125
1 0.734375 0.0796875 0.01875 0.0328125
1 0.75 0.075 0.0234375 0.0265625
1 0.69375 0.0671875 0.0421875 0.0296875
2 0.8234375 0.171875 0.0109375 0.059375
2 0.521875 0.1890625 0.0171875 0.06875
2 0.7125 0.0703125 0.00625 0.0265625
2 0.328125 0.16875 0.009375 0.0421875
2 0.509375 0.1953125 0.009375 0.0515625
2 0.40625 0.08125 0.009375 0.0375