1 0.06875 0.8734375 0.1375 0.246875
1 0.3484375 0.48125 0.14375 0.16875
1 0.4390625 0.3609375 0.1125 0.1390625
1 0.503125 0.915625 0.2296875 0.1671875
1 0.684375 0.346875 0.08125 0.1578125
1 0.55625 0.246875 0.071875 0.084375
1 0.578125 0.2015625 0.059375 0.0640625
1 0.6046875 0.18125 0.0453125 0.0625
1 0.690625 0.0640625 0.0390625 0.03125
1 0.675 0.10625 0.025 0.0359375
1 0.6796875 0.15625 0.0375 0.059375
1 0.628125 0.1625 0.0390625 0.0546875
1 0.65625 0.1265625 0.0296875 0.0421875
1 0.6375 0.140625 0.034375 0.0421875
2 0.778125 0.3703125 0.0171875 0.0859375
2 0.084375 0.590625 0.0375 0.1328125
2 0.51875 0.190625 0.015625 0.071875
2 0.50625 0.19375 0.0125 0.0640625
2 0.5 0.190625 0.009375 0.0640625
2 0.328125 0.159375 0.0109375 0.0625
2 0.2921875 0.08125 0.009375 0.04375
2 0.646875 0.0984375 0.009375 0.0296875