1 0.0828125 0.8609375 0.165625 0.2765625
1 0.4296875 0.6265625 0.1671875 0.23125
1 0.2390625 0.603125 0.2171875 0.2546875
1 0.365625 0.45625 0.1359375 0.1609375
1 0.521875 0.278125 0.08125 0.096875
1 0.5640625 0.225 0.059375 0.0765625
1 0.459375 0.3390625 0.1125 0.1421875
1 0.75625 0.103125 0.0171875 0.0359375
1 0.6109375 0.1765625 0.0390625 0.0609375
1 0.665625 0.1171875 0.028125 0.0375
1 0.625 0.1546875 0.0375 0.0578125
1 0.7296875 0.0828125 0.0203125 0.0359375
1 0.640625 0.1390625 0.034375 0.0484375
1 0.6703125 0.0625 0.040625 0.0265625
1 0.753125 0.0671875 0.0265625 0.0265625
1 0.678125 0.1015625 0.025 0.0328125
1 0.6890625 0.090625 0.021875 0.0328125
2 0.4390625 0.246875 0.021875 0.059375
2 0.403125 0.2859375 0.0140625 0.06875
2 0.796875 0.1625 0.009375 0.05
2 0.6015625 0.11875 0.009375 0.0484375
2 0.390625 0.0828125 0.0078125 0.0375
2 0.6265625 0.0921875 0.00625 0.034375
2 0.646875 0.065625 0.00625 0.025
2 0.34375 0.15 0.00625 0.040625