1 0.190625 0.66875 0.2109375 0.2703125
1 0.703125 0.309375 0.065625 0.1046875
1 0.3515625 0.4625 0.140625 0.1828125
1 0.4453125 0.3609375 0.1046875 0.1234375
1 0.6171875 0.1609375 0.0421875 0.0578125
1 0.7359375 0.096875 0.025 0.0296875
1 0.753125 0.1125 0.0203125 0.0328125
1 0.73125 0.1609375 0.0359375 0.0578125
1 0.50625 0.2875 0.08125 0.1
1 0.70625 0.06875 0.0421875 0.028125
1 0.546875 0.2359375 0.0671875 0.071875
1 0.659375 0.121875 0.0265625 0.0375
1 0.65625 0.0546875 0.0359375 0.0265625
1 0.6359375 0.1421875 0.0375 0.059375
1 0.6875 0.09375 0.028125 0.0328125
1 0.671875 0.109375 0.034375 0.040625
2 0.753125 0.3921875 0.025 0.1328125
2 0.29375 0.3375 0.0296875 0.1265625
2 0.375 0.09375 0.0078125 0.04375
2 0.390625 0.0828125 0.009375 0.0390625