1 0.7484375 0.834375 0.2078125 0.3015625
0 0.9203125 0.68125 0.159375 0.4375
0 0.9171875 0.3890625 0.165625 0.2625
1 0.621875 0.54375 0.1515625 0.1828125
1 0.4375 0.3671875 0.11875 0.1796875
1 0.5296875 0.3265625 0.115625 0.1921875
1 0.4953125 0.1765625 0.0921875 0.1296875
1 0.4046875 0.1109375 0.0640625 0.1109375
1 0.2625 0.2125 0.1015625 0.08125
1 0.20625 0.14375 0.0828125 0.0734375
1 0.3671875 0.0859375 0.0375 0.109375
1 0.75 0.2578125 0.0859375 0.1203125
1 0.6234375 0.2984375 0.0421875 0.15625
1 0.8046875 0.3421875 0.053125 0.121875
1 0.625 0.1828125 0.08125 0.0921875
1 0.69375 0.1671875 0.0515625 0.0859375