1 0.671875 0.7703125 0.1609375 0.2421875
1 0.9109375 0.753125 0.1671875 0.2078125
1 0.6421875 0.4890625 0.1765625 0.128125
1 0.4671875 0.4640625 0.09375 0.1125
1 0.384375 0.3203125 0.1015625 0.1
1 0.4375 0.2265625 0.0765625 0.1
1 0.3015625 0.2421875 0.0984375 0.0671875
0 0.2859375 0.1484375 0.2 0.178125
1 0.121875 0.1859375 0.0890625 0.0515625
0 0.5734375 0.296875 0.2109375 0.1703125
1 0.6734375 0.253125 0.0578125 0.0625
0 0.8578125 0.4125 0.2828125 0.328125
1 0.734375 0.2 0.0671875 0.059375
1 0.65625 0.1109375 0.0484375 0.05
1 0.5890625 0.1140625 0.0453125 0.040625
1 0.575 0.059375 0.0421875 0.04375
1 0.4828125 0.071875 0.0484375 0.0421875