1 0.946875 0.825 0.10625 0.2125
1 0.7296875 0.803125 0.2015625 0.2390625
1 0.790625 0.6125 0.1734375 0.1890625
0 0.7859375 0.3421875 0.3125 0.36875
1 0.6 0.4484375 0.0859375 0.2796875
1 0.5046875 0.4796875 0.0796875 0.1671875
1 0.3875 0.346875 0.0828125 0.1171875
1 0.4234375 0.2734375 0.0953125 0.1265625
0 0.415625 0.1671875 0.2109375 0.2140625
1 0.30625 0.2734375 0.0484375 0.1671875
1 0.2109375 0.221875 0.0625 0.0671875
0 0.2234375 0.109375 0.1296875 0.153125
1 0.0515625 0.13125 0.1015625 0.0671875
1 0.634375 0.159375 0.0875 0.0578125
0 0.571875 0.065625 0.0734375 0.109375