1 0.5828125 0.671875 0.1546875 0.1921875
1 0.7625 0.659375 0.1421875 0.1921875
1 0.9328125 0.9296875 0.134375 0.140625
1 0.934375 0.5671875 0.1296875 0.15625
1 0.66875 0.4953125 0.1546875 0.1703125
1 0.5078125 0.4640625 0.1140625 0.1359375
1 0.3875 0.3765625 0.09375 0.1421875
1 0.425 0.3015625 0.1046875 0.109375
1 0.521875 0.3390625 0.0828125 0.121875
1 0.5515625 0.2484375 0.0859375 0.1140625
0 0.63125 0.159375 0.1390625 0.2140625
1 0.828125 0.3609375 0.0859375 0.103125
1 0.85625 0.2875 0.09375 0.1078125
1 0.775 0.24375 0.0453125 0.121875
1 0.721875 0.2015625 0.0640625 0.1109375
1 0.9671875 0.38125 0.065625 0.1625
1 0.303125 0.303125 0.053125 0.1359375
1 0.2359375 0.259375 0.0421875 0.14375
1 0.3015625 0.203125 0.0953125 0.05625
0 0.35 0.1328125 0.2046875 0.178125
1 0.153125 0.203125 0.0828125 0.090625