1 0.4453125 0.4546875 0.1328125 0.109375
1 0.5296875 0.3875 0.1109375 0.1
1 0.346875 0.3515625 0.0921875 0.0734375
1 0.396875 0.303125 0.103125 0.0640625
1 0.1734375 0.246875 0.0625 0.0765625
1 0.2734375 0.2890625 0.053125 0.08125
1 0.2984375 0.2515625 0.0734375 0.103125
1 0.3828125 0.228125 0.0796875 0.0765625
1 0.3765625 0.1296875 0.0625 0.0734375
1 0.45625 0.14375 0.0234375 0.0703125
1 0.4890625 0.15 0.0265625 0.059375
1 0.4765625 0.09375 0.0359375 0.0421875
0 0.634375 0.2015625 0.0953125 0.16875
1 0.7375 0.3078125 0.0640625 0.1203125
0 0.8859375 0.409375 0.2046875 0.321875
1 0.90625 0.83125 0.1859375 0.2921875
1 0.103125 0.196875 0.065625 0.0625
1 0.1734375 0.16875 0.0578125 0.05625
1 0.0578125 0.21875 0.0734375 0.05625