1 0.1703125 0.396875 0.078125 0.121875
1 0.196875 0.3125 0.0546875 0.0921875
1 0.265625 0.2359375 0.0421875 0.0671875
1 0.3609375 0.196875 0.0296875 0.0640625
0 0.384375 0.8453125 0.13125 0.2171875
1 0.584375 0.7640625 0.0921875 0.203125
1 0.584375 0.9484375 0.1125 0.103125
1 0.7921875 0.5515625 0.1203125 0.1390625
0 0.821875 0.3078125 0.15 0.1890625
1 0.6390625 0.35625 0.0609375 0.140625
1 0.68125 0.2671875 0.0875 0.103125
0 0.646875 0.184375 0.0890625 0.146875
1 0.71875 0.1578125 0.0578125 0.1125
1 0.53125 0.2296875 0.0421875 0.05625
1 0.5453125 0.18125 0.0453125 0.0859375
1 0.946875 0.196875 0.0953125 0.0921875
1 0.9015625 0.2703125 0.0875 0.103125