0 0.3984375 0.8375 0.1890625 0.3234375
1 0.6 0.95 0.1140625 0.1
1 0.7140625 0.359375 0.0984375 0.1140625
1 0.8875 0.4296875 0.1109375 0.1125
1 0.8484375 0.3125 0.0671875 0.0765625
1 0.6515625 0.2515625 0.05625 0.0796875
1 0.684375 0.2171875 0.0609375 0.09375
1 0.71875 0.1734375 0.05625 0.1265625
1 0.7359375 0.1234375 0.0453125 0.0640625
1 0.5203125 0.1328125 0.0296875 0.05625
1 0.5484375 0.1515625 0.0328125 0.0859375
1 0.3859375 0.1609375 0.028125 0.0671875
1 0.246875 0.2328125 0.0640625 0.0890625
1 0.0328125 0.8390625 0.059375 0.271875
1 0.4453125 0.13125 0.0203125 0.0609375
1 0.425 0.10625 0.021875 0.0671875
1 0.4875 0.0859375 0.0234375 0.04375
1 0.6078125 0.1109375 0.0421875 0.08125
0 0.94375 0.3609375 0.1109375 0.228125