1 0.78125 0.5359375 0.1078125 0.1765625
0 0.39375 0.8375 0.1609375 0.3234375
1 0.1234375 0.721875 0.13125 0.33125
1 0.178125 0.303125 0.0703125 0.146875
1 0.4609375 0.221875 0.0578125 0.0984375
1 0.4171875 0.1140625 0.040625 0.0484375
1 0.025 0.4171875 0.0484375 0.16875
1 0.85 0.3875 0.08125 0.13125
0 0.68125 0.2515625 0.1078125 0.20625
1 0.76875 0.271875 0.0390625 0.103125
1 0.884375 0.2109375 0.046875 0.1
1 0.9625 0.4609375 0.075 0.165625
1 0.840625 0.2171875 0.0328125 0.1015625
1 0.9328125 0.153125 0.06875 0.128125
1 0.5578125 0.0828125 0.059375 0.0609375