1 0.309375 0.4015625 0.084375 0.159375
1 0.5578125 0.7515625 0.0859375 0.2328125
0 0.39375 0.8421875 0.1609375 0.2828125
1 0.6015625 0.953125 0.125 0.0921875
1 0.79375 0.3875 0.1203125 0.09375
1 0.871875 0.2859375 0.0578125 0.0640625
1 0.8828125 0.2078125 0.0515625 0.06875
1 0.821875 0.21875 0.0625 0.103125
1 0.7265625 0.1890625 0.059375 0.06875
1 0.753125 0.2984375 0.0703125 0.05
1 0.6171875 0.25625 0.0609375 0.0984375
1 0.6234375 0.175 0.046875 0.0484375
1 0.5953125 0.1234375 0.0328125 0.05625
1 0.5140625 0.1375 0.0234375 0.0515625
1 0.9640625 0.209375 0.071875 0.0859375