2 0.7984375 0.6515625 0.0640625 0.2421875
2 0.775 0.8921875 0.096875 0.2125
2 0.8890625 0.90625 0.0953125 0.1859375
2 0.0734375 0.415625 0.0421875 0.1875
2 0.528125 0.8109375 0.053125 0.1890625
2 0.4 0.3796875 0.0296875 0.1875
2 0.1234375 0.4265625 0.0421875 0.1765625
2 0.571875 0.871875 0.071875 0.2328125
2 0.265625 0.45 0.0546875 0.196875
2 0.2296875 0.45 0.0359375 0.1421875
2 0.125 0.3203125 0.0375 0.103125
2 0.2453125 0.3125 0.0375 0.1203125
2 0.18125 0.45625 0.0453125 0.2265625
2 0.1984375 0.4046875 0.03125 0.13125
2 0.203125 0.303125 0.025 0.0875
2 0.428125 0.7171875 0.009375 0.06875
2 0.28125 0.3234375 0.03125 0.125
2 0.13125 0.8609375 0.0359375 0.0734375
2 0.2 0.3546875 0.0375 0.103125
2 0.41875 0.26875 0.015625 0.0578125
2 0.178125 0.225 0.028125 0.1015625
2 0.15 0.2484375 0.0203125 0.0625
2 0.7703125 0.5265625 0.05625 0.1859375
2 0.3046875 0.2859375 0.021875 0.1234375
2 0.125 0.221875 0.015625 0.0453125
2 0.340625 0.2359375 0.0140625 0.0515625
2 0.4 0.3265625 0.03125 0.1171875
2 0.834375 0.5109375 0.0265625 0.0421875
2 0.321875 0.271875 0.021875 0.11875
2 0.75625 0.5328125 0.0296875 0.171875
2 0.3890625 0.1484375 0.009375 0.0328125
2 0.1484375 0.2859375 0.0203125 0.1421875
2 0.1390625 0.2078125 0.0140625 0.0609375
2 0.659375 0.99375 0.0265625 0.0125
2 0.8875 0.0375 0.025 0.0734375
2 0.5890625 0.36875 0.0125 0.04375
2 0.40625 0.2890625 0.0171875 0.0453125
2 0.29375 0.2703125 0.021875 0.121875
2 0.4234375 0.7484375 0.0203125 0.13125
2 0.284375 0.228125 0.01875 0.05625
2 0.259375 0.2359375 0.021875 0.071875
2 0.2125 0.13125 0.0125 0.0265625
2 0.225 0.1859375 0.015625 0.08125
2 0.834375 0.5015625 0.0125 0.0234375
2 0.896875 0.63125 0.028125 0.1140625
2 0.259375 0.2640625 0.009375 0.028125
2 0.271875 0.271875 0.0203125 0.0703125
2 0.9171875 0.6125 0.0703125 0.153125
2 0.8859375 0.584375 0.0203125 0.10625
2 0.215625 0.165625 0.0140625 0.0734375
2 0.9015625 0.56875 0.015625 0.06875
2 0.5421875 0.4546875 0.0125 0.071875
2 0.31875 0.24375 0.0140625 0.065625
2 0.4 0.309375 0.0234375 0.04375
2 0.1015625 0.89375 0.0234375 0.0390625
2 0.246875 0.1765625 0.015625 0.0859375
2 0.2703125 0.1625 0.0140625 0.0375
2 0.1203125 0.8765625 0.05625 0.10625
2 0.4234375 0.340625 0.0203125 0.1328125
2 0.871875 0.2171875 0.0171875 0.06875
2 0.2 0.15 0.0125 0.0375
2 0.259375 0.1703125 0.009375 0.065625
2 0.240625 0.15 0.009375 0.034375
2 0.4234375 0.2984375 0.0203125 0.0484375
2 0.26875 0.1984375 0.0171875 0.071875
2 0.16875 0.234375 0.009375 0.071875
2 0.3390625 0.253125 0.0171875 0.0890625
2 0.390625 0.1484375 0.00625 0.03125
2 0.1359375 0.2609375 0.0125 0.0546875
2 0.0078125 0.5046875 0.0140625 0.096875
2 0.3859375 0.15 0.00625 0.0296875
2 0.00625 0.4765625 0.0125 0.0453125