2 0.1421875 0.78125 0.0671875 0.2734375
2 0.3078125 0.840625 0.0578125 0.2984375
2 0.36875 0.8265625 0.065625 0.3328125
2 0.3890625 0.5859375 0.0421875 0.23125
2 0.2453125 0.55625 0.0375 0.1609375
2 0.2953125 0.5640625 0.0453125 0.1921875
2 0.428125 0.53125 0.0265625 0.15
2 0.1015625 0.69375 0.0625 0.2109375
2 0.48125 0.5890625 0.05625 0.1734375
2 0.178125 0.4078125 0.009375 0.021875
2 0.678125 0.759375 0.0390625 0.1546875
2 0.69375 0.4859375 0.0328125 0.1625
2 0.49375 0.4421875 0.0375 0.0984375
2 0.1328125 0.5828125 0.034375 0.0875
2 0.5328125 0.715625 0.040625 0.2734375
2 0.60625 0.509375 0.0390625 0.1328125
2 0.578125 0.4953125 0.0375 0.178125
2 0.6359375 0.5015625 0.03125 0.13125
2 0.4734375 0.4984375 0.021875 0.0796875
2 0.5875 0.396875 0.0171875 0.084375
2 0.5359375 0.5 0.0265625 0.1671875
2 0.85625 0.46875 0.028125 0.1453125
2 0.34375 0.75 0.090625 0.284375
2 0.496875 0.5234375 0.025 0.16875
2 0.659375 0.5359375 0.034375 0.1265625
2 0.721875 0.45 0.028125 0.0875
2 0.51875 0.521875 0.028125 0.16875
2 0.6140625 0.4125 0.0203125 0.1046875
2 0.5546875 0.49375 0.0234375 0.1578125
2 0.578125 0.35 0.0125 0.0453125
2 0.675 0.425 0.028125 0.1234375
2 0.74375 0.3890625 0.0234375 0.1125
2 0.5921875 0.7453125 0.0703125 0.1015625
2 0.6421875 0.4109375 0.025 0.1
2 0.75625 0.4046875 0.021875 0.0828125
2 0.6390625 0.24375 0.00625 0.0296875
2 0.6328125 0.884375 0.0703125 0.228125
2 0.8734375 0.5296875 0.0234375 0.10625
2 0.6609375 0.3671875 0.0203125 0.0984375
2 0.7015625 0.3921875 0.0203125 0.0671875
2 0.53125 0.5984375 0.021875 0.0390625
2 0.2171875 0.3640625 0.009375 0.0265625
2 0.75 0.3171875 0.015625 0.0453125
2 0.0515625 0.7375 0.0296875 0.0796875
2 0.840625 0.340625 0.0125 0.03125
2 0.365625 0.6671875 0.0484375 0.11875
2 0.80625 0.3046875 0.015625 0.046875
2 0.3578125 0.490625 0.015625 0.090625
2 0.7203125 0.3890625 0.01875 0.0703125
2 0.34375 0.6734375 0.090625 0.13125
2 0.39375 0.46875 0.0140625 0.0421875
2 0.3578125 0.46875 0.0140625 0.046875
2 0.8671875 0.3265625 0.0109375 0.03125
2 0.8015625 0.35 0.0171875 0.0515625
2 0.225 0.490625 0.0140625 0.0421875
2 0.78125 0.30625 0.0171875 0.046875
2 0.7515625 0.4734375 0.0234375 0.0671875
2 0.2203125 0.48125 0.0203125 0.0609375
2 0.571875 0.8765625 0.0765625 0.24375
2 0.7328125 0.3109375 0.015625 0.0703125
2 0.7828125 0.3859375 0.034375 0.1078125
2 0.840625 0.296875 0.015625 0.03125
2 0.5734375 0.740625 0.034375 0.0921875
2 0.828125 0.484375 0.0359375 0.1421875
2 0.103125 0.6359375 0.0578125 0.09375
2 0.0203125 0.5578125 0.009375 0.0234375
2 0.696875 0.33125 0.0171875 0.0671875
2 0.084375 0.7203125 0.0296875 0.15625
2 0.215625 0.5328125 0.034375 0.159375
2 0.45 0.3203125 0.0078125 0.025
2 0.7859375 0.3515625 0.0171875 0.0453125
2 0.74375 0.3546875 0.021875 0.04375
2 0.65 0.884375 0.034375 0.2265625
2 0.8 0.48125 0.025 0.1484375
2 0.6046875 0.3984375 0.0109375 0.0640625
2 0.471875 0.5640625 0.0234375 0.2125
2 0.8359375 0.3015625 0.0078125 0.0234375
2 0.784375 0.5296875 0.0296875 0.0828125
2 0.8484375 0.3046875 0.0140625 0.0375
2 0.7671875 0.3015625 0.0140625 0.0765625
2 0.015625 0.5515625 0.0171875 0.0359375
2 0.615625 0.35625 0.0078125 0.04375
2 0.775 0.340625 0.0125 0.0375
2 0.4109375 0.509375 0.01875 0.1078125
2 0.6875 0.709375 0.06875 0.253125
2 0.053125 0.79375 0.040625 0.1890625
2 0.4984375 0.4796875 0.0234375 0.08125
2 0.7921875 0.3046875 0.009375 0.046875
2 0.8765625 0.4453125 0.015625 0.0890625
2 0.6640625 0.6109375 0.028125 0.196875
2 0.021875 0.5765625 0.028125 0.06875
2 0.215625 0.4578125 0.0109375 0.0171875
2 0.3078125 0.5390625 0.0390625 0.1421875
2 0.7421875 0.296875 0.0140625 0.071875
2 0.753125 0.503125 0.0296875 0.128125
2 0.675 0.3296875 0.015625 0.0625
2 0.4015625 0.50625 0.0296875 0.1171875
2 0.71875 0.3140625 0.015625 0.0921875
2 0.6375 0.66875 0.03125 0.2
2 0.5921875 0.8140625 0.0703125 0.240625