2 0.1953125 0.3234375 0.03125 0.115625
2 0.684375 0.6421875 0.0453125 0.2140625
2 0.3421875 0.4640625 0.0390625 0.1765625
2 0.784375 0.8484375 0.0484375 0.284375
2 0.79375 0.6390625 0.0484375 0.2015625
2 0.4359375 0.409375 0.0296875 0.15625
2 0.609375 0.8640625 0.059375 0.26875
2 0.6765625 0.2171875 0.0125 0.0625
2 0.659375 0.96875 0.0296875 0.0625
2 0.659375 0.38125 0.034375 0.084375
2 0.3765625 0.3171875 0.01875 0.10625
2 0.396875 0.3796875 0.046875 0.0953125
2 0.5875 0.2171875 0.009375 0.0625
2 0.428125 0.1484375 0.0078125 0.0359375
2 0.5234375 0.8234375 0.0703125 0.3375
2 0.6109375 0.746875 0.053125 0.1015625
2 0.978125 0.1609375 0.0078125 0.034375
2 0.971875 0.1640625 0.0078125 0.028125
2 0.6859375 0.1609375 0.009375 0.0265625
2 0.3515625 0.1234375 0.0046875 0.0265625
2 0.13125 0.215625 0.0109375 0.065625
2 0.4859375 0.1546875 0.009375 0.0390625
2 0.3046875 0.3171875 0.0375 0.0875
2 0.56875 0.1625 0.0078125 0.028125
2 0.0890625 0.221875 0.0125 0.06875
2 0.1484375 0.2578125 0.0265625 0.1984375
2 0.45 0.159375 0.009375 0.0390625
2 0.0453125 0.1875 0.0140625 0.0609375
2 0.0609375 0.209375 0.015625 0.0640625
2 0.45625 0.165625 0.0046875 0.028125
2 0.075 0.203125 0.015625 0.0515625
2 0.0453125 0.125 0.0109375 0.0359375
2 0.0234375 0.1890625 0.015625 0.0578125
2 0.3375 0.1265625 0.00625 0.0265625
2 0.09375 0.1734375 0.009375 0.046875
2 0.4921875 0.1625 0.009375 0.03125
2 0.8046875 0.6859375 0.0171875 0.046875
2 0.4734375 0.153125 0.00625 0.040625
2 0.0328125 0.18125 0.0125 0.0671875
2 0.9265625 0.08125 0.009375 0.0265625
2 0.140625 0.1984375 0.0078125 0.0484375
2 0.1578125 0.1984375 0.0109375 0.0625
2 0.0609375 0.16875 0.0171875 0.0421875
2 0.453125 0.3890625 0.0234375 0.0828125
2 0.528125 0.4015625 0.0234375 0.04375
2 0.4453125 0.1671875 0.0046875 0.0265625
2 0.4484375 0.1609375 0.0078125 0.0359375
2 0.2953125 0.121875 0.0046875 0.0234375
2 0.446875 0.3828125 0.0125 0.06875
2 0.078125 0.16875 0.009375 0.0390625
2 0.1234375 0.1828125 0.0078125 0.0375
2 0.9125 0.1578125 0.00625 0.028125
2 0.6421875 0.1390625 0.00625 0.0265625
2 0.453125 0.125 0.00625 0.0328125
2 0.2078125 0.25 0.0078125 0.0328125
2 0.271875 0.2890625 0.01875 0.04375
2 0.359375 0.1171875 0.0046875 0.0328125
2 0.309375 0.303125 0.009375 0.015625
2 0.3 0.2796875 0.0171875 0.0609375
2 0.3140625 0.328125 0.021875 0.06875
2 0.8796875 0.4421875 0.0140625 0.0484375
2 0.56875 0.140625 0.0046875 0.0171875
2 0.8515625 0.1421875 0.0046875 0.028125
2 0.2890625 0.1328125 0.0046875 0.0140625
2 0.5515625 0.396875 0.009375 0.0328125
2 0.0625 0.128125 0.0078125 0.021875
2 0.1875 0.23125 0.0078125 0.0453125
2 0.6765625 0.153125 0.0078125 0.0390625
2 0.284375 0.13125 0.0046875 0.0140625
2 0.1890625 0.059375 0.0078125 0.04375
2 0.03125 0.1390625 0.009375 0.0421875
2 0.2 0.121875 0.00625 0.0359375
2 0.3453125 0.3703125 0.021875 0.0640625
2 0.240625 0.153125 0.00625 0.021875
2 0.346875 0.2890625 0.0125 0.0671875
2 0.753125 0.1625 0.00625 0.0296875
2 0.8 0.6609375 0.0296875 0.1
2 0.3 0.2625 0.0078125 0.03125
2 0.065625 0.1671875 0.0078125 0.0390625
2 0.565625 0.3984375 0.0109375 0.028125
2 0.525 0.1984375 0.009375 0.053125
2 0.7875 0.215625 0.00625 0.0546875
2 0.821875 0.21875 0.0046875 0.05625
2 0.0625 0.1375 0.009375 0.0421875
2 0.0078125 0.3671875 0.0140625 0.04375