2 0.046875 0.5765625 0.0453125 0.1890625
2 0.35625 0.5234375 0.0328125 0.1515625
2 0.8484375 0.2875 0.0125 0.078125
2 0.0125 0.475 0.025 0.1375
2 0.6765625 0.88125 0.0546875 0.2359375
2 0.453125 0.5109375 0.034375 0.11875
2 0.428125 0.5984375 0.0640625 0.20625
2 0.090625 0.1828125 0.0078125 0.0390625
2 0.7921875 0.284375 0.01875 0.08125
2 0.3921875 0.56875 0.034375 0.153125
2 0.625 0.5515625 0.040625 0.1328125
2 0.6953125 0.846875 0.046875 0.2796875
2 0.8078125 0.2890625 0.015625 0.075
2 0.3875 0.1234375 0.0078125 0.0359375
2 0.44375 0.553125 0.03125 0.1171875
2 0.19375 0.2125 0.0078125 0.0265625
2 0.459375 0.1171875 0.0109375 0.0359375
2 0.3421875 0.1421875 0.009375 0.0203125
2 0.16875 0.1203125 0.0046875 0.0203125
2 0.225 0.1296875 0.0078125 0.0125
2 0.034375 0.1359375 0.00625 0.0203125
2 0.821875 0.284375 0.0203125 0.075
2 0.34375 0.478125 0.0140625 0.059375
2 0.1828125 0.103125 0.0046875 0.0265625
2 0.203125 0.13125 0.0046875 0.01875
2 0.953125 0.1375 0.003125 0.009375
2 0.15625 0.1390625 0.0046875 0.0171875
2 0.0375 0.1328125 0.009375 0.028125
2 0.9 0.13125 0.003125 0.0109375
2 0.2125 0.1375 0.0046875 0.0171875
2 0.0140625 0.13125 0.0046875 0.0140625
2 0.375 0.1078125 0.0046875 0.0125
2 0.18125 0.496875 0.0171875 0.059375
2 0.34375 0.109375 0.0046875 0.0125
2 0.3078125 0.1328125 0.0046875 0.0109375
2 0.040625 0.13125 0.00625 0.0265625
2 0.0734375 0.1234375 0.0046875 0.0140625
2 0.728125 0.1609375 0.0078125 0.01875
2 0.3046875 0.140625 0.0109375 0.0265625
2 0.5125 0.103125 0.00625 0.0109375
2 0.0625 0.121875 0.0046875 0.015625
2 0.278125 0.5328125 0.0328125 0.1125
2 0.13125 0.115625 0.0046875 0.01875
2 0.828125 0.2875 0.0078125 0.0671875
2 0.4375 0.5578125 0.0171875 0.1015625
2 0.1015625 0.125 0.0046875 0.0171875
2 0.103125 0.1328125 0.0046875 0.03125
2 0.35 0.10625 0.0046875 0.0125
2 0.1375 0.1203125 0.0046875 0.0171875
2 0.4109375 0.10625 0.003125 0.0109375
2 0.3328125 0.1078125 0.003125 0.0171875
2 0.4671875 0.26875 0.021875 0.05
2 0.2265625 0.1296875 0.003125 0.0109375
2 0.4546875 0.1265625 0.0078125 0.01875
2 0.1078125 0.2171875 0.00625 0.0265625
2 0.725 0.1609375 0.00625 0.01875
2 0.221875 0.13125 0.003125 0.0109375