2 0.3875 0.4609375 0.0421875 0.2125
2 0.921875 0.5390625 0.0609375 0.2546875
2 0.1546875 0.35625 0.0140625 0.1015625
2 0.7015625 0.325 0.01875 0.065625
2 0.0859375 0.3015625 0.0140625 0.0609375
2 0.478125 0.3265625 0.0171875 0.0671875
2 0.0203125 0.2796875 0.009375 0.0484375
2 0.484375 0.36875 0.015625 0.08125
2 0.70625 0.3171875 0.009375 0.04375
2 0.48125 0.35 0.021875 0.115625
2 0.4796875 0.309375 0.0125 0.034375
2 0.840625 0.2875 0.0125 0.028125
2 0.0796875 0.2890625 0.0078125 0.0453125
2 0.5296875 0.1875 0.015625 0.0390625
2 0.8234375 0.24375 0.00625 0.03125
2 0.98125 0.4328125 0.0109375 0.046875
2 0.075 0.29375 0.009375 0.0421875
2 0.9796875 0.4546875 0.0140625 0.0921875
2 0.0296875 0.278125 0.0078125 0.05
2 0.009375 0.2765625 0.0109375 0.0390625
2 0.0140625 0.3734375 0.0109375 0.034375
2 0.9921875 0.284375 0.0109375 0.03125
2 0.0796875 0.278125 0.00625 0.0265625
2 0.5015625 0.3140625 0.009375 0.0390625
2 0.696875 0.3328125 0.0125 0.08125
2 0.1078125 0.3015625 0.0046875 0.01875
2 0.9796875 0.321875 0.0234375 0.078125
2 0.80625 0.2765625 0.0078125 0.015625