2 0.29375 0.934375 0.065625 0.13125
2 0.2515625 0.68125 0.0703125 0.1734375
2 0.6859375 0.7296875 0.05625 0.2484375
2 0.60625 0.7359375 0.0421875 0.225
2 0.7796875 0.75625 0.075 0.26875
2 0.65 0.575 0.040625 0.1875
2 0.66875 0.440625 0.0265625 0.1140625
2 0.83125 0.5640625 0.0359375 0.18125
2 0.1921875 0.3390625 0.015625 0.071875
2 0.4578125 0.3140625 0.0125 0.059375
2 0.284375 0.2734375 0.0140625 0.053125
2 0.859375 0.4609375 0.0265625 0.128125
2 0.3625 0.2390625 0.00625 0.03125
2 0.8109375 0.453125 0.0234375 0.121875
2 0.834375 0.3578125 0.0171875 0.0890625
2 0.9109375 0.4859375 0.03125 0.0921875
2 0.8921875 0.4578125 0.0265625 0.1390625
2 0.7609375 0.428125 0.0265625 0.103125
2 0.615625 0.2546875 0.01875 0.021875
2 0.5046875 0.2 0.0078125 0.0328125
2 0.303125 0.19375 0.0078125 0.0296875
2 0.934375 0.375 0.01875 0.0890625
2 0.7875 0.4359375 0.0171875 0.0515625
2 0.603125 0.2640625 0.0109375 0.025
2 0.4625 0.25 0.0140625 0.0296875
2 0.7890625 0.36875 0.0125 0.06875
2 0.7703125 0.4046875 0.0171875 0.1046875
2 0.9171875 0.4390625 0.015625 0.0484375
2 0.965625 0.3703125 0.015625 0.09375
2 0.8453125 0.2875 0.0109375 0.05625
2 0.8015625 0.3625 0.0140625 0.0875
2 0.8265625 0.2890625 0.0125 0.05625
2 0.8625 0.240625 0.00625 0.025
2 0.753125 0.303125 0.0140625 0.04375
2 0.81875 0.2015625 0.0078125 0.028125
2 0.740625 0.359375 0.0140625 0.059375
2 0.896875 0.2453125 0.0125 0.0625
2 0.7984375 0.2765625 0.0125 0.0484375
2 0.690625 0.375 0.0203125 0.03125
2 0.6265625 0.0375 0.0171875 0.06875
2 0.809375 0.3109375 0.009375 0.03125
2 0.775 0.35 0.0171875 0.06875
2 0.9171875 0.4109375 0.0203125 0.103125
2 0.540625 0.2703125 0.009375 0.0390625
2 0.459375 0.2484375 0.0078125 0.028125
2 0.7640625 0.7703125 0.0109375 0.0328125
2 0.890625 0.253125 0.0078125 0.04375
2 0.909375 0.2390625 0.009375 0.0484375
2 0.9234375 0.24375 0.009375 0.0421875
2 0.7578125 0.334375 0.0140625 0.059375
2 0.5859375 0.2390625 0.0046875 0.028125
2 0.4921875 0.20625 0.0046875 0.046875
2 0.95625 0.2703125 0.0125 0.034375
2 0.7875 0.3 0.00625 0.01875
2 0.7515625 0.21875 0.0046875 0.028125
2 0.584375 0.446875 0.0140625 0.01875
2 0.6890625 0.4109375 0.0203125 0.103125
2 0.6 0.421875 0.0125 0.0578125
2 0.6765625 0.1734375 0.00625 0.0234375
2 0.190625 0.165625 0.00625 0.0171875
2 0.940625 0.3859375 0.009375 0.0640625
2 0.684375 0.175 0.00625 0.028125
2 0.6109375 0.25625 0.009375 0.01875
2 0.3828125 0.1859375 0.0046875 0.0140625
2 0.465625 0.253125 0.0078125 0.0234375
2 0.7875 0.3109375 0.0078125 0.0421875
2 0.6125 0.259375 0.0296875 0.0328125
2 0.6859375 0.38125 0.015625 0.0453125