2 0.4046875 0.8140625 0.05625 0.2828125
2 0.35 0.7265625 0.0453125 0.271875
2 0.4640625 0.8 0.046875 0.3109375
2 0.3171875 0.73125 0.0390625 0.2625
2 0.5234375 0.953125 0.0703125 0.0921875
2 0.2953125 0.5625 0.03125 0.1890625
2 0.4359375 0.6359375 0.0625 0.184375
2 0.321875 0.53125 0.034375 0.1625
2 0.4734375 0.440625 0.0265625 0.109375
2 0.44375 0.51875 0.0265625 0.1109375
2 0.5609375 0.5109375 0.0359375 0.1671875
2 0.1015625 0.6953125 0.0625 0.2078125
2 0.584375 0.4015625 0.01875 0.1125
2 0.675 0.546875 0.0375 0.1390625
2 0.715625 0.5171875 0.0359375 0.121875
2 0.4890625 0.453125 0.0359375 0.10625
2 0.5125 0.53125 0.0296875 0.1765625
2 0.5703125 0.8640625 0.071875 0.2671875
2 0.4875 0.56875 0.0484375 0.1921875
2 0.6625 0.48125 0.0296875 0.14375
2 0.5375 0.5 0.0296875 0.1609375
2 0.85625 0.46875 0.028125 0.1375
2 0.3640625 0.490625 0.0265625 0.090625
2 0.690625 0.4859375 0.0296875 0.153125
2 0.6109375 0.515625 0.0375 0.125
2 0.5796875 0.35 0.0125 0.046875
2 0.803125 0.725 0.0609375 0.1171875
2 0.6328125 0.5609375 0.028125 0.0609375
2 0.634375 0.6515625 0.034375 0.240625
2 0.6640625 0.7125 0.0265625 0.0734375
2 0.1796875 0.409375 0.0109375 0.0234375
2 0.8359375 0.296875 0.0125 0.03125
2 0.621875 0.403125 0.01875 0.0953125
2 0.2375 0.553125 0.04375 0.16875
2 0.721875 0.421875 0.025 0.1171875
2 0.053125 0.7375 0.03125 0.08125
2 0.653125 0.403125 0.01875 0.09375
2 0.875 0.5296875 0.025 0.103125
2 0.7375 0.3171875 0.0171875 0.0765625
2 0.74375 0.425 0.028125 0.1265625
2 0.4875 0.475 0.028125 0.0625
2 0.26875 0.3640625 0.00625 0.0171875
2 0.7515625 0.3265625 0.015625 0.0703125
2 0.6703125 0.3984375 0.01875 0.0859375
2 0.80625 0.3015625 0.0125 0.0515625
2 0.70625 0.3421875 0.01875 0.0671875
2 0.015625 0.5515625 0.01875 0.0359375
2 0.2171875 0.3640625 0.009375 0.025
2 0.634375 0.8828125 0.0671875 0.23125
2 0.8671875 0.328125 0.0109375 0.03125
2 0.0578125 0.3546875 0.009375 0.0203125
2 0.559375 0.4046875 0.0140625 0.046875
2 0.69375 0.3953125 0.021875 0.0578125
2 0.23125 0.4875 0.0234375 0.0390625
2 0.6734375 0.3640625 0.021875 0.0953125
2 0.8 0.4765625 0.025 0.16875
2 0.634375 0.3734375 0.01875 0.0671875
2 0.721875 0.33125 0.01875 0.071875
2 0.39375 0.471875 0.015625 0.0484375
2 0.1234375 0.6125 0.0203125 0.0421875
2 0.6953125 0.334375 0.015625 0.0703125
2 0.8234375 0.725 0.021875 0.10625
2 0.4859375 0.521875 0.034375 0.15625
2 0.840625 0.3421875 0.0140625 0.028125
2 0.759375 0.3703125 0.0171875 0.071875
2 0.81875 0.4734375 0.021875 0.159375
2 0.834375 0.484375 0.0234375 0.1421875
2 0.8078125 0.340625 0.0125 0.0265625
2 0.7171875 0.2953125 0.0125 0.0546875
2 0.6296875 0.7328125 0.01875 0.075
2 0.759375 0.2796875 0.0171875 0.053125
2 0.796875 0.33125 0.0140625 0.040625
2 0.6484375 0.978125 0.0328125 0.0421875
2 0.771875 0.3421875 0.015625 0.04375
2 0.7890625 0.3140625 0.015625 0.0453125
2 0.8171875 0.421875 0.0171875 0.0609375
2 0.65 0.31875 0.01875 0.06875
2 0.6546875 0.7328125 0.0453125 0.1140625
2 0.6484375 0.3328125 0.015625 0.0484375
2 0.04375 0.825 0.05625 0.121875
2 0.83125 0.3 0.00625 0.01875
2 0.084375 0.71875 0.0296875 0.159375
2 0.75625 0.4609375 0.0265625 0.0921875
2 0.103125 0.6375 0.059375 0.090625
2 0.43125 0.4484375 0.0140625 0.0671875
2 0.6109375 0.4609375 0.0390625 0.0859375
2 0.7953125 0.371875 0.021875 0.0703125
2 0.546875 0.5 0.0171875 0.1578125
2 0.8828125 0.471875 0.0203125 0.1171875
2 0.5875 0.7625 0.034375 0.071875
2 0.2390625 0.5078125 0.040625 0.078125