2 0.109375 0.875 0.0703125 0.246875
2 0.628125 0.8765625 0.0625 0.24375
2 0.6546875 0.5984375 0.0421875 0.1875
2 0.6859375 0.609375 0.0265625 0.1625
2 0.7515625 0.55 0.0265625 0.1359375
2 0.853125 0.6171875 0.028125 0.1671875
2 0.8046875 0.5765625 0.028125 0.1640625
2 0.7859375 0.546875 0.0234375 0.1296875
2 0.83125 0.615625 0.0265625 0.1546875
2 0.053125 0.9140625 0.05625 0.16875
2 0.0875 0.9484375 0.0375 0.1015625
2 0.715625 0.5171875 0.01875 0.065625
2 0.94375 0.4046875 0.0125 0.0625
2 0.8515625 0.4 0.0109375 0.059375
2 0.59375 0.9421875 0.0578125 0.1140625
2 0.7890625 0.4265625 0.0109375 0.0578125
2 0.875 0.4375 0.0125 0.078125
2 0.915625 0.45 0.0125 0.071875
2 0.0734375 0.971875 0.0359375 0.0546875
2 0.865625 0.4390625 0.0125 0.075
2 0.896875 0.44375 0.0125 0.0734375
2 0.3421875 0.55 0.040625 0.0734375
2 0.3375 0.5390625 0.028125 0.05
2 0.828125 0.3953125 0.0125 0.0515625
2 0.809375 0.546875 0.0203125 0.103125
2 0.8859375 0.4453125 0.015625 0.0796875
2 0.959375 0.4609375 0.0140625 0.0671875
2 0.8109375 0.415625 0.009375 0.0546875
2 0.934375 0.44375 0.0125 0.0625
2 0.909375 0.4375 0.0125 0.0765625
2 0.8890625 0.3546875 0.0109375 0.0421875
2 0.746875 0.4484375 0.0109375 0.05
2 0.2375 0.7640625 0.0359375 0.0671875
2 0.9390625 0.6484375 0.025 0.05625
2 0.9796875 0.48125 0.0125 0.0515625
2 0.94375 0.3875 0.0109375 0.0421875
2 0.2375 0.64375 0.0296875 0.0828125
2 0.940625 0.3921875 0.0078125 0.0296875
2 0.8 0.4296875 0.0125 0.04375
2 0.9421875 0.453125 0.015625 0.0421875
2 0.91875 0.26875 0.0078125 0.0421875
2 0.9375 0.38125 0.0078125 0.0421875
2 0.671875 0.51875 0.0109375 0.0390625
2 0.9421875 0.49375 0.015625 0.121875