2 0.5515625 0.6703125 0.053125 0.259375
2 0.3 0.3328125 0.0328125 0.1375
2 0.0234375 0.4546875 0.046875 0.19375
2 0.490625 0.6703125 0.05 0.2765625
2 0.3484375 0.33125 0.0375 0.153125
2 0.9625 0.6859375 0.075 0.1984375
2 0.39375 0.334375 0.034375 0.146875
2 0.909375 0.64375 0.0625 0.203125
2 0.8609375 0.771875 0.0671875 0.2765625
2 0.4640625 0.1359375 0.015625 0.0625
2 0.078125 0.2375 0.0359375 0.1203125
2 0.5484375 0.0890625 0.0109375 0.04375
2 0.1875 0.25625 0.028125 0.1203125
2 0.159375 0.25625 0.0234375 0.1203125
2 0.3625 0.2359375 0.0171875 0.0625
2 0.121875 0.2109375 0.028125 0.1
2 0.9234375 0.0390625 0.009375 0.0296875
2 0.1359375 0.13125 0.0140625 0.0640625
2 0.175 0.1921875 0.0171875 0.0671875
2 0.0765625 0.1375 0.015625 0.06875
2 0.315625 0.10625 0.0109375 0.0359375
2 0.1390625 0.209375 0.0203125 0.1015625
2 0.64375 0.0375 0.00625 0.021875
2 0.4171875 0.0296875 0.015625 0.046875
2 0.7578125 0.58125 0.0296875 0.1140625
2 0.89375 0.0484375 0.00625 0.01875
2 0.3640625 0.03125 0.00625 0.03125
2 0.071875 0.1125 0.0171875 0.065625
2 0.571875 0.4140625 0.0125 0.03125
2 0.596875 0.028125 0.00625 0.0359375
2 0.0546875 0.115625 0.0125 0.0578125
2 0.74375 0.0296875 0.003125 0.01875
2 0.4578125 0.025 0.0046875 0.0234375
2 0.5765625 0.0703125 0.0046875 0.021875
2 0.703125 0.0375 0.0046875 0.0203125
2 0.6796875 0.1375 0.00625 0.028125
2 0.3109375 0.0234375 0.0046875 0.025
2 0.3375 0.23125 0.0078125 0.01875
2 0.2703125 0.18125 0.0171875 0.053125
2 0.0390625 0.0953125 0.009375 0.021875
2 0.1 0.0703125 0.0078125 0.03125
2 0.7875 0.0328125 0.0046875 0.0171875
2 0.6859375 0.0421875 0.003125 0.0109375
2 0.496875 0.0078125 0.00625 0.015625
2 0.2234375 0.1484375 0.0171875 0.0546875
2 0.5578125 0.4171875 0.0109375 0.034375
2 0.73125 0.03125 0.0046875 0.0140625
2 0.39375 0.03125 0.009375 0.046875
2 0.30625 0.0234375 0.0046875 0.0234375
2 0.671875 0.0109375 0.0046875 0.01875
2 0.7765625 0.0296875 0.0046875 0.0171875
2 0.2625 0.165625 0.0203125 0.078125
2 0.86875 0.025 0.0046875 0.025
2 0.715625 0.0109375 0.0046875 0.0171875
2 0.9859375 0.0109375 0.00625 0.01875
2 0.465625 0.34375 0.009375 0.0328125
2 0.4234375 0.0359375 0.0125 0.028125
2 0.709375 0.4984375 0.01875 0.04375
2 0.0546875 0.046875 0.0140625 0.05
2 0.465625 0.0125 0.00625 0.0234375
2 0.2421875 0.1640625 0.00625 0.0140625
2 0.5953125 0.015625 0.0046875 0.015625
2 0.2640625 0.1390625 0.0140625 0.0265625
2 0.971875 0.0125 0.0078125 0.025
2 0.021875 0.0140625 0.009375 0.028125
2 0.475 0.0109375 0.0046875 0.01875
2 0.5796875 0.4546875 0.0125 0.03125
2 0.309375 0.021875 0.009375 0.0296875
2 0.9578125 0.0109375 0.009375 0.021875
2 0.5984375 0.0359375 0.0046875 0.0203125
2 0.8890625 0.01875 0.0046875 0.0328125
2 0.1421875 0.0875 0.009375 0.03125
2 0.8515625 0.03125 0.00625 0.01875
2 0.025 0.01875 0.015625 0.0359375
2 0.8828125 0.0203125 0.0125 0.0390625
2 0.2765625 0.0296875 0.0078125 0.0421875
2 0.18125 0.1 0.0125 0.021875
2 0.7234375 0.034375 0.0046875 0.0109375
2 0.5765625 0.009375 0.0046875 0.01875
2 0.1828125 0.10625 0.0203125 0.0328125
2 0.225 0.1296875 0.009375 0.0203125
2 0.125 0.096875 0.0109375 0.0203125
2 0.453125 0.3375 0.0125 0.0296875
2 0.609375 0.00625 0.0046875 0.0125
2 0.9375 0.009375 0.0078125 0.015625
2 0.5578125 0.009375 0.0046875 0.01875
2 0.49375 0.0484375 0.0109375 0.03125
2 0.9578125 0.0109375 0.0046875 0.021875
2 0.334375 0.234375 0.0140625 0.0234375
2 0.059375 0.08125 0.0078125 0.0296875
2 0.325 0.015625 0.0109375 0.03125
2 0.31875 0.1109375 0.00625 0.0265625
2 0.275 0.01875 0.0046875 0.01875
2 0.1328125 0.0859375 0.028125 0.0421875
2 0.8375 0.04375 0.00625 0.0125
2 0.5765625 0.1296875 0.0046875 0.0359375
2 0.4859375 0.0078125 0.003125 0.015625
2 0.3359375 0.003125 0.0078125 0.00625
2 0.9109375 0.0109375 0.003125 0.021875
2 0.8265625 0.5890625 0.01875 0.0671875
2 0.446875 0.0109375 0.00625 0.0203125
2 0.75625 0.59375 0.01875 0.0859375
2 0.18125 0.00625 0.00625 0.0125
2 0.35625 0.1171875 0.00625 0.021875
2 0.8375 0.015625 0.0046875 0.0234375
2 0.828125 0.05625 0.0046875 0.028125
2 0.79375 0.003125 0.0046875 0.00625
2 0.8953125 0.009375 0.00625 0.0171875
2 0.00625 0.0578125 0.0125 0.04375
2 0.1390625 0.0046875 0.00625 0.009375
2 0.565625 0.009375 0.0046875 0.01875
2 0.6109375 0.00625 0.003125 0.0125
2 0.7515625 0.003125 0.0078125 0.00625
2 0.640625 0.00625 0.00625 0.0125
2 0.24375 0.0234375 0.0125 0.025
2 0.1265625 0.0078125 0.00625 0.015625
2 0.503125 0.0078125 0.00625 0.0140625
2 0.6546875 0.00625 0.003125 0.0125
2 0.734375 0.003125 0.0046875 0.00625
2 0.9125 0.0109375 0.00625 0.021875
2 0.8125 0.003125 0.00625 0.00625
2 0.68125 0.134375 0.0109375 0.0328125