2 0.425 0.6703125 0.053125 0.2375
2 0.709375 0.915625 0.0734375 0.1671875
2 0.7703125 0.6109375 0.0359375 0.2078125
2 0.3640625 0.6609375 0.0515625 0.25
2 0.9890625 0.790625 0.0203125 0.140625
2 0.69375 0.9828125 0.0296875 0.0328125
2 0.4171875 0.3984375 0.0328125 0.1484375
2 0.8625 0.41875 0.0390625 0.0890625
2 0.9140625 0.153125 0.0078125 0.0375
2 0.2640625 0.346875 0.025 0.1171875
2 0.3515625 0.3046875 0.015625 0.0640625
2 0.8546875 0.4109375 0.0234375 0.071875
2 0.25 0.2546875 0.025 0.0921875
2 0.484375 0.1546875 0.0078125 0.0375
2 0.28125 0.3984375 0.028125 0.13125
2 0.309375 0.33125 0.021875 0.1078125
2 0.3828125 0.409375 0.0234375 0.1234375
2 0.15625 0.34375 0.021875 0.065625
2 0.3203125 0.409375 0.0203125 0.1125
2 0.5046875 0.4359375 0.028125 0.1171875
2 0.359375 0.4015625 0.028125 0.15
2 0.0546875 0.2390625 0.0171875 0.0640625
2 0.340625 0.3890625 0.03125 0.16875
2 0.2390625 0.3453125 0.025 0.1125
2 0.4921875 0.1609375 0.0078125 0.0421875
2 0.2109375 0.428125 0.0328125 0.1546875
2 0.39375 0.165625 0.0046875 0.0234375
2 0.175 0.26875 0.01875 0.1015625
2 0.225 0.29375 0.0203125 0.096875
2 0.1703125 0.353125 0.025 0.0625
2 0.071875 0.1609375 0.0109375 0.0578125
2 0.2265625 0.4140625 0.0203125 0.1234375
2 0.2921875 0.31875 0.01875 0.10625
2 0.1796875 0.3890625 0.03125 0.0640625
2 0.390625 0.1234375 0.00625 0.0265625
2 0.475 0.1453125 0.00625 0.0328125
2 0.20625 0.2953125 0.0203125 0.1015625
2 0.0453125 0.2109375 0.0171875 0.078125
2 0.3828125 0.1234375 0.0046875 0.025
2 0.871875 0.421875 0.0203125 0.0859375
2 0.334375 0.284375 0.0203125 0.0453125
2 0.1953125 0.325 0.0203125 0.06875
2 0.0921875 0.16875 0.0078125 0.025
2 0.190625 0.3734375 0.028125 0.0828125
2 0.5484375 0.4328125 0.025 0.1015625
2 0.0625 0.1515625 0.0109375 0.0515625
2 0.290625 0.2875 0.0140625 0.046875
2 0.1890625 0.2859375 0.0203125 0.09375
2 0.1640625 0.2109375 0.00625 0.0328125
2 0.925 0.08125 0.0109375 0.0265625
2 0.1984375 0.1234375 0.0046875 0.0375
2 0.25625 0.25 0.0109375 0.078125
2 0.0234375 0.196875 0.0109375 0.04375
2 0.0375 0.1625 0.0140625 0.0390625
2 0.8515625 0.1421875 0.0046875 0.03125
2 0.0515625 0.1390625 0.009375 0.04375
2 0.9890625 0.859375 0.021875 0.278125
2 0.0375 0.18125 0.0140625 0.0734375
2 0.10625 0.2828125 0.0109375 0.0421875
2 0.2875 0.13125 0.0046875 0.0140625
2 0.2953125 0.259375 0.0109375 0.03125
2 0.44375 0.1265625 0.0046875 0.028125
2 0.684375 0.140625 0.0046875 0.021875
2 0.0296875 0.1890625 0.015625 0.0625
2 0.5671875 0.3984375 0.0125 0.03125
2 0.4546875 0.16875 0.003125 0.0234375
2 0.359375 0.1234375 0.0046875 0.0234375
2 0.2890625 0.1609375 0.0046875 0.0125
2 0.465625 0.1109375 0.003125 0.0203125
2 0.00625 0.365625 0.0109375 0.028125
2 0.009375 0.13125 0.009375 0.0390625
2 0.146875 0.203125 0.009375 0.04375
2 0.40625 0.378125 0.015625 0.090625
2 0.2984375 0.259375 0.0078125 0.0265625
2 0.384375 0.1234375 0.0046875 0.025