2 0.440625 0.9046875 0.071875 0.1890625
2 0.259375 0.8453125 0.05625 0.3078125
2 0.4125 0.665625 0.0453125 0.2359375
2 0.321875 0.9109375 0.0671875 0.175
2 0.38125 0.6265625 0.0390625 0.1984375
2 0.4890625 0.4546875 0.034375 0.128125
2 0.528125 0.696875 0.040625 0.2078125
2 0.215625 0.3296875 0.0140625 0.06875
2 0.5578125 0.353125 0.0171875 0.046875
2 0.5734375 0.88125 0.0765625 0.2375
2 0.5890625 0.5 0.025 0.1515625
2 0.625 0.36875 0.025 0.0875
2 0.065625 0.6171875 0.0390625 0.16875
2 0.3109375 0.5109375 0.0375 0.1265625
2 0.09375 0.6484375 0.0203125 0.0609375
2 0.1375 0.590625 0.0328125 0.090625
2 0.4671875 0.43125 0.015625 0.0625
2 0.178125 0.4140625 0.009375 0.021875
2 0.225 0.5875 0.0140625 0.046875
2 0.6359375 0.8796875 0.0640625 0.2390625
2 0.8265625 0.4796875 0.03125 0.165625
2 0.7125 0.5484375 0.0328125 0.1640625
2 0.5828125 0.4171875 0.021875 0.0984375
2 0.8171875 0.6578125 0.034375 0.2640625
2 0.775 0.6296875 0.0296875 0.2453125
2 0.809375 0.3484375 0.0234375 0.0609375
2 0.5125 0.2828125 0.0109375 0.0484375
2 0.09375 0.5921875 0.0234375 0.06875
2 0.753125 0.3953125 0.01875 0.05625
2 0.615625 0.496875 0.034375 0.165625
2 0.6265625 0.5375 0.025 0.0921875
2 0.64375 0.540625 0.040625 0.1171875
2 0.215625 0.3625 0.0140625 0.0390625
2 0.578125 0.2015625 0.0109375 0.0421875
2 0.225 0.603125 0.015625 0.08125
2 0.7390625 0.45 0.0265625 0.1125
2 0.859375 0.4765625 0.0265625 0.1296875
2 0.8015625 0.4640625 0.0234375 0.13125
2 0.7953125 0.3640625 0.01875 0.090625
2 0.2140625 0.20625 0.0109375 0.05625
2 0.8828125 0.5015625 0.0234375 0.175
2 0.815625 0.5515625 0.0296875 0.0515625
2 0.675 0.3671875 0.015625 0.0734375
2 0.8375 0.2953125 0.015625 0.046875
2 0.634375 0.734375 0.025 0.0796875
2 0.8703125 0.2125 0.0140625 0.0359375
2 0.778125 0.3109375 0.0125 0.0484375
2 0.6265625 0.74375 0.040625 0.096875
2 0.7 0.36875 0.0140625 0.0796875
2 0.665625 0.5015625 0.021875 0.1546875
2 0.6078125 0.4296875 0.01875 0.071875
2 0.696875 0.2046875 0.0125 0.0328125
2 0.64375 0.46875 0.021875 0.0734375
2 0.6703125 0.3375 0.0203125 0.071875
2 0.64375 0.6234375 0.0421875 0.2828125
2 0.678125 0.465625 0.015625 0.128125
2 0.4875 0.39375 0.0125 0.034375
2 0.815625 0.3046875 0.009375 0.053125
2 0.8359375 0.7203125 0.0296875 0.1390625
2 0.7078125 0.5 0.0296875 0.1734375
2 0.6046875 0.3953125 0.0203125 0.0546875
2 0.5296875 0.2015625 0.0078125 0.025
2 0.8953125 0.8546875 0.06875 0.284375
2 0.7125 0.3625 0.0171875 0.0828125
2 0.5921875 0.7484375 0.0703125 0.1046875
2 0.7640625 0.309375 0.0125 0.0484375
2 0.7125 0.4140625 0.0296875 0.0625
2 0.6890625 0.3765625 0.01875 0.090625
2 0.559375 0.7265625 0.0140625 0.0578125
2 0.775 0.546875 0.0296875 0.0765625
2 0.66875 0.4109375 0.0109375 0.0296875
2 0.56875 0.7421875 0.0328125 0.0890625
2 0.084375 0.5609375 0.0140625 0.03125
2 0.6390625 0.41875 0.0265625 0.05625
2 0.75 0.31875 0.0125 0.0578125
2 0.659375 0.4296875 0.0203125 0.0671875
2 0.690625 0.4671875 0.025 0.1328125
2 0.7921875 0.553125 0.0203125 0.046875
2 0.8828125 0.4609375 0.0203125 0.0875
2 0.146875 0.3859375 0.0140625 0.0359375
2 0.8515625 0.2921875 0.009375 0.046875
2 0.290625 0.4859375 0.0140625 0.0484375
2 0.74375 0.346875 0.0125 0.0625
2 0.784375 0.4546875 0.021875 0.1078125
2 0.0515625 0.7421875 0.0265625 0.08125
2 0.7890625 0.309375 0.0109375 0.0453125
2 0.740625 0.3328125 0.0171875 0.078125
2 0.5890625 0.33125 0.009375 0.03125
2 0.8265625 0.29375 0.0109375 0.0484375
2 0.221875 0.5875 0.0078125 0.040625
2 0.4921875 0.409375 0.0203125 0.0671875
2 0.56875 0.68125 0.0328125 0.2078125
2 0.784375 0.525 0.028125 0.0578125
2 0.875 0.5359375 0.025 0.103125
2 0.79375 0.9 0.0390625 0.19375
2 0.0859375 0.29375 0.0140625 0.0515625
2 0.6640625 0.45625 0.01875 0.0625
2 0.759375 0.4625 0.03125 0.1
2 0.24375 0.5734375 0.0125 0.05
2 0.8015625 0.5453125 0.0125 0.0390625
2 0.48125 0.4875 0.0203125 0.0890625
2 0.815625 0.4390625 0.0171875 0.096875
2 0.734375 0.359375 0.021875 0.0828125
2 0.075 0.5890625 0.059375 0.1140625