2 0.4 0.4484375 0.0296875 0.1609375
2 0.8703125 0.290625 0.03125 0.0671875
2 0.684375 0.275 0.015625 0.06875
2 0.134375 0.4984375 0.05 0.215625
2 0.559375 0.7015625 0.053125 0.3078125
2 0.26875 0.4859375 0.0421875 0.2234375
2 0.475 0.5921875 0.040625 0.2265625
2 0.778125 0.5328125 0.046875 0.178125
2 0.309375 0.4078125 0.0359375 0.18125
2 0.628125 0.6953125 0.0671875 0.315625
2 0.7921875 0.8671875 0.0640625 0.2578125
2 0.153125 0.234375 0.021875 0.0921875
2 0.73125 0.7796875 0.0609375 0.215625
2 0.59375 0.6 0.04375 0.21875
2 0.1515625 0.8265625 0.0296875 0.059375
2 0.953125 0.853125 0.08125 0.2921875
2 0.6484375 0.5953125 0.0359375 0.2234375
2 0.346875 0.3546875 0.028125 0.153125
2 0.834375 0.5171875 0.028125 0.046875
2 0.471875 0.83125 0.03125 0.06875
2 0.396875 0.3359375 0.03125 0.1078125
2 0.93125 0.6625 0.0515625 0.096875
2 0.2375 0.40625 0.0265625 0.1796875
2 0.9 0.659375 0.084375 0.159375
2 0.6703125 0.7421875 0.065625 0.18125
2 0.8765625 0.8609375 0.0890625 0.278125
2 0.184375 0.41875 0.0296875 0.1578125
2 0.7234375 0.9375 0.065625 0.121875
2 0.7984375 0.2765625 0.0140625 0.053125
2 0.1546875 0.41875 0.03125 0.1546875
2 0.2125 0.4046875 0.034375 0.1484375
2 0.1125 0.840625 0.05 0.10625
2 0.8421875 0.853125 0.0484375 0.2890625
2 0.0484375 0.4265625 0.0296875 0.0421875
2 0.509375 0.759375 0.0796875 0.1875
2 0.33125 0.325 0.0203125 0.1234375
2 0.6171875 0.521875 0.0328125 0.10625
2 0.434375 0.2734375 0.0171875 0.0390625
2 0.509375 0.5703125 0.0484375 0.1953125
2 0.7890625 0.2828125 0.034375 0.0640625
2 0.7046875 0.8578125 0.0421875 0.1421875
2 0.6390625 0.8828125 0.0484375 0.121875
2 0.315625 0.3078125 0.015625 0.078125
2 0.3875 0.24375 0.0125 0.04375
2 0.1703125 0.2984375 0.034375 0.0828125
2 0.20625 0.3265625 0.0296875 0.0828125
2 0.9265625 0.7859375 0.0421875 0.1875
2 0.90625 0.21875 0.0109375 0.0578125
2 0.1453125 0.8390625 0.0421875 0.084375
2 0.3796875 0.271875 0.0203125 0.0828125
2 0.36875 0.2296875 0.0203125 0.0328125
2 0.284375 0.31875 0.025 0.1578125
2 0.2265625 0.2890625 0.0234375 0.11875
2 0.3015625 0.35625 0.0296875 0.1421875
2 0.740625 0.3015625 0.009375 0.0625
2 0.24375 0.3140625 0.0359375 0.1578125
2 0.671875 0.88125 0.071875 0.1265625
2 0.7578125 0.534375 0.028125 0.175
2 0.5328125 0.759375 0.034375 0.184375
2 0.259375 0.3171875 0.0125 0.1265625
2 0.16875 0.246875 0.0140625 0.0484375
2 0.6828125 0.53125 0.0125 0.0234375
2 0.2453125 0.225 0.021875 0.0640625
2 0.2671875 0.3203125 0.0203125 0.128125
2 0.128125 0.859375 0.075 0.1234375
2 0.3875 0.2640625 0.0125 0.0828125
2 0.21875 0.15625 0.0109375 0.0625
2 0.1953125 0.815625 0.015625 0.0484375
2 0.875 0.2359375 0.0125 0.0359375
2 0.28125 0.2203125 0.0140625 0.0609375
2 0.26875 0.215625 0.0171875 0.08125
2 0.2375 0.18125 0.015625 0.071875
2 0.259375 0.26875 0.009375 0.028125
2 0.2640625 0.1890625 0.0140625 0.0671875
2 0.896875 0.215625 0.0109375 0.03125
2 0.209375 0.1796875 0.015625 0.06875
2 0.903125 0.559375 0.015625 0.0484375
2 0.665625 0.95625 0.0625 0.0859375
2 0.93125 0.7125 0.0546875 0.1671875
2 0.3875 0.1484375 0.0078125 0.03125
2 0.9125 0.5578125 0.0359375 0.0515625
2 0.9859375 0.203125 0.0078125 0.046875
2 0.20625 0.371875 0.03125 0.1734375
2 0.2765625 0.1734375 0.0109375 0.0484375
2 0.840625 0.778125 0.0484375 0.1390625
2 0.2484375 0.1625 0.0109375 0.0390625
2 0.34375 0.890625 0.5359375 0.2171875
2 0.18125 0.2328125 0.0125 0.0390625
2 0.246875 0.8015625 0.0265625 0.0203125
2 0.221875 0.234375 0.0109375 0.0359375
2 0.25 0.2 0.0171875 0.0625
2 0.43125 0.3296875 0.025 0.1484375
2 0.4921875 0.5609375 0.0171875 0.1671875
2 0.6671875 0.9828125 0.059375 0.0328125
2 0.159375 0.2984375 0.0140625 0.090625
2 0.990625 0.8046875 0.015625 0.134375
2 0.553125 0.7578125 0.05 0.184375
2 0.2359375 0.1515625 0.015625 0.04375
2 0.5203125 0.8640625 0.075 0.1578125
2 0.9 0.2109375 0.0203125 0.04375
2 0.290625 0.2546875 0.0109375 0.034375
2 0.1046875 0.90625 0.028125 0.0359375
2 0.73125 0.3015625 0.0296875 0.0671875
2 0.7875 0.7703125 0.0625 0.1015625
2 0.209375 0.8125 0.0375 0.0453125
2 0.23125 0.2609375 0.015625 0.059375
2 0.7890625 0.3203125 0.034375 0.1390625
2 0.75625 0.5828125 0.025 0.0765625
2 0.1703125 0.3421875 0.0359375 0.1734375
2 0.015625 0.5 0.03125 0.10625
2 0.0078125 0.5015625 0.015625 0.103125