2 0.7703125 0.63125 0.040625 0.1625
2 0.2859375 0.5640625 0.046875 0.1515625
2 0.55625 0.48125 0.0328125 0.0765625
2 0.0125 0.4875 0.025 0.0765625
2 0.7921875 0.6796875 0.0421875 0.1125
2 0.78125 0.68125 0.01875 0.1125
2 0.33125 0.45625 0.01875 0.1109375
2 0.1703125 0.48125 0.0203125 0.078125
2 0.709375 0.31875 0.0140625 0.046875
2 0.3390625 0.3953125 0.0109375 0.046875
2 0.2375 0.3125 0.0078125 0.0265625
2 0.078125 0.9125 0.05625 0.1703125
2 0.040625 0.3125 0.0046875 0.0140625
2 0.03125 0.30625 0.009375 0.0171875
2 0.0203125 0.3046875 0.0078125 0.01875
2 0.33125 0.384375 0.00625 0.0328125
2 0.575 0.384375 0.0203125 0.0234375
2 0.025 0.3046875 0.00625 0.01875
2 0.065625 0.375 0.0125 0.0375