2 0.896875 0.8484375 0.046875 0.2875
2 0.34375 0.65 0.0703125 0.1875
2 0.5625 0.753125 0.0640625 0.321875
2 0.5171875 0.678125 0.0484375 0.2734375
2 0.3703125 0.8375 0.0765625 0.3203125
2 0.315625 0.415625 0.0375 0.1625
2 0.4546875 0.453125 0.0296875 0.15
2 0.7171875 0.29375 0.015625 0.08125
2 0.3953125 0.4265625 0.0375 0.1484375
2 0.740625 0.7640625 0.05625 0.31875
2 0.146875 0.340625 0.0140625 0.0546875
2 0.9546875 0.2125 0.0109375 0.0609375
2 0.63125 0.7734375 0.05625 0.2890625
2 0.678125 0.825 0.059375 0.31875
2 0.44375 0.1671875 0.009375 0.040625
2 0.45625 0.640625 0.059375 0.1921875
2 0.43125 0.16875 0.009375 0.0421875
2 0.7109375 0.79375 0.053125 0.30625
2 0.409375 0.38125 0.01875 0.1015625
2 0.1203125 0.2359375 0.015625 0.0734375
2 0.4703125 0.1640625 0.0078125 0.040625
2 0.103125 0.2296875 0.021875 0.0828125
2 0.075 0.15625 0.0125 0.053125
2 0.459375 0.8375 0.053125 0.321875
2 0.153125 0.209375 0.0140625 0.0671875
2 0.978125 0.1609375 0.0078125 0.0359375
2 0.4421875 0.128125 0.00625 0.021875
2 0.4734375 0.9328125 0.046875 0.090625
2 0.4921875 0.1703125 0.00625 0.025
2 0.465625 0.9203125 0.03125 0.0640625
2 0.6078125 0.134375 0.0078125 0.025
2 0.0265625 0.1890625 0.0125 0.059375
2 0.865625 0.1453125 0.00625 0.0265625
2 0.89375 0.1421875 0.00625 0.028125
2 0.0546875 0.1828125 0.009375 0.053125
2 0.3796875 0.1234375 0.0046875 0.0234375
2 0.34375 0.125 0.0046875 0.01875
2 0.96875 0.1234375 0.00625 0.0171875
2 0.9703125 0.1640625 0.0078125 0.028125
2 0.440625 0.38125 0.015625 0.0671875
2 0.2015625 0.2515625 0.0296875 0.078125
2 0.0390625 0.1953125 0.0140625 0.0625
2 0.05 0.18125 0.009375 0.05625
2 0.5890625 0.13125 0.0078125 0.03125
2 0.3296875 0.1265625 0.00625 0.021875
2 0.3390625 0.121875 0.0078125 0.0296875
2 0.121875 0.18125 0.009375 0.034375
2 0.465625 0.165625 0.0046875 0.0328125
2 0.828125 0.1515625 0.0046875 0.028125
2 0.9359375 0.2328125 0.0109375 0.0265625
2 0.5953125 0.13125 0.0078125 0.03125
2 0.09375 0.16875 0.009375 0.03125
2 0.1875 0.240625 0.0109375 0.046875
2 0.2 0.2046875 0.009375 0.03125
2 0.1421875 0.2015625 0.0109375 0.0359375
2 0.690625 0.115625 0.00625 0.01875
2 0.1046875 0.18125 0.0125 0.0515625
2 0.55 0.3953125 0.009375 0.0328125
2 0.925 0.0796875 0.0109375 0.028125
2 0.2 0.1390625 0.00625 0.0109375
2 0.584375 0.1359375 0.0078125 0.0234375
2 0.8515625 0.134375 0.0078125 0.0453125
2 0.1703125 0.2296875 0.00625 0.05
2 0.0390625 0.1703125 0.0125 0.0328125
2 0.2890625 0.1609375 0.0046875 0.0125
2 0.571875 0.1375 0.00625 0.0203125
2 0.5328125 0.4015625 0.0140625 0.04375
2 0.9765625 0.121875 0.0046875 0.0140625
2 0.878125 0.1515625 0.0046875 0.0171875
2 0.3 0.2578125 0.0078125 0.03125
2 0.640625 0.1375 0.00625 0.028125
2 0.4296875 0.3921875 0.0390625 0.090625
2 0.990625 0.1578125 0.0109375 0.046875
2 0.8921875 0.1421875 0.0046875 0.0265625
2 0.8515625 0.146875 0.0046875 0.021875
2 0.3984375 0.38125 0.0421875 0.0984375
2 0.00625 0.365625 0.0109375 0.03125
2 0.440625 0.4375 0.0140625 0.1265625
2 0.49375 0.1703125 0.0046875 0.021875
2 0.459375 0.9421875 0.046875 0.1109375
2 0.86875 0.1453125 0.0046875 0.025
2 0.896875 0.1421875 0.0046875 0.025