2 0.1765625 0.628125 0.04375 0.1953125
2 0.471875 0.5796875 0.034375 0.125
2 0.621875 0.2359375 0.0140625 0.065625
2 0.9453125 0.878125 0.0578125 0.240625
2 0.5125 0.59375 0.05625 0.15
2 0.553125 0.6078125 0.0453125 0.203125
2 0.7890625 0.634375 0.0359375 0.1515625
2 0.9203125 0.1484375 0.0046875 0.0234375
2 0.0453125 0.3421875 0.015625 0.0859375
2 0.0125 0.3234375 0.009375 0.025
2 0.0578125 0.3390625 0.0125 0.0375
2 0.1765625 0.1796875 0.009375 0.0390625
2 0.5625 0.1234375 0.0078125 0.0328125
2 0.15 0.134375 0.00625 0.0203125
2 0.296875 0.2078125 0.0078125 0.0265625
2 0.115625 0.1171875 0.0046875 0.028125
2 0.315625 0.1515625 0.0078125 0.01875
2 0.0796875 0.14375 0.0140625 0.0359375
2 0.56875 0.5703125 0.025 0.146875
2 0.0109375 0.140625 0.0078125 0.01875
2 0.171875 0.1953125 0.015625 0.0515625
2 0.0609375 0.1515625 0.00625 0.0265625
2 0.028125 0.3390625 0.0125 0.0171875
2 0.1671875 0.18125 0.0046875 0.0203125
2 0.3296875 0.1296875 0.0046875 0.015625
2 0.1375 0.1265625 0.0046875 0.0171875
2 0.309375 0.1296875 0.0046875 0.01875
2 0.128125 0.128125 0.00625 0.0140625
2 0.3171875 0.13125 0.0046875 0.01875
2 0.93125 0.146875 0.0046875 0.0140625
2 0.084375 0.146875 0.0078125 0.028125
2 0.1 0.1015625 0.00625 0.0234375
2 0.271875 0.48125 0.015625 0.071875
2 0.45 0.1109375 0.0046875 0.0171875
2 0.04375 0.203125 0.0109375 0.0359375
2 0.0125 0.34375 0.0125 0.06875
2 0.2859375 0.1375 0.0046875 0.015625
2 0.4078125 0.1140625 0.003125 0.015625
2 0.4609375 0.1109375 0.0046875 0.0203125
2 0.6140625 0.109375 0.0046875 0.0140625
2 0.1171875 0.39375 0.0109375 0.025
2 0.409375 0.1328125 0.0046875 0.0125
2 0.2609375 0.1203125 0.003125 0.0109375
2 0.1625 0.1515625 0.00625 0.01875
2 0.50625 0.10625 0.003125 0.015625
2 0.103125 0.1265625 0.0078125 0.0203125
2 0.46875 0.1109375 0.0046875 0.0140625
2 0.6265625 0.1140625 0.0078125 0.0328125
2 0.3421875 0.13125 0.0046875 0.0203125
2 0.315625 0.1421875 0.0078125 0.0375
2 0.771875 0.6328125 0.0734375 0.15625
2 0.096875 0.35625 0.009375 0.01875
2 0.6375 0.10625 0.00625 0.025
2 0.2125 0.2140625 0.0078125 0.028125
2 0.0578125 0.125 0.0046875 0.0171875
2 0.903125 0.1625 0.00625 0.0140625
2 0.38125 0.1265625 0.0046875 0.0140625
2 0.0140625 0.14375 0.0046875 0.015625
2 0.828125 0.171875 0.00625 0.021875
2 0.184375 0.1125 0.003125 0.0171875
2 0.040625 0.3203125 0.0078125 0.0375
2 0.9734375 0.8765625 0.0484375 0.240625
2 0.0453125 0.2078125 0.0078125 0.0265625