2 0.3703125 0.8546875 0.0515625 0.2875
2 0.65 0.578125 0.0390625 0.209375
2 0.7796875 0.740625 0.0546875 0.23125
2 0.7453125 0.6328125 0.040625 0.2078125
2 0.315625 0.846875 0.059375 0.3015625
2 0.353125 0.415625 0.03125 0.0984375
2 0.690625 0.9640625 0.034375 0.06875
2 0.278125 0.421875 0.025 0.09375
2 0.1125 0.271875 0.0171875 0.0484375
2 0.2984375 0.409375 0.021875 0.103125
2 0.19375 0.90625 0.04375 0.184375
2 0.7171875 0.3921875 0.0203125 0.090625
2 0.0640625 0.8640625 0.0421875 0.1546875
2 0.8453125 0.3734375 0.01875 0.096875
2 0.8625 0.384375 0.021875 0.1046875
2 0.1828125 0.253125 0.009375 0.0265625
2 0.771875 0.35625 0.0140625 0.08125
2 0.75 0.38125 0.0203125 0.0921875
2 0.615625 0.2625 0.0171875 0.021875
2 0.825 0.3890625 0.021875 0.096875
2 0.7984375 0.3515625 0.015625 0.0875
2 0.8125 0.375 0.0203125 0.0953125
2 0.9078125 0.3859375 0.01875 0.0875
2 0.8875 0.2609375 0.009375 0.078125
2 0.8640625 0.2953125 0.0109375 0.05625
2 0.7390625 0.346875 0.009375 0.034375
2 0.8890625 0.3734375 0.0203125 0.0546875
2 0.1765625 0.2484375 0.00625 0.034375
2 0.9578125 0.3359375 0.0140625 0.0390625
2 0.934375 0.290625 0.0109375 0.0390625
2 0.3890625 0.1953125 0.0046875 0.0171875
2 0.8078125 0.3171875 0.0109375 0.0625
2 0.1484375 0.6328125 0.0125 0.0296875
2 0.178125 0.8078125 0.0734375 0.38125
2 0.815625 0.31875 0.0140625 0.053125
2 0.4484375 0.1890625 0.0046875 0.01875
2 0.490625 0.234375 0.0078125 0.01875
2 0.1203125 0.2703125 0.00625 0.01875
2 0.778125 0.33125 0.0078125 0.0296875
2 0.7375 0.3640625 0.0140625 0.0671875
2 0.878125 0.2890625 0.0125 0.040625
2 0.1421875 0.7640625 0.1953125 0.46875
2 0.634375 0.271875 0.0078125 0.0125
2 0.11875 0.2640625 0.009375 0.0328125
2 0.9125 0.38125 0.0109375 0.0734375
2 0.090625 0.16875 0.0046875 0.0125
2 0.675 0.1828125 0.0046875 0.021875
2 0.01875 0.9734375 0.0359375 0.053125
2 0.1796875 0.2484375 0.0140625 0.0375