2 0.74375 0.5890625 0.0375 0.175
2 0.8578125 0.91875 0.0828125 0.1609375
2 0.659375 0.38125 0.0203125 0.08125
2 0.9875 0.7921875 0.025 0.14375
2 0.425 0.165625 0.0078125 0.0390625
2 0.58125 0.4453125 0.0375 0.1265625
2 0.921875 0.153125 0.0109375 0.0421875
2 0.375 0.315625 0.0203125 0.0921875
2 0.396875 0.38125 0.0421875 0.09375
2 0.1359375 0.2203125 0.01875 0.0734375
2 0.2359375 0.2859375 0.01875 0.10625
2 0.1734375 0.3671875 0.0234375 0.0859375
2 0.1921875 0.3046875 0.021875 0.109375
2 0.1625 0.2125 0.0140625 0.0828125
2 0.978125 0.1359375 0.00625 0.0265625
2 0.3140625 0.290625 0.0140625 0.0453125
2 0.33125 0.1921875 0.009375 0.01875
2 0.4671875 0.1515625 0.009375 0.046875
2 0.2859375 0.1234375 0.0078125 0.0328125
2 0.09375 0.1859375 0.0140625 0.0640625
2 0.9171875 0.790625 0.0265625 0.075
2 0.221875 0.30625 0.0203125 0.103125
2 0.4859375 0.15625 0.0078125 0.0359375
2 0.3796875 0.128125 0.00625 0.0234375
2 0.2125 0.290625 0.0109375 0.0859375
2 0.075 0.1671875 0.0140625 0.0578125
2 0.3140625 0.315625 0.0171875 0.09375
2 0.05625 0.1671875 0.0125 0.0578125
2 0.925 0.0828125 0.009375 0.025
2 0.03125 0.1875 0.0140625 0.0703125
2 0.95625 0.1203125 0.003125 0.021875
2 0.3953125 0.1265625 0.0046875 0.025
2 0.44375 0.3890625 0.0234375 0.06875
2 0.6234375 0.13125 0.0078125 0.0359375
2 0.0234375 0.353125 0.0171875 0.021875
2 0.475 0.153125 0.0046875 0.0171875
2 0.55 0.4 0.0125 0.0359375
2 0.5265625 0.4046875 0.0234375 0.0421875
2 0.20625 0.25 0.009375 0.0328125
2 0.8515625 0.1453125 0.0046875 0.0296875
2 0.875 0.44375 0.0125 0.0453125
2 0.984375 0.875 0.03125 0.0296875
2 0.2015625 0.1265625 0.00625 0.0328125
2 0.740625 0.5296875 0.0140625 0.05625
2 0.49375 0.16875 0.0046875 0.021875
2 0.575 0.1421875 0.0078125 0.021875
2 0.046875 0.15625 0.0078125 0.0515625
2 0.49375 0.1625 0.00625 0.0328125
2 0.8703125 0.4453125 0.0296875 0.046875
2 0.659375 0.45 0.021875 0.2171875
2 0.109375 0.165625 0.009375 0.0484375
2 0.265625 0.1140625 0.003125 0.015625
2 0.9734375 0.8578125 0.0515625 0.278125
2 0.00625 0.3578125 0.0125 0.028125
2 0.346875 0.290625 0.0140625 0.071875
2 0.89375 0.1515625 0.00625 0.0171875
2 0.465625 0.1359375 0.00625 0.0359375
2 0.446875 0.115625 0.0046875 0.0140625
2 0.2828125 0.1234375 0.0046875 0.03125
2 0.015625 0.3578125 0.03125 0.0359375
2 0.921875 0.775 0.0171875 0.04375
2 0.296875 0.2609375 0.00625 0.025
2 0.15625 0.2 0.0078125 0.0578125
2 0.5890625 0.4171875 0.025 0.0671875
2 0.990625 0.125 0.0046875 0.0109375
2 0.4203125 0.1265625 0.00625 0.0140625
2 0.40625 0.3609375 0.0234375 0.053125
2 0.359375 0.125 0.0046875 0.0265625
2 0.2765625 0.259375 0.0109375 0.046875
2 0.475 0.1578125 0.00625 0.0265625
2 0.3359375 0.1953125 0.021875 0.0234375