2 0.6640625 0.6828125 0.0453125 0.1953125
2 0.775 0.7921875 0.0578125 0.25
2 0.340625 0.8140625 0.0765625 0.28125
2 0.75 0.4640625 0.01875 0.103125
2 0.7953125 0.9796875 0.0328125 0.0390625
2 0.91875 0.26875 0.009375 0.040625
2 0.2421875 0.64375 0.0234375 0.0765625
2 0.7890625 0.45 0.0140625 0.0921875
2 0.5 0.321875 0.0234375 0.071875
2 0.825 0.46875 0.015625 0.0890625
2 0.809375 0.4125 0.015625 0.046875
2 0.7171875 0.509375 0.021875 0.08125
2 0.978125 0.575 0.0125 0.0625
2 0.79375 0.4546875 0.01875 0.09375
2 0.8265625 0.3859375 0.009375 0.0625
2 0.8859375 0.2640625 0.0078125 0.0359375
2 0.8703125 0.4234375 0.0125 0.0640625
2 0.8265625 0.36875 0.0078125 0.03125
2 0.88125 0.428125 0.0125 0.075
2 0.9234375 0.4171875 0.0109375 0.071875
2 0.846875 0.3625 0.009375 0.0328125
2 0.91875 0.1484375 0.0125 0.0578125
2 0.9078125 0.415625 0.0140625 0.0703125
2 0.8015625 0.459375 0.0125 0.0890625
2 0.2390625 0.7640625 0.0359375 0.065625
2 0.809375 0.4515625 0.0171875 0.121875
2 0.9453125 0.4140625 0.009375 0.0546875
2 0.853125 0.403125 0.0125 0.059375
2 0.2421875 0.703125 0.0453125 0.196875
2 0.91875 0.16875 0.0125 0.053125
2 0.8 0.2421875 0.015625 0.0265625
2 0.915625 0.4046875 0.0109375 0.05625
2 0.878125 0.415625 0.0109375 0.05625
2 0.89375 0.409375 0.009375 0.0453125
2 0.5640625 0.39375 0.0109375 0.0328125
2 0.946875 0.634375 0.0140625 0.05625
2 0.95625 0.4265625 0.0078125 0.0640625
2 0.9796875 0.48125 0.0125 0.053125
2 0.9359375 0.4234375 0.0109375 0.0578125
2 0.7890625 0.41875 0.0125 0.0328125
2 0.7640625 0.434375 0.0109375 0.0578125
2 0.3375 0.5515625 0.028125 0.0734375
2 0.846875 0.3796875 0.009375 0.0671875