2 0.4625 0.753125 0.071875 0.2859375
2 0.7234375 0.4515625 0.0734375 0.19375
2 0.759375 0.2 0.0296875 0.1375
2 0.6703125 0.4734375 0.0546875 0.228125
2 0.253125 0.69375 0.0125 0.0546875
2 0.2640625 0.790625 0.0703125 0.0984375
2 0.0671875 0.709375 0.0203125 0.05
2 0.0625 0.8 0.0140625 0.0421875
2 0.04375 0.85625 0.0265625 0.1375
2 0.2625 0.696875 0.0109375 0.053125
2 0.0609375 0.6515625 0.015625 0.0515625
2 0.684375 0.75 0.0375 0.0421875
2 0.0390625 0.8109375 0.0171875 0.04375
2 0.1046875 0.671875 0.01875 0.0515625
2 0.0765625 0.6390625 0.021875 0.0515625
2 0.0734375 0.89375 0.0171875 0.0421875
2 0.0953125 0.715625 0.0203125 0.0234375
2 0.06875 0.8453125 0.0171875 0.0390625