2 0.4609375 0.9328125 0.084375 0.13125
2 0.359375 0.5703125 0.03125 0.178125
2 0.465625 0.71875 0.053125 0.234375
2 0.134375 0.5859375 0.034375 0.103125
2 0.2765625 0.6421875 0.0546875 0.2296875
2 0.646875 0.9078125 0.084375 0.18125
2 0.6578125 0.66875 0.0328125 0.2171875
2 0.40625 0.675 0.0421875 0.2015625
2 0.4125 0.55 0.05625 0.1359375
2 0.4875 0.6234375 0.0421875 0.1890625
2 0.734375 0.66875 0.04375 0.2125
2 0.6953125 0.5140625 0.034375 0.153125
2 0.4390625 0.615625 0.0390625 0.2046875
2 0.0875 0.640625 0.0375 0.0828125
2 0.053125 0.615625 0.04375 0.1703125
2 0.528125 0.4359375 0.025 0.128125
2 0.2671875 0.321875 0.0109375 0.05625
2 0.5546875 0.4390625 0.0234375 0.121875
2 0.69375 0.409375 0.0265625 0.096875
2 0.6234375 0.50625 0.0359375 0.1484375
2 0.571875 0.878125 0.078125 0.2421875
2 0.6421875 0.4109375 0.0234375 0.11875
2 0.0875 0.7 0.0390625 0.203125
2 0.71875 0.4265625 0.025 0.121875
2 0.6421875 0.5375 0.0390625 0.1125
2 0.590625 0.6796875 0.0765625 0.2390625
2 0.2734375 0.4796875 0.0453125 0.0578125
2 0.825 0.4765625 0.0328125 0.1609375
2 0.509375 0.4359375 0.0140625 0.0734375
2 0.59375 0.425 0.0234375 0.1125
2 0.2171875 0.346875 0.0078125 0.0578125
2 0.2125 0.203125 0.0125 0.053125
2 0.5796875 0.4234375 0.0203125 0.1203125
2 0.5765625 0.2171875 0.009375 0.0625
2 0.2234375 0.584375 0.0140625 0.0515625
2 0.8734375 0.53125 0.0234375 0.10625
2 0.55 0.4140625 0.021875 0.1171875
2 0.5828125 0.3546875 0.0140625 0.0515625
2 0.084375 0.575 0.0328125 0.0515625
2 0.65 0.3609375 0.01875 0.06875
2 0.7453125 0.4046875 0.015625 0.103125
2 0.66875 0.3515625 0.0234375 0.09375
2 0.790625 0.346875 0.021875 0.0625
2 0.55 0.3859375 0.0203125 0.0609375
2 0.79375 0.39375 0.0140625 0.0515625
2 0.5890625 0.7453125 0.0796875 0.10625
2 0.7546875 0.4078125 0.021875 0.0859375
2 0.8578125 0.475 0.0265625 0.13125
2 0.734375 0.5328125 0.01875 0.0984375
2 0.634375 0.8515625 0.0640625 0.190625
2 0.75625 0.4953125 0.034375 0.171875
2 0.6109375 0.41875 0.0171875 0.1078125
2 0.178125 0.4125 0.0109375 0.021875
2 0.8828125 0.4796875 0.0203125 0.1140625
2 0.2875 0.48125 0.0171875 0.0546875
2 0.59375 0.5578125 0.01875 0.0421875
2 0.7609375 0.3421875 0.0125 0.0515625
2 0.740625 0.296875 0.0125 0.0671875
2 0.8765625 0.4296875 0.0171875 0.065625
2 0.5375 0.38125 0.0109375 0.0390625
2 0.59375 0.56875 0.015625 0.01875
2 0.01875 0.6359375 0.0359375 0.21875
2 0.8125 0.3046875 0.0140625 0.0484375
2 0.7375 0.3703125 0.0203125 0.0953125
2 0.8 0.478125 0.025 0.1484375
2 0.8 0.721875 0.05 0.1171875
2 0.565625 0.74375 0.03125 0.1015625
2 0.7953125 0.3109375 0.015625 0.0484375
2 0.1453125 0.375 0.0140625 0.053125
2 0.73125 0.3390625 0.0140625 0.046875
2 0.83125 0.2953125 0.015625 0.0421875
2 0.7640625 0.3 0.01875 0.05625
2 0.76875 0.346875 0.015625 0.0546875
2 0.240625 0.571875 0.0140625 0.0546875
2 0.8921875 0.8984375 0.0703125 0.19375
2 0.7109375 0.3140625 0.015625 0.046875
2 0.78125 0.4609375 0.021875 0.0921875
2 0.6828125 0.3109375 0.0140625 0.05
2 0.696875 0.321875 0.0140625 0.0734375
2 0.853125 0.2875 0.009375 0.0421875
2 0.084375 0.28125 0.0125 0.0296875
2 0.5390625 0.4046875 0.0125 0.084375
2 0.509375 0.296875 0.009375 0.0265625
2 0.6421875 0.615625 0.0390625 0.2671875
2 0.7265625 0.2984375 0.0140625 0.0625
2 0.7140625 0.3578125 0.015625 0.0578125
2 0.2734375 0.528125 0.0453125 0.1546875
2 0.878125 0.490625 0.028125 0.1859375
2 0.80625 0.35 0.01875 0.05625
2 0.8296875 0.7234375 0.0265625 0.1140625
2 0.4296875 0.4359375 0.0125 0.04375
2 0.2140625 0.3484375 0.0140625 0.0640625
2 0.0828125 0.290625 0.0109375 0.0515625
2 0.88125 0.4484375 0.0234375 0.10625
2 0.2875 0.50625 0.01875 0.10625
2 0.59375 0.678125 0.0296875 0.2421875