2 0.1875 0.83125 0.0390625 0.2671875
2 0.3015625 0.8046875 0.0671875 0.284375
2 0.3734375 0.8296875 0.046875 0.2328125
2 0.7578125 0.6171875 0.0390625 0.184375
2 0.465625 0.4671875 0.0328125 0.1109375
2 0.4359375 0.94375 0.071875 0.1109375
2 0.8078125 0.6109375 0.0375 0.1765625
2 0.85625 0.5640625 0.0375 0.121875
2 0.709375 0.4640625 0.0296875 0.11875
2 0.4625 0.8171875 0.05 0.253125
2 0.878125 0.4078125 0.021875 0.0984375
2 0.6921875 0.3984375 0.0171875 0.0921875
2 0.7921875 0.4015625 0.01875 0.09375
2 0.7421875 0.4390625 0.0265625 0.1328125
2 0.721875 0.4015625 0.01875 0.0875
2 0.721875 0.3296875 0.0125 0.04375
2 0.784375 0.30625 0.0125 0.0640625
2 0.753125 0.4765625 0.015625 0.0828125
2 0.815625 0.2953125 0.0109375 0.053125
2 0.7421875 0.4703125 0.0140625 0.0859375
2 0.809375 0.4140625 0.0140625 0.0796875
2 0.8265625 0.30625 0.0125 0.0640625
2 0.434375 0.94375 0.028125 0.1109375
2 0.6546875 0.35625 0.0109375 0.0328125
2 0.7984375 0.3109375 0.0109375 0.059375
2 0.915625 0.3765625 0.015625 0.046875
2 0.875 0.325 0.0140625 0.05
2 0.853125 0.315625 0.0140625 0.0375
2 0.8046875 0.41875 0.0109375 0.059375
2 0.84375 0.30625 0.0109375 0.05
2 0.8234375 0.2640625 0.0125 0.0359375
2 0.6671875 0.3359375 0.0109375 0.028125
2 0.925 0.3828125 0.0140625 0.0375
2 0.8328125 0.425 0.021875 0.0625
2 0.578125 0.19375 0.00625 0.0265625
2 0.8546875 0.44375 0.0203125 0.0921875
2 0.6515625 0.4140625 0.021875 0.0765625
2 0.4515625 0.4734375 0.009375 0.090625
2 0.875 0.2890625 0.0109375 0.0359375
2 0.634375 0.3875 0.015625 0.0421875
2 0.4578125 0.965625 0.0265625 0.0671875
2 0.8890625 0.3015625 0.009375 0.0546875
2 0.503125 0.290625 0.0296875 0.025
2 0.8859375 0.265625 0.0109375 0.040625
2 0.7359375 0.440625 0.0140625 0.10625
2 0.9265625 0.2953125 0.0125 0.0640625
2 0.66875 0.38125 0.009375 0.0671875
2 0.5875 0.396875 0.0078125 0.0375
2 0.7296875 0.3109375 0.0140625 0.0484375
2 0.9390625 0.2890625 0.0109375 0.0515625
2 0.8609375 0.265625 0.009375 0.0453125
2 0.675 0.38125 0.0140625 0.071875
2 0.79375 0.309375 0.0078125 0.05625
2 0.9171875 0.3015625 0.009375 0.0484375
2 0.659375 0.3765625 0.0203125 0.0734375
2 0.6546875 0.36875 0.0125 0.0578125
2 0.7203125 0.34375 0.0109375 0.025