2 0.61875 0.8953125 0.0859375 0.2078125
2 0.5609375 0.58125 0.034375 0.1875
2 0.4421875 0.5765625 0.05 0.20625
2 0.1921875 0.41875 0.0296875 0.0859375
2 0.40625 0.525 0.0390625 0.1890625
2 0.70625 0.5984375 0.053125 0.23125
2 0.328125 0.5625 0.0484375 0.2203125
2 0.496875 0.609375 0.0265625 0.1421875
2 0.2875 0.3109375 0.0359375 0.09375
2 0.6765625 0.546875 0.0328125 0.103125
2 0.3375 0.5203125 0.0359375 0.1953125
2 0.3703125 0.3109375 0.015625 0.096875
2 0.21875 0.25 0.0140625 0.08125
2 0.1265625 0.3046875 0.0171875 0.1015625
2 0.434375 0.2109375 0.0078125 0.0421875
2 0.6984375 0.128125 0.0109375 0.0265625
2 0.178125 0.2984375 0.0234375 0.1109375
2 0.5953125 0.1671875 0.009375 0.021875
2 0.921875 0.1484375 0.00625 0.0328125
2 0.1125 0.2625 0.0125 0.0203125
2 0.8765625 0.45625 0.009375 0.053125
2 0.0984375 0.1921875 0.009375 0.0578125
2 0.928125 0.153125 0.009375 0.040625
2 0.16875 0.25625 0.015625 0.09375
2 0.196875 0.2453125 0.01875 0.0859375
2 0.14375 0.2234375 0.015625 0.078125
2 0.8765625 0.4515625 0.015625 0.065625
2 0.390625 0.3875 0.028125 0.078125
2 0.321875 0.3140625 0.0203125 0.0921875
2 0.0921875 0.165625 0.0109375 0.053125
2 0.3890625 0.121875 0.0046875 0.0234375
2 0.3296875 0.2953125 0.0265625 0.05625
2 0.0421875 0.2140625 0.015625 0.08125
2 0.4796875 0.1640625 0.00625 0.034375
2 0.2859375 0.2015625 0.00625 0.0328125
2 0.525 0.2265625 0.009375 0.0484375
2 0.1609375 0.21875 0.021875 0.0875
2 0.921875 0.7765625 0.01875 0.0515625
2 0.3234375 0.29375 0.0140625 0.0515625
2 0.9078125 0.79375 0.015625 0.053125
2 0.915625 0.7859375 0.0328125 0.071875
2 0.4921875 0.1609375 0.00625 0.028125
2 0.296875 0.2625 0.0109375 0.0328125
2 0.0296875 0.190625 0.0140625 0.0625
2 0.9859375 0.86875 0.0265625 0.0328125
2 0.0640625 0.2015625 0.015625 0.0359375
2 0.85 0.14375 0.00625 0.03125
2 0.2484375 0.2421875 0.0140625 0.06875
2 0.18125 0.240625 0.0125 0.028125
2 0.3375 0.1265625 0.00625 0.0234375
2 0.5640625 0.4046875 0.0109375 0.03125
2 0.9625 0.8375 0.0265625 0.059375
2 0.2875 0.13125 0.0046875 0.0140625
2 0.053125 0.1265625 0.0078125 0.0453125
2 0.6953125 0.1265625 0.00625 0.0234375
2 0.109375 0.2859375 0.025 0.06875
2 0.384375 0.121875 0.00625 0.0265625
2 0.421875 0.11875 0.00625 0.025
2 0.925 0.08125 0.0109375 0.0265625
2 0.4359375 0.128125 0.0046875 0.021875
2 0.6390625 0.13125 0.0046875 0.0328125
2 0.0375 0.159375 0.0109375 0.021875
2 0.0765625 0.184375 0.0109375 0.05625
2 0.86875 0.14375 0.0078125 0.0265625
2 0.834375 0.1484375 0.0046875 0.0375
2 0.0359375 0.1265625 0.0078125 0.0390625
2 0.0734375 0.1921875 0.0078125 0.0359375
2 0.2828125 0.13125 0.0046875 0.0125
2 0.475 0.1640625 0.00625 0.03125
2 0.8515625 0.1421875 0.0046875 0.03125
2 0.4203125 0.11875 0.0046875 0.021875
2 0.5109375 0.16875 0.00625 0.0234375
2 0.3140625 0.2515625 0.0078125 0.0125
2 0.86875 0.45 0.03125 0.065625
2 0.39375 0.0890625 0.0046875 0.01875
2 0.4078125 0.1203125 0.003125 0.0265625
2 0.6890625 0.59375 0.0578125 0.1921875
2 0.4765625 0.1640625 0.0125 0.0359375
2 0.8640625 0.1453125 0.00625 0.0265625
2 0.71875 0.6125 0.0265625 0.1578125
2 0.0125 0.2 0.015625 0.065625
2 0.846875 0.14375 0.0046875 0.028125