2 0.509375 0.5890625 0.040625 0.2265625
2 0.78125 0.8796875 0.0578125 0.2390625
2 0.9671875 0.7796875 0.05 0.165625
2 0.4125 0.4546875 0.0390625 0.1859375
2 0.2828125 0.3109375 0.01875 0.10625
2 0.69375 0.8546875 0.053125 0.2859375
2 0.5578125 0.934375 0.0859375 0.1296875
2 0.625 0.946875 0.05625 0.103125
2 0.7296875 0.590625 0.0421875 0.221875
2 0.571875 0.5265625 0.0421875 0.10625
2 0.6640625 0.8859375 0.0625 0.2265625
2 0.7125 0.590625 0.0296875 0.2015625
2 0.6734375 0.2203125 0.0109375 0.053125
2 0.6078125 0.1359375 0.0078125 0.028125
2 0.4765625 0.371875 0.025 0.1328125
2 0.384375 0.290625 0.0203125 0.04375
2 0.3796875 0.159375 0.0078125 0.0328125
2 0.340625 0.1578125 0.0078125 0.03125
2 0.1171875 0.3 0.01875 0.0515625
2 0.4609375 0.3703125 0.01875 0.1140625
2 0.89375 0.1484375 0.0078125 0.040625
2 0.39375 0.159375 0.0078125 0.040625
2 0.9171875 0.7859375 0.03125 0.0671875
2 0.3921875 0.1265625 0.0046875 0.028125
2 0.10625 0.271875 0.0234375 0.0515625
2 0.925 0.0828125 0.009375 0.028125
2 0.8765625 0.4546875 0.0171875 0.065625
2 0.115625 0.246875 0.015625 0.0546875
2 0.575 0.165625 0.00625 0.03125
2 0.5765625 0.165625 0.0109375 0.034375
2 0.4265625 0.16875 0.00625 0.028125
2 0.7703125 0.1671875 0.0078125 0.021875
2 0.4 0.3796875 0.0421875 0.09375
2 0.228125 0.1515625 0.0078125 0.0375
2 0.4890625 0.1671875 0.0078125 0.0390625
2 0.290625 0.159375 0.00625 0.01875
2 0.65 0.1703125 0.00625 0.015625
2 0.5671875 0.575 0.05 0.2015625
2 0.2078125 0.253125 0.009375 0.0296875
2 0.8515625 0.1453125 0.00625 0.0296875
2 0.0140625 0.20625 0.015625 0.0671875
2 0.4375 0.1734375 0.0078125 0.034375
2 0.1109375 0.1796875 0.0109375 0.0515625
2 0.4140625 0.284375 0.0109375 0.053125
2 0.7484375 0.16875 0.0078125 0.0203125
2 0.3375 0.1296875 0.0078125 0.0265625
2 0.68125 0.165625 0.009375 0.021875
2 0.09375 0.23125 0.01875 0.06875
2 0.584375 0.596875 0.0234375 0.05
2 0.1640625 0.2109375 0.0078125 0.034375
2 0.034375 0.1953125 0.015625 0.0546875
2 0.6984375 0.134375 0.0078125 0.01875
2 0.2515625 0.246875 0.0171875 0.065625
2 0.453125 0.1734375 0.0078125 0.0328125
2 0.4078125 0.3625 0.0265625 0.0578125
2 0.440625 0.1328125 0.0078125 0.01875
2 0.5984375 0.478125 0.0109375 0.0515625
2 0.7578125 0.1640625 0.0078125 0.021875
2 0.534375 0.1671875 0.00625 0.0234375
2 0.0609375 0.2125 0.0109375 0.0609375
2 0.70625 0.5125 0.0140625 0.046875
2 0.05 0.1765625 0.0140625 0.0859375
2 0.3890625 0.4015625 0.01875 0.0484375
2 0.0796875 0.2046875 0.015625 0.053125
2 0.528125 0.1640625 0.00625 0.0296875
2 0.3296875 0.1265625 0.0046875 0.0265625
2 0.6734375 0.165625 0.0078125 0.01875
2 0.2875 0.134375 0.0046875 0.0140625
2 0.4484375 0.175 0.00625 0.028125
2 0.384375 0.31875 0.021875 0.0984375
2 0.0328125 0.146875 0.0109375 0.040625
2 0.0890625 0.1765625 0.0109375 0.05
2 0.4734375 0.165625 0.0109375 0.0421875
2 0.590625 0.1734375 0.0109375 0.015625
2 0.471875 0.13125 0.00625 0.025
2 0.8703125 0.1453125 0.0078125 0.021875
2 0.075 0.14375 0.0125 0.0390625
2 0.3453125 0.125 0.00625 0.025
2 0.0421875 0.1875 0.009375 0.0546875
2 0.23125 0.25 0.00625 0.025
2 0.5109375 0.16875 0.00625 0.025
2 0.8296875 0.1546875 0.00625 0.021875
2 0.75 0.165625 0.00625 0.0234375
2 0.0203125 0.1578125 0.0109375 0.05
2 0.125 0.2515625 0.00625 0.040625
2 0.66875 0.165625 0.00625 0.021875
2 0.409375 0.1328125 0.0046875 0.028125
2 0.3484375 0.125 0.00625 0.025
2 0.2828125 0.134375 0.0046875 0.0125
2 0.690625 0.1375 0.00625 0.0140625
2 0.3921875 0.09375 0.0046875 0.0140625
2 0.29375 0.1578125 0.0046875 0.01875
2 0.865625 0.1453125 0.00625 0.021875
2 0.178125 0.1828125 0.0078125 0.0171875
2 0.6015625 0.14375 0.00625 0.021875
2 0.4734375 0.153125 0.0078125 0.0203125
2 0.940625 0.0125 0.015625 0.025
2 0.0734375 0.1765625 0.009375 0.0421875
2 0.4453125 0.15 0.0078125 0.028125
2 0.4703125 0.175 0.0078125 0.0328125
2 0.990625 0.465625 0.0171875 0.075
2 0.60625 0.1375 0.0125 0.03125
2 0.896875 0.1453125 0.0046875 0.028125