2 0.95625 0.7484375 0.04375 0.2109375
2 0.9875 0.7578125 0.025 0.1984375
2 0.80625 0.903125 0.078125 0.1921875
2 0.5125 0.51875 0.0234375 0.0640625
2 0.7109375 0.8640625 0.05625 0.271875
2 0.79375 0.7859375 0.0546875 0.178125
2 0.740625 0.8359375 0.0421875 0.221875
2 0.921875 0.41875 0.0078125 0.0453125
2 0.9703125 0.5890625 0.028125 0.1375
2 0.8671875 0.4046875 0.0109375 0.0609375
2 0.459375 0.5171875 0.0234375 0.0734375
2 0.9421875 0.5140625 0.015625 0.0328125
2 0.8109375 0.76875 0.0328125 0.153125
2 0.83125 0.6078125 0.0375 0.1
2 0.4421875 0.5015625 0.021875 0.0984375
2 0.975 0.4140625 0.0078125 0.0296875
2 0.684375 0.734375 0.03125 0.10625
2 0.9484375 0.6 0.01875 0.071875
2 0.80625 0.6203125 0.015625 0.021875
2 0.759375 0.703125 0.0328125 0.1
2 0.1421875 0.43125 0.0109375 0.021875
2 0.821875 0.58125 0.0171875 0.0421875
2 0.6765625 0.796875 0.0484375 0.2296875
2 0.803125 0.6546875 0.021875 0.0890625
2 0.4921875 0.503125 0.05 0.0375
2 0.71875 0.34375 0.0109375 0.0390625
2 0.5125 0.13125 0.01875 0.071875
2 0.459375 0.5015625 0.021875 0.040625
2 0.70625 0.4953125 0.00625 0.021875
2 0.8171875 0.7828125 0.0203125 0.11875
2 0.909375 0.6609375 0.0171875 0.0921875
2 0.7984375 0.6890625 0.0109375 0.021875
2 0.775 0.7015625 0.015625 0.078125
2 0.690625 0.71875 0.0171875 0.06875
2 0.4953125 0.51875 0.05625 0.0671875
2 0.9046875 0.6328125 0.0296875 0.1484375
2 0.825 0.3796875 0.009375 0.0390625
2 0.8953125 0.4671875 0.0078125 0.0140625
2 0.89375 0.321875 0.00625 0.0390625
2 0.753125 0.353125 0.0125 0.03125
2 0.909375 0.596875 0.021875 0.0796875
2 0.809375 0.7234375 0.034375 0.0875
2 0.684375 0.3359375 0.009375 0.053125
2 0.4375 0.490625 0.0140625 0.075
2 0.640625 0.8328125 0.0265625 0.171875