2 0.425 0.8140625 0.06875 0.28125
2 0.7859375 0.640625 0.046875 0.2046875
2 0.73125 0.6765625 0.0328125 0.184375
2 0.721875 0.5328125 0.025 0.14375
2 0.6375 0.6359375 0.0390625 0.2078125
2 0.5734375 0.64375 0.0453125 0.1859375
2 0.48125 0.8203125 0.059375 0.2953125
2 0.609375 0.6046875 0.0359375 0.1890625
2 0.51875 0.8671875 0.065625 0.2640625
2 0.60625 0.89375 0.0828125 0.209375
2 0.75 0.55 0.0234375 0.1265625
2 0.8796875 0.534375 0.0234375 0.1296875
2 0.7953125 0.49375 0.025 0.1015625
2 0.559375 0.88125 0.065625 0.2359375
2 0.8546875 0.5171875 0.0265625 0.1171875
2 0.7890625 0.428125 0.0078125 0.0515625
2 0.84375 0.70625 0.046875 0.2328125
2 0.9453125 0.40625 0.0078125 0.05
2 0.2375 0.64375 0.03125 0.078125
2 0.853125 0.6296875 0.0265625 0.1921875
2 0.3359375 0.5390625 0.0265625 0.0515625
2 0.9484375 0.45625 0.0140625 0.040625
2 0.896875 0.3984375 0.009375 0.05625
2 0.884375 0.409375 0.0125 0.05625
2 0.93125 0.4015625 0.0109375 0.0359375
2 0.875 0.4 0.0109375 0.05625
2 0.253125 0.70625 0.0609375 0.2046875
2 0.809375 0.4140625 0.0125 0.05625
2 0.8359375 0.6734375 0.0296875 0.1578125
2 0.65 0.2609375 0.0171875 0.0609375
2 0.9390625 0.64375 0.025 0.046875
2 0.846875 0.3875 0.009375 0.04375
2 0.575 0.50625 0.0265625 0.1078125
2 0.9203125 0.2703125 0.0078125 0.0359375
2 0.2375 0.7640625 0.0359375 0.0671875
2 0.5796875 0.49375 0.015625 0.08125
2 0.86875 0.6390625 0.021875 0.1484375
2 0.9421875 0.4921875 0.025 0.11875
2 0.925 0.4203125 0.0140625 0.0609375
2 0.2890625 0.3265625 0.034375 0.1796875
2 0.7453125 0.4515625 0.0140625 0.053125
2 0.3375 0.5734375 0.0296875 0.121875
2 0.9390625 0.4515625 0.0109375 0.0359375
2 0.884375 0.4859375 0.0109375 0.034375
2 0.75 0.4484375 0.0171875 0.046875
2 0.853125 0.3890625 0.00625 0.0390625
2 0.853125 0.5609375 0.0234375 0.0546875
2 0.0765625 0.6671875 0.0359375 0.10625
2 0.825 0.3703125 0.00625 0.0421875
2 0.5359375 0.575 0.0125 0.084375
2 0.5671875 0.5078125 0.0125 0.0515625
2 0.74375 0.475 0.015625 0.0953125
2 0.934375 0.4015625 0.00625 0.0375
2 0.9359375 0.478125 0.015625 0.0875
2 0.8125 0.4140625 0.0078125 0.0515625