2 0.2953125 0.6984375 0.0578125 0.1375
2 0.721875 0.571875 0.0359375 0.1859375
2 0.7140625 0.9109375 0.090625 0.178125
2 0.371875 0.7578125 0.0609375 0.2953125
2 0.64375 0.56875 0.04375 0.18125
2 0.2359375 0.4828125 0.053125 0.1875
2 0.8765625 0.959375 0.0484375 0.08125
2 0.2875 0.3109375 0.025 0.1015625
2 0.39375 0.6625 0.0453125 0.246875
2 0.3984375 0.4859375 0.0640625 0.165625
2 0.9640625 0.9015625 0.071875 0.196875
2 0.20625 0.390625 0.0328125 0.1375
2 0.478125 0.1609375 0.009375 0.0390625
2 0.23125 0.29375 0.015625 0.096875
2 0.865625 0.41875 0.0296875 0.153125
2 0.390625 0.3890625 0.028125 0.0734375
2 0.9828125 0.1609375 0.009375 0.040625
2 0.35 0.29375 0.0140625 0.0625
2 0.215625 0.290625 0.021875 0.10625
2 0.5953125 0.165625 0.009375 0.0234375
2 0.975 0.15625 0.00625 0.0375
2 0.075 0.2140625 0.0125 0.03125
2 0.709375 0.59375 0.0140625 0.1265625
2 0.8921875 0.15625 0.009375 0.0234375
2 0.7 0.9828125 0.025 0.0328125
2 0.1984375 0.3046875 0.0171875 0.071875
2 0.18125 0.2953125 0.021875 0.0984375
2 0.6203125 0.50625 0.025 0.0875
2 0.0265625 0.1890625 0.0125 0.05625
2 0.0828125 0.1609375 0.009375 0.05
2 0.3328125 0.290625 0.0203125 0.0640625
2 0.178125 0.2234375 0.01875 0.065625
2 0.91875 0.7875 0.028125 0.0734375
2 0.4359375 0.1265625 0.0046875 0.0265625
2 0.128125 0.328125 0.0125 0.0625
2 0.39375 0.121875 0.0046875 0.0234375
2 0.0640625 0.203125 0.0171875 0.0515625
2 0.378125 0.121875 0.0046875 0.021875
2 0.3859375 0.403125 0.01875 0.0453125
2 0.1359375 0.3265625 0.028125 0.0796875
2 0.04375 0.140625 0.0109375 0.0453125
2 0.1140625 0.240625 0.01875 0.0609375
2 0.1 0.215625 0.0171875 0.075
2 0.1625 0.221875 0.0140625 0.0796875
2 0.1203125 0.2203125 0.0140625 0.0734375
2 0.9078125 0.79375 0.015625 0.05625
2 0.1328125 0.2421875 0.0078125 0.0609375
2 0.09375 0.2015625 0.015625 0.0953125
2 0.034375 0.1484375 0.0109375 0.05
2 0.2765625 0.1484375 0.0046875 0.028125
2 0.090625 0.1390625 0.009375 0.0421875
2 0.9875 0.925 0.0234375 0.146875
2 0.6453125 0.13125 0.0046875 0.021875
2 0.6375 0.1296875 0.0046875 0.0234375
2 0.6984375 0.1328125 0.009375 0.0171875
2 0.709375 0.54375 0.009375 0.0265625
2 0.875 0.4515625 0.01875 0.0671875
2 0.315625 0.1546875 0.00625 0.0234375
2 0.3375 0.1265625 0.00625 0.0234375
2 0.44375 0.3984375 0.021875 0.046875
2 0.115625 0.3484375 0.01875 0.015625
2 0.6140625 0.128125 0.0046875 0.03125
2 0.8734375 0.1453125 0.0078125 0.021875
2 0.13125 0.2046875 0.0109375 0.0484375
2 0.3453125 0.26875 0.009375 0.03125
2 0.871875 0.45625 0.0453125 0.0796875
2 0.059375 0.1359375 0.00625 0.0234375
2 0.446875 0.2203125 0.009375 0.0140625
2 0.3140625 0.253125 0.0078125 0.0125
2 0.2984375 0.2578125 0.0078125 0.0234375
2 0.00625 0.365625 0.0109375 0.0328125
2 0.4234375 0.1171875 0.00625 0.0234375
2 0.85 0.14375 0.00625 0.028125
2 0.028125 0.1265625 0.0109375 0.05625
2 0.296875 0.26875 0.009375 0.0484375
2 0.646875 0.60625 0.021875 0.08125
2 0.590625 0.1671875 0.01875 0.0265625
2 0.075 0.2265625 0.0140625 0.05625
2 0.0140625 0.125 0.009375 0.028125
2 0.13125 0.2265625 0.0125 0.0921875
2 0.9234375 0.08125 0.0109375 0.0265625
2 0.509375 0.16875 0.00625 0.021875
2 0.9921875 0.865625 0.015625 0.0265625
2 0.8640625 0.1453125 0.00625 0.0265625
2 0.2859375 0.13125 0.00625 0.0140625
2 0.490625 0.1625 0.00625 0.03125
2 0.41875 0.1171875 0.0046875 0.0234375
2 0.64375 0.134375 0.0078125 0.0328125
2 0.6265625 0.5078125 0.0171875 0.08125
2 0.6421875 0.1296875 0.0125 0.0234375