2 0.3953125 0.7140625 0.0484375 0.2328125
2 0.484375 0.6453125 0.0484375 0.221875
2 0.1515625 0.8859375 0.0875 0.2265625
2 0.328125 0.70625 0.04375 0.24375
2 0.29375 0.6125 0.05625 0.20625
2 0.4109375 0.503125 0.0328125 0.1796875
2 0.4765625 0.4484375 0.0375 0.0953125
2 0.4234375 0.6109375 0.04375 0.2265625
2 0.271875 0.3203125 0.0140625 0.059375
2 0.2046875 0.6359375 0.0390625 0.19375
2 0.7078125 0.7015625 0.0328125 0.2390625
2 0.546875 0.6578125 0.040625 0.23125
2 0.215625 0.36875 0.009375 0.021875
2 0.3390625 0.5265625 0.0359375 0.1203125
2 0.371875 0.5765625 0.0265625 0.1640625
2 0.5734375 0.878125 0.078125 0.2421875
2 0.0765625 0.6921875 0.05625 0.1765625
2 0.0625 0.6203125 0.025 0.03125
2 0.7375 0.3578125 0.015625 0.0875
2 0.353125 0.6171875 0.0390625 0.1984375
2 0.6421875 0.5515625 0.0328125 0.0875
2 0.7515625 0.634375 0.0375 0.2265625
2 0.578125 0.2140625 0.0109375 0.065625
2 0.2546875 0.3265625 0.0109375 0.0515625
2 0.621875 0.6515625 0.04375 0.2546875
2 0.728125 0.45625 0.0484375 0.1234375
2 0.55625 0.553125 0.0421875 0.06875
2 0.634375 0.8765625 0.0671875 0.2421875
2 0.5234375 0.434375 0.0171875 0.0734375
2 0.05625 0.7984375 0.04375 0.19375
2 0.759375 0.3921875 0.015625 0.1078125
2 0.778125 0.6421875 0.0234375 0.2109375
2 0.8578125 0.4734375 0.028125 0.1328125
2 0.65625 0.4171875 0.021875 0.1140625
2 0.0828125 0.571875 0.03125 0.0390625
2 0.7 0.5609375 0.03125 0.11875
2 0.540625 0.4921875 0.0234375 0.153125
2 0.6859375 0.48125 0.0265625 0.1359375
2 0.0875 0.5875 0.0421875 0.071875
2 0.6 0.4234375 0.0171875 0.1
2 0.7265625 0.553125 0.040625 0.1390625
2 0.284375 0.3234375 0.00625 0.0515625
2 0.7984375 0.7265625 0.0484375 0.121875
2 0.55625 0.475 0.0234375 0.1375
2 0.6328125 0.4234375 0.0328125 0.128125
2 0.5140625 0.4375 0.0140625 0.0640625
2 0.6890625 0.4296875 0.0296875 0.1234375
2 0.2921875 0.5140625 0.015625 0.0453125
2 0.6765625 0.3640625 0.0171875 0.0828125
2 0.6140625 0.4234375 0.015625 0.1015625
2 0.1796875 0.4109375 0.009375 0.021875
2 0.6046875 0.3515625 0.025 0.0734375
2 0.6328125 0.734375 0.0203125 0.0796875
2 0.7671875 0.50625 0.0359375 0.1328125
2 0.709375 0.3328125 0.0140625 0.0578125
2 0.621875 0.5578125 0.0421875 0.0671875
2 0.8625 0.284375 0.015625 0.046875
2 0.69375 0.34375 0.0234375 0.0671875
2 0.75625 0.31875 0.0171875 0.078125
2 0.578125 0.74375 0.040625 0.096875
2 0.771875 0.290625 0.0125 0.046875
2 0.7796875 0.5578125 0.0203125 0.0421875
2 0.7375 0.478125 0.03125 0.0859375
2 0.61875 0.353125 0.0125 0.0421875
2 0.771875 0.3390625 0.0140625 0.0703125
2 0.8078125 0.2234375 0.0125 0.03125
2 0.325 0.2578125 0.0109375 0.021875
2 0.821875 0.296875 0.021875 0.0390625
2 0.646875 0.334375 0.0125 0.0671875
2 0.1390625 0.221875 0.0078125 0.0328125
2 0.725 0.284375 0.015625 0.071875
2 0.2046875 0.5875 0.0390625 0.09375
2 0.884375 0.5 0.021875 0.16875
2 0.8 0.4890625 0.028125 0.1578125
2 0.8609375 0.2703125 0.0125 0.021875
2 0.884375 0.4609375 0.0203125 0.084375
2 0.8046875 0.315625 0.015625 0.025
2 0.846875 0.3359375 0.01875 0.0359375
2 0.825 0.471875 0.0359375 0.16875
2 0.0515625 0.740625 0.028125 0.08125
2 0.8796875 0.45 0.015625 0.0921875
2 0.7390625 0.2828125 0.015625 0.071875
2 0.759375 0.271875 0.0140625 0.05625
2 0.7953125 0.3109375 0.0125 0.03125
2 0.7875 0.2296875 0.009375 0.0234375
2 0.8140625 0.728125 0.0171875 0.11875
2 0.0875 0.2921875 0.0125 0.0546875
2 0.6421875 0.628125 0.0328125 0.2390625
2 0.896875 0.85625 0.06875 0.2796875
2 0.571875 0.2 0.009375 0.05625
2 0.7171875 0.29375 0.0109375 0.06875
2 0.7953125 0.6625 0.0546875 0.2484375
2 0.0890625 0.5734375 0.015625 0.03125
2 0.8171875 0.421875 0.021875 0.06875
2 0.2140625 0.203125 0.0109375 0.0578125
2 0.665625 0.3359375 0.0125 0.059375
2 0.040625 0.821875 0.0796875 0.2171875
2 0.2734375 0.365625 0.0125 0.0171875
2 0.7515625 0.5625 0.0375 0.084375
2 0.05625 0.6703125 0.0375 0.1328125
2 0.875 0.53125 0.025 0.10625
2 0.296875 0.521875 0.0234375 0.0609375
2 0.79375 0.89375 0.0390625 0.1859375
2 0.640625 0.415625 0.015625 0.115625
2 0.675 0.3140625 0.009375 0.03125
2 0.2515625 0.3078125 0.0046875 0.0328125
2 0.29375 0.503125 0.009375 0.021875
2 0.7484375 0.2859375 0.0109375 0.0625
2 0.840625 0.29375 0.01875 0.053125
2 0.628125 0.3328125 0.015625 0.059375
2 0.0734375 0.6484375 0.0484375 0.0875