2 0.7484375 0.584375 0.046875 0.1484375
2 0.846875 0.453125 0.0140625 0.0703125
2 0.9421875 0.453125 0.0140625 0.040625
2 0.91875 0.26875 0.009375 0.0421875
2 0.709375 0.5609375 0.028125 0.153125
2 0.7265625 0.571875 0.028125 0.1421875
2 0.9109375 0.484375 0.015625 0.0875
2 0.8515625 0.384375 0.0140625 0.0640625
2 0.9375 0.646875 0.028125 0.0578125
2 0.2375 0.646875 0.03125 0.0828125
2 0.884375 0.465625 0.0125 0.0796875
2 0.7875 0.4234375 0.0125 0.065625
2 0.34375 0.5421875 0.0375 0.05625
2 0.559375 0.3921875 0.009375 0.0328125
2 0.8703125 0.4828125 0.015625 0.0921875
2 0.8984375 0.4671875 0.021875 0.0890625
2 0.9625 0.46875 0.009375 0.0453125
2 0.809375 0.4171875 0.0140625 0.053125
2 0.6484375 0.2609375 0.0171875 0.0640625
2 0.8265625 0.3890625 0.009375 0.0609375
2 0.878125 0.4984375 0.0171875 0.1046875
2 0.915625 0.040625 0.0265625 0.0609375
2 0.5 0.321875 0.0234375 0.0703125
2 0.746875 0.4453125 0.0109375 0.046875
2 0.0609375 0.8265625 0.0109375 0.0390625
2 0.671875 0.515625 0.0171875 0.0453125
2 0.884375 0.2640625 0.0078125 0.0359375
2 0.978125 0.48125 0.0125 0.0515625
2 0.8265625 0.371875 0.0078125 0.028125
2 0.2890625 0.3265625 0.034375 0.178125
2 0.7015625 0.5546875 0.0140625 0.1390625
2 0.9375 0.4 0.0078125 0.034375
2 0.2375 0.7640625 0.0359375 0.0671875
2 0.91875 0.1609375 0.0109375 0.0359375
2 0.84375 0.3203125 0.0078125 0.0390625
2 0.9203125 0.403125 0.0109375 0.0578125
2 0.01875 0.0546875 0.0234375 0.0765625
2 0.865625 0.309375 0.0078125 0.0265625
2 0.471875 0.4375 0.0078125 0.01875
2 0.8890625 0.3515625 0.009375 0.0375
2 0.9609375 0.375 0.00625 0.021875
2 0.959375 0.4609375 0.0140625 0.059375
2 0.809375 0.3984375 0.00625 0.01875
2 0.653125 0.3375 0.009375 0.0359375
2 0.628125 0.3375 0.009375 0.0328125
2 0.85625 0.3859375 0.0078125 0.0546875
2 0.8125 0.4140625 0.0078125 0.04375