2 0.6140625 0.6390625 0.0484375 0.2640625
2 0.6671875 0.7875 0.0609375 0.334375
2 0.4140625 0.4015625 0.0265625 0.1390625
2 0.5609375 0.7828125 0.0625 0.296875
2 0.35 0.325 0.025 0.1328125
2 0.759375 0.6859375 0.0640625 0.28125
2 0.7171875 0.9390625 0.0640625 0.121875
2 0.15 0.478125 0.0421875 0.209375
2 0.5546875 0.609375 0.053125 0.1875
2 0.709375 0.7984375 0.0484375 0.2625
2 0.9609375 0.6703125 0.040625 0.103125
2 0.2046875 0.4640625 0.0296875 0.115625
2 0.9390625 0.8765625 0.071875 0.24375
2 0.85625 0.909375 0.0921875 0.1796875
2 0.29375 0.365625 0.0390625 0.153125
2 0.828125 0.78125 0.0546875 0.2921875
2 0.790625 0.85625 0.06875 0.2859375
2 0.2375 0.396875 0.0359375 0.1765625
2 0.1703125 0.8359375 0.0359375 0.05625
2 0.6578125 0.9375 0.05625 0.121875
2 0.778125 0.7234375 0.05 0.203125
2 0.0625 0.45 0.028125 0.1734375
2 0.1359375 0.8625 0.03125 0.065625
2 0.1328125 0.2625 0.0171875 0.103125
2 0.875 0.2234375 0.0171875 0.0734375
2 0.215625 0.81875 0.0296875 0.0421875
2 0.89375 0.846875 0.059375 0.2078125
2 0.115625 0.459375 0.025 0.16875
2 0.3046875 0.3171875 0.01875 0.1140625
2 0.3953125 0.346875 0.0296875 0.1015625
2 0.878125 0.31875 0.0140625 0.0265625
2 0.1875 0.3765625 0.03125 0.15625
2 0.771875 0.303125 0.00625 0.05
2 0.0875 0.478125 0.0296875 0.1921875
2 0.365625 0.2375 0.01875 0.0328125
2 0.04375 0.4765625 0.0234375 0.1265625
2 0.2796875 0.315625 0.0234375 0.1265625
2 0.2109375 0.375 0.025 0.128125
2 0.1765625 0.3265625 0.0359375 0.14375
2 0.446875 0.275 0.0125 0.0171875
2 0.8359375 0.5296875 0.028125 0.025
2 0.1515625 0.2359375 0.0140625 0.0390625
2 0.4109375 0.29375 0.025 0.096875
2 0.2671875 0.6015625 0.01875 0.028125
2 0.1625 0.2640625 0.01875 0.059375
2 0.1859375 0.2453125 0.0203125 0.0671875
2 0.234375 0.2859375 0.0234375 0.1171875
2 0.2015625 0.28125 0.0296875 0.0734375
2 0.2609375 0.20625 0.01875 0.075
2 0.0984375 0.4515625 0.0265625 0.175
2 0.271875 0.3015625 0.01875 0.13125
2 0.215625 0.215625 0.015625 0.096875
2 0.54375 0.4625 0.0125 0.06875
2 0.7796875 0.653125 0.0453125 0.0625
2 0.2578125 0.303125 0.0171875 0.125
2 0.24375 0.2046875 0.015625 0.0765625
2 0.8875 0.2015625 0.0109375 0.06875
2 0.834375 0.5234375 0.034375 0.0546875
2 0.8890625 0.575 0.021875 0.0734375
2 0.2453125 0.296875 0.0203125 0.0921875
2 0.121875 0.878125 0.0609375 0.0984375
2 0.865625 0.23125 0.009375 0.0375
2 0.6578125 0.55625 0.021875 0.059375
2 0.1640625 0.3609375 0.0140625 0.0609375
2 0.840625 0.5078125 0.01875 0.0234375
2 0.228125 0.18125 0.0125 0.0703125
2 0.2765625 0.2265625 0.0171875 0.046875
2 0.1125 0.9140625 0.08125 0.1671875
2 0.340625 0.2484375 0.0140625 0.0546875
2 0.153125 0.85625 0.06875 0.0953125
2 0.8046875 0.4765625 0.0171875 0.065625
2 0.2625 0.7015625 0.03125 0.2296875
2 0.853125 0.43125 0.0234375 0.01875
2 0.896875 0.6484375 0.0234375 0.096875
2 0.1625 0.29375 0.0203125 0.1171875
2 0.2046875 0.1671875 0.0109375 0.0375
2 0.275 0.203125 0.0125 0.0703125
2 0.153125 0.38125 0.0140625 0.0328125
2 0.8609375 0.5546875 0.0765625 0.115625
2 0.7609375 0.553125 0.046875 0.071875
2 0.2390625 0.18125 0.0125 0.0703125
2 0.94375 0.5609375 0.025 0.0359375
2 0.865625 0.2171875 0.0125 0.0671875
2 0.25625 0.159375 0.0125 0.040625
2 0.25625 0.80625 0.015625 0.01875
2 0.659375 0.5421875 0.0203125 0.03125
2 0.2578125 0.2625 0.0140625 0.04375
2 0.15 0.25625 0.0171875 0.08125
2 0.159375 0.403125 0.0234375 0.0765625
2 0.340625 0.2359375 0.009375 0.0328125
2 0.1625 0.34375 0.0171875 0.0953125
2 0.6609375 0.9390625 0.01875 0.1140625