2 0.3140625 0.5578125 0.04375 0.1859375
2 0.43125 0.6703125 0.053125 0.2609375
2 0.4921875 0.6640625 0.0546875 0.246875
2 0.5765625 0.7375 0.059375 0.290625
2 0.628125 0.225 0.0171875 0.0578125
2 0.690625 0.6015625 0.046875 0.2328125
2 0.415625 0.4859375 0.0171875 0.1125
2 0.3796875 0.4578125 0.0421875 0.1609375
2 0.68125 0.21875 0.0109375 0.0484375
2 0.3 0.315625 0.0328125 0.0984375
2 0.203125 0.3015625 0.01875 0.1
2 0.3546875 0.3109375 0.015625 0.1
2 0.434375 0.1671875 0.0078125 0.0359375
2 0.63125 0.6078125 0.03125 0.2296875
2 0.65625 0.6390625 0.0515625 0.2078125
2 0.45 0.2234375 0.0125 0.05625
2 0.7046875 0.225 0.0078125 0.04375
2 0.0546875 0.2078125 0.015625 0.0671875
2 0.6984375 0.215625 0.0078125 0.0578125
2 0.4265625 0.16875 0.0078125 0.040625
2 0.890625 0.2109375 0.009375 0.053125
2 0.5796875 0.1609375 0.0078125 0.0328125
2 0.5953125 0.1671875 0.0109375 0.021875
2 0.1671875 0.3515625 0.0140625 0.09375
2 0.075 0.1609375 0.0109375 0.046875
2 0.875 0.4515625 0.0140625 0.065625
2 0.1140625 0.2171875 0.0109375 0.0671875
2 0.1703125 0.3640625 0.0109375 0.0703125
2 0.9203125 0.7859375 0.025 0.0734375
2 0.478125 0.1625 0.0078125 0.0359375
2 0.146875 0.234375 0.0140625 0.071875
2 0.69375 0.1265625 0.0078125 0.0265625
2 0.03125 0.1921875 0.0140625 0.0546875
2 0.2 0.128125 0.0078125 0.0359375
2 0.1234375 0.221875 0.0140625 0.0859375
2 0.309375 0.284375 0.0109375 0.0375
2 0.5921875 0.1671875 0.00625 0.0203125
2 0.0921875 0.171875 0.00625 0.028125
2 0.3953125 0.384375 0.0203125 0.065625
2 0.5640625 0.4 0.009375 0.03125
2 0.925 0.08125 0.0109375 0.0265625
2 0.296875 0.2609375 0.009375 0.0328125
2 0.1671875 0.2546875 0.0109375 0.06875
2 0.3015625 0.290625 0.0328125 0.046875
2 0.56875 0.1703125 0.00625 0.0140625
2 0.6984375 0.13125 0.009375 0.021875
2 0.4296875 0.1234375 0.00625 0.028125
2 0.1328125 0.2328125 0.0125 0.071875
2 0.3375 0.1265625 0.00625 0.0234375
2 0.4921875 0.1625 0.00625 0.03125
2 0.9078125 0.8046875 0.0140625 0.0359375
2 0.159375 0.3484375 0.028125 0.0875
2 0.3921875 0.4046875 0.0140625 0.04375
2 0.328125 0.125 0.0046875 0.0234375
2 0.034375 0.134375 0.0109375 0.0390625
2 0.753125 0.1625 0.0046875 0.0296875
2 0.3125 0.3125 0.0203125 0.090625
2 0.884375 0.1484375 0.0078125 0.040625
2 0.7015625 0.13125 0.00625 0.01875
2 0.528125 0.403125 0.0234375 0.0421875
2 0.89375 0.1546875 0.00625 0.025
2 0.7734375 0.1390625 0.0046875 0.0234375
2 0.2875 0.13125 0.0046875 0.0171875
2 0.1125 0.1484375 0.00625 0.0265625
2 0.5109375 0.16875 0.00625 0.0234375
2 0.3859375 0.359375 0.009375 0.025
2 0.465625 0.1671875 0.0046875 0.028125
2 0.0171875 0.178125 0.0125 0.053125
2 0.20625 0.246875 0.009375 0.0234375
2 0.409375 0.1234375 0.003125 0.028125
2 0.0203125 0.1421875 0.009375 0.0375
2 0.096875 0.171875 0.0078125 0.028125
2 0.821875 0.2125 0.00625 0.0703125
2 0.86875 0.4359375 0.0328125 0.0984375
2 0.5875 0.16875 0.0125 0.021875
2 0.00625 0.3703125 0.0109375 0.0375
2 0.675 0.140625 0.0046875 0.0171875
2 0.8984375 0.2171875 0.028125 0.0640625
2 0.275 0.2546875 0.009375 0.0515625
2 0.3921875 0.090625 0.0046875 0.01875
2 0.478125 0.209375 0.009375 0.0484375
2 0.921875 0.775 0.0171875 0.0515625
2 0.49375 0.1703125 0.0046875 0.021875