2 0.2625 0.6515625 0.0453125 0.23125
2 0.2359375 0.91875 0.0671875 0.159375
2 0.3328125 0.909375 0.08125 0.178125
2 0.475 0.4921875 0.034375 0.1609375
2 0.3265625 0.68125 0.0546875 0.23125
2 0.4 0.6140625 0.046875 0.228125
2 0.453125 0.8734375 0.0640625 0.25
2 0.1875 0.646875 0.0375 0.2171875
2 0.0484375 0.8875 0.0734375 0.221875
2 0.7 0.6859375 0.0375 0.246875
2 0.4203125 0.5 0.028125 0.1546875
2 0.3734375 0.5859375 0.0390625 0.196875
2 0.5078125 0.7171875 0.0390625 0.2390625
2 0.6125 0.4171875 0.025 0.1234375
2 0.484375 0.84375 0.046875 0.2890625
2 0.5453125 0.8453125 0.0484375 0.284375
2 0.8015625 0.9015625 0.090625 0.19375
2 0.7 0.965625 0.040625 0.0671875
2 0.0625 0.60625 0.0390625 0.1390625
2 0.0515625 0.76875 0.0546875 0.1390625
2 0.10625 0.6890625 0.0515625 0.225
2 0.653125 0.3828125 0.025 0.1125
2 0.575 0.4078125 0.0203125 0.0984375
2 0.575 0.86875 0.0734375 0.253125
2 0.5015625 0.63125 0.0453125 0.1328125
2 0.646875 0.68125 0.0359375 0.21875
2 0.8015625 0.728125 0.0546875 0.1234375
2 0.8265625 0.475 0.0328125 0.1640625
2 0.565625 0.4859375 0.0296875 0.13125
2 0.5421875 0.5515625 0.021875 0.13125
2 0.1078125 0.625 0.05 0.096875
2 0.60625 0.525 0.0328125 0.1125
2 0.571875 0.5265625 0.03125 0.13125
2 0.634375 0.675 0.021875 0.2078125
2 0.875 0.5328125 0.0234375 0.1078125
2 0.790625 0.50625 0.034375 0.1421875
2 0.578125 0.2140625 0.0109375 0.0671875
2 0.746875 0.4296875 0.03125 0.1296875
2 0.525 0.5453125 0.025 0.1515625
2 0.753125 0.5359375 0.040625 0.128125
2 0.1796875 0.4140625 0.0109375 0.0234375
2 0.5921875 0.503125 0.0234375 0.1484375
2 0.0125 0.834375 0.025 0.21875
2 0.63125 0.7375 0.01875 0.08125
2 0.590625 0.38125 0.0140625 0.04375
2 0.0875 0.29375 0.0109375 0.053125
2 0.2109375 0.3328125 0.009375 0.0921875
2 0.6828125 0.415625 0.0265625 0.1109375
2 0.6359375 0.875 0.0640625 0.246875
2 0.853125 0.3 0.0140625 0.0328125
2 0.884375 0.5015625 0.021875 0.171875
2 0.8171875 0.7296875 0.025 0.1203125
2 0.7296875 0.3625 0.0171875 0.0890625
2 0.7953125 0.371875 0.01875 0.06875
2 0.784375 0.33125 0.0171875 0.0796875
2 0.0203125 0.65 0.040625 0.25
2 0.709375 0.475 0.028125 0.140625
2 0.8515625 0.3140625 0.0171875 0.0609375
2 0.6734375 0.365625 0.0171875 0.075
2 0.809375 0.471875 0.0296875 0.1640625
2 0.7703125 0.3296875 0.015625 0.0859375
2 0.71875 0.4078125 0.021875 0.1078125
2 0.0890625 0.59375 0.03125 0.0859375
2 0.7421875 0.334375 0.0140625 0.071875
2 0.753125 0.3453125 0.015625 0.075
2 0.859375 0.4765625 0.0234375 0.128125
2 0.7 0.4140625 0.01875 0.1125
2 0.2140625 0.2046875 0.0125 0.0609375
2 0.7 0.3453125 0.0140625 0.04375
2 0.5921875 0.4671875 0.0234375 0.0734375
2 0.7828125 0.4640625 0.0234375 0.09375
2 0.825 0.3140625 0.0125 0.0640625
2 0.20625 0.334375 0.01875 0.096875
2 0.834375 0.725 0.025 0.13125
2 0.6375 0.5828125 0.015625 0.0203125
2 0.759375 0.4609375 0.0296875 0.0890625
2 0.8375 0.3 0.0125 0.0359375
2 0.5953125 0.75 0.0703125 0.1046875
2 0.878125 0.44375 0.0171875 0.0921875
2 0.6859375 0.34375 0.0140625 0.0421875
2 0.696875 0.3 0.0140625 0.0515625
2 0.7359375 0.5359375 0.01875 0.10625
2 0.653125 0.7390625 0.0359375 0.1046875
2 0.7625 0.3375 0.0109375 0.065625
2 0.621875 0.7421875 0.0359375 0.090625
2 0.896875 0.85625 0.06875 0.28125
2 0.6703125 0.3296875 0.0171875 0.0484375
2 0.803125 0.31875 0.01875 0.075
2 0.8734375 0.44375 0.0109375 0.0734375
2 0.7578125 0.2859375 0.0125 0.0484375
2 0.778125 0.8984375 0.046875 0.1875
2 0.7046875 0.3078125 0.0140625 0.053125
2 0.0484375 0.8171875 0.065625 0.2328125
2 0.884375 0.4609375 0.01875 0.0859375
2 0.684375 0.3078125 0.0109375 0.05
2 0.8109375 0.4234375 0.025 0.0703125
2 0.7453125 0.2890625 0.0140625 0.0421875
2 0.71875 0.3296875 0.021875 0.0734375
2 0.796875 0.4109375 0.0140625 0.0359375
2 0.7046875 0.384375 0.0109375 0.0515625
2 0.778125 0.4546875 0.0171875 0.1140625
2 0.7125 0.3421875 0.0125 0.053125
2 0.215625 0.5984375 0.01875 0.0796875
2 0.6484375 0.8171875 0.0296875 0.25625