2 0.2640625 0.746875 0.0421875 0.25
2 0.4078125 0.1296875 0.0109375 0.0375
2 0.9625 0.8765625 0.0734375 0.246875
2 0.93125 0.3125 0.0265625 0.071875
2 0.984375 0.51875 0.028125 0.0890625
2 0.890625 0.4890625 0.009375 0.028125
2 0.9046875 0.48125 0.009375 0.028125
2 0.8234375 0.4609375 0.0078125 0.0234375
2 0.0734375 0.6671875 0.015625 0.05625
2 0.0890625 0.1015625 0.003125 0.0125
2 0.803125 0.5328125 0.009375 0.059375
2 0.5578125 0.09375 0.003125 0.0109375
2 0.059375 0.703125 0.0421875 0.1265625
2 0.3375 0.09375 0.003125 0.0125
2 0.571875 0.09375 0.0046875 0.0078125
2 0.49375 0.09375 0.003125 0.0078125
2 0.234375 0.096875 0.003125 0.009375
2 0.7921875 0.534375 0.0078125 0.0578125
2 0.8125 0.44375 0.0078125 0.021875
2 0.5734375 0.09375 0.003125 0.0078125
2 0.80625 0.446875 0.00625 0.021875
2 0.8015625 0.515625 0.0078125 0.0265625
2 0.80625 0.4734375 0.0078125 0.021875
2 0.7921875 0.5140625 0.00625 0.01875
2 0.99375 0.5390625 0.009375 0.0421875
2 0.5703125 0.09375 0.003125 0.0078125
2 0.4046875 0.1265625 0.0046875 0.028125