2 0.05625 0.571875 0.0484375 0.1984375
2 0.2765625 0.7125 0.0421875 0.2171875
2 0.3359375 0.3859375 0.0265625 0.1234375
2 0.384375 0.4265625 0.0265625 0.1328125
2 0.59375 0.903125 0.0546875 0.190625
2 0.1859375 0.5609375 0.04375 0.2015625
2 0.834375 0.5765625 0.040625 0.1484375
2 0.159375 0.5578125 0.0375 0.190625
2 0.5453125 0.421875 0.0234375 0.1171875
2 0.7078125 0.5890625 0.0375 0.1515625
2 0.746875 0.61875 0.04375 0.146875
2 0.1203125 0.25 0.0125 0.0609375
2 0.2828125 0.29375 0.0140625 0.046875
2 0.096875 0.2484375 0.015625 0.0640625
2 0.8046875 0.1421875 0.0078125 0.0359375
2 0.20625 0.3109375 0.01875 0.0859375
2 0.2171875 0.315625 0.015625 0.0859375
2 0.20625 0.2359375 0.0109375 0.05625
2 0.2515625 0.19375 0.0109375 0.046875
2 0.40625 0.1484375 0.0078125 0.0234375
2 0.3265625 0.1375 0.009375 0.0359375
2 0.265625 0.2984375 0.0109375 0.021875
2 0.0484375 0.1609375 0.00625 0.0328125
2 0.1984375 0.24375 0.0125 0.05
2 0.24375 0.196875 0.0078125 0.0421875
2 0.734375 0.1359375 0.0078125 0.0328125
2 0.4140625 0.171875 0.0125 0.08125
2 0.1828125 0.225 0.0125 0.0359375
2 0.0609375 0.1921875 0.0078125 0.0390625
2 0.05 0.1921875 0.0078125 0.040625
2 0.2125 0.1828125 0.0078125 0.0140625
2 0.534375 0.2109375 0.0078125 0.0265625
2 0.3328125 0.1421875 0.009375 0.0234375
2 0.121875 0.134375 0.00625 0.034375
2 0.7421875 0.5515625 0.0234375 0.0453125
2 0.084375 0.175 0.009375 0.0375
2 0.6046875 0.134375 0.0046875 0.0203125
2 0.4140625 0.1484375 0.0078125 0.03125
2 0.6 0.1328125 0.003125 0.0171875
2 0.096875 0.1734375 0.0078125 0.0296875
2 0.7703125 0.6625 0.05625 0.09375
2 0.0578125 0.184375 0.0078125 0.0515625
2 0.0828125 0.178125 0.00625 0.03125
2 0.3625 0.346875 0.0078125 0.0234375
2 0.478125 0.1390625 0.003125 0.0140625
2 0.3734375 0.121875 0.0046875 0.0171875
2 0.6890625 0.15 0.0046875 0.0125
2 0.3125 0.14375 0.00625 0.0265625
2 0.3078125 0.325 0.0109375 0.0484375
2 0.6421875 0.1484375 0.00625 0.021875
2 0.38125 0.11875 0.00625 0.0203125
2 0.0890625 0.1921875 0.0078125 0.028125
2 0.128125 0.1203125 0.0046875 0.015625
2 0.2828125 0.1875 0.0078125 0.034375
2 0.146875 0.2046875 0.0109375 0.0234375
2 0.05625 0.16875 0.00625 0.021875
2 0.309375 0.1421875 0.0109375 0.028125
2 0.0625 0.165625 0.009375 0.0234375
2 0.728125 0.128125 0.0046875 0.021875
2 0.0921875 0.2390625 0.0078125 0.04375
2 0.846875 0.13125 0.003125 0.0125
2 0.46875 0.1296875 0.0046875 0.0265625
2 0.1453125 0.1171875 0.00625 0.0203125
2 0.3453125 0.3484375 0.0078125 0.0359375
2 0.259375 0.2953125 0.00625 0.0171875
2 0.1125 0.18125 0.009375 0.01875
2 0.1203125 0.1265625 0.00625 0.0171875
2 0.265625 0.3171875 0.0109375 0.0609375
2 0.2140625 0.1984375 0.0109375 0.0453125
2 0.0046875 0.140625 0.0046875 0.0234375
2 0.8484375 0.1390625 0.0140625 0.0265625
2 0.246875 0.1953125 0.0078125 0.0421875