2 0.71875 0.8296875 0.0546875 0.265625
2 0.65 0.5703125 0.0359375 0.190625
2 0.8625 0.6828125 0.0328125 0.125
2 0.4109375 0.2359375 0.009375 0.03125
2 0.46875 0.403125 0.015625 0.1015625
2 0.703125 0.421875 0.0265625 0.1015625
2 0.440625 0.2359375 0.0078125 0.025
2 0.2953125 0.2390625 0.0078125 0.0359375
2 0.503125 0.3984375 0.0171875 0.08125
2 0.74375 0.421875 0.021875 0.1015625
2 0.51875 0.3859375 0.01875 0.06875
2 0.8671875 0.31875 0.0125 0.0609375
2 0.19375 0.2484375 0.0078125 0.028125
2 0.0796875 0.24375 0.01875 0.0296875
2 0.6125 0.2625 0.01875 0.021875
2 0.1828125 0.253125 0.0109375 0.0265625
2 0.8 0.375 0.01875 0.0828125
2 0.7671875 0.4203125 0.021875 0.10625
2 0.8421875 0.2859375 0.0109375 0.053125
2 0.31875 0.24375 0.0046875 0.0375
2 0.675 0.3953125 0.0109375 0.0640625
2 0.3109375 0.1984375 0.00625 0.021875
2 0.209375 0.35625 0.01875 0.0671875
2 0.21875 0.359375 0.0125 0.0875
2 0.1765625 0.25625 0.0046875 0.021875
2 0.2859375 0.1984375 0.0046875 0.015625
2 0.7828125 0.3734375 0.0171875 0.0859375
2 0.221875 0.36875 0.009375 0.08125
2 0.79375 0.353125 0.015625 0.09375
2 0.7453125 0.3328125 0.015625 0.053125
2 0.76875 0.346875 0.015625 0.059375
2 0.7140625 0.3875 0.0125 0.046875
2 0.21875 0.33125 0.009375 0.03125
2 0.24375 0.34375 0.009375 0.04375
2 0.865625 0.26875 0.0109375 0.0515625
2 0.4484375 0.1890625 0.0046875 0.0171875
2 0.90625 0.3859375 0.0203125 0.0875
2 0.7015625 0.346875 0.0125 0.0421875
2 0.29375 0.1953125 0.00625 0.0234375
2 0.9421875 0.3078125 0.0125 0.0671875
2 0.9125 0.3828125 0.009375 0.0671875
2 0.79375 0.328125 0.0140625 0.04375
2 0.8953125 0.2828125 0.0125 0.03125
2 0.8546875 0.271875 0.0078125 0.0421875
2 0.921875 0.2734375 0.0109375 0.0484375
2 0.265625 0.1796875 0.0046875 0.0109375
2 0.071875 0.24375 0.00625 0.0265625
2 0.45625 0.23125 0.0078125 0.021875
2 0.675 0.1828125 0.0046875 0.021875
2 0.8015625 0.2671875 0.0109375 0.0140625
2 0.3046875 0.2125 0.00625 0.01875
2 0.4921875 0.2328125 0.0046875 0.01875
2 0.7375 0.3625 0.0125 0.065625
2 0.44375 0.2359375 0.0078125 0.0234375
2 0.4140625 0.2359375 0.00625 0.028125