2 0.9703125 0.690625 0.059375 0.2578125
2 0.7640625 0.5421875 0.0421875 0.1671875
2 0.9875 0.43125 0.021875 0.121875
2 0.009375 0.78125 0.01875 0.1625
2 0.8328125 0.2640625 0.0203125 0.0671875
2 0.715625 0.484375 0.0234375 0.0671875
2 0.6390625 0.4484375 0.0078125 0.0265625
2 0.71875 0.4359375 0.0203125 0.065625
2 0.559375 0.4265625 0.0078125 0.04375
2 0.6515625 0.4375 0.009375 0.0265625
2 0.55 0.5109375 0.0078125 0.0359375
2 0.4328125 0.084375 0.003125 0.0078125
2 0.575 0.428125 0.00625 0.0234375
2 0.6484375 0.5109375 0.0171875 0.0875
2 0.4375 0.0859375 0.003125 0.0078125
2 0.6609375 0.4765625 0.009375 0.03125
2 0.65 0.4828125 0.025 0.1171875
2 0.653125 0.4609375 0.0203125 0.071875
2 0.753125 0.525 0.0234375 0.09375
2 0.5484375 0.4828125 0.0046875 0.021875
2 0.565625 0.4140625 0.0078125 0.0234375
2 0.559375 0.440625 0.00625 0.01875
2 0.5578125 0.4796875 0.00625 0.0171875
2 0.5578125 0.4171875 0.0046875 0.0234375
2 0.715625 0.440625 0.0125 0.0328125