2 0.178125 0.8453125 0.075 0.3078125
2 0.29375 0.6546875 0.0484375 0.2265625
2 0.440625 0.7234375 0.05625 0.290625
2 0.1875 0.63125 0.046875 0.2078125
2 0.865625 0.5515625 0.0453125 0.121875
2 0.753125 0.7171875 0.05 0.10625
2 0.2546875 0.5578125 0.0359375 0.16875
2 0.453125 0.51875 0.0390625 0.1734375
2 0.6203125 0.4140625 0.021875 0.096875
2 0.6953125 0.4984375 0.0375 0.1671875
2 0.5515625 0.678125 0.040625 0.2640625
2 0.325 0.6546875 0.03125 0.2078125
2 0.55625 0.4890625 0.0265625 0.1609375
2 0.5203125 0.7078125 0.040625 0.25625
2 0.46875 0.6875 0.04375 0.2421875
2 0.5390625 0.49375 0.0234375 0.1546875
2 0.484375 0.5296875 0.0328125 0.1328125
2 0.578125 0.2140625 0.009375 0.065625
2 0.65625 0.5046875 0.028125 0.15
2 0.5 0.659375 0.0375 0.2078125
2 0.4890625 0.4484375 0.0296875 0.0984375
2 0.0609375 0.6203125 0.025 0.03125
2 0.571875 0.8765625 0.0765625 0.2453125
2 0.8578125 0.4734375 0.028125 0.134375
2 0.0515625 0.81875 0.053125 0.21875
2 0.215625 0.3734375 0.0125 0.028125
2 0.590625 0.56875 0.0171875 0.0234375
2 0.665625 0.4046875 0.0203125 0.1109375
2 0.7140625 0.3421875 0.01875 0.0890625
2 0.8 0.725 0.0453125 0.121875
2 0.078125 0.7046875 0.0625 0.196875
2 0.7546875 0.5609375 0.0328125 0.08125
2 0.8296875 0.2984375 0.0203125 0.0390625
2 0.740625 0.365625 0.021875 0.096875
2 0.5796875 0.6734375 0.0390625 0.2328125
2 0.6328125 0.73125 0.01875 0.071875
2 0.634375 0.878125 0.0671875 0.240625
2 0.315625 0.58125 0.0125 0.053125
2 0.690625 0.3984375 0.021875 0.096875
2 0.728125 0.553125 0.0375 0.1375
2 0.7859375 0.534375 0.03125 0.0734375
2 0.1796875 0.4109375 0.009375 0.0203125
2 0.746875 0.5109375 0.021875 0.06875
2 0.521875 0.434375 0.0171875 0.0765625
2 0.6046875 0.675 0.053125 0.2359375
2 0.2140625 0.203125 0.0125 0.05625
2 0.640625 0.4109375 0.0125 0.1046875
2 0.6546875 0.415625 0.0359375 0.121875
2 0.884375 0.4734375 0.01875 0.109375
2 0.0859375 0.584375 0.0375 0.0625
2 0.2171875 0.36875 0.009375 0.0171875
2 0.7921875 0.6640625 0.059375 0.2453125
2 0.5125 0.4375 0.0109375 0.0671875
2 0.8796875 0.4453125 0.015625 0.09375
2 0.81875 0.471875 0.0234375 0.16875
2 0.234375 0.5734375 0.0140625 0.0796875
2 0.8 0.48125 0.025 0.1484375
2 0.703125 0.409375 0.0265625 0.0921875
2 0.7765625 0.5609375 0.025 0.0390625
2 0.05625 0.6734375 0.0359375 0.134375
2 0.278125 0.5234375 0.040625 0.1375
2 0.7828125 0.5203125 0.0234375 0.0484375
2 0.73125 0.29375 0.0140625 0.078125
2 0.6171875 0.746875 0.05 0.10625
2 0.465625 0.446875 0.01875 0.0875
2 0.096875 0.6234375 0.0125 0.01875
2 0.0765625 0.571875 0.01875 0.0390625
2 0.5765625 0.74375 0.034375 0.0921875
2 0.43125 0.653125 0.040625 0.21875
2 0.6296875 0.321875 0.015625 0.04375
2 0.63125 0.34375 0.01875 0.090625
2 0.81875 0.3265625 0.015625 0.0546875
2 0.3140625 0.6171875 0.0140625 0.1265625
2 0.5515625 0.58125 0.040625 0.06875
2 0.8171875 0.421875 0.0203125 0.06875
2 0.78125 0.4546875 0.021875 0.1125
2 0.65 0.33125 0.0171875 0.059375
2 0.6734375 0.3453125 0.015625 0.04375
2 0.0890625 0.5765625 0.0140625 0.03125
2 0.896875 0.85625 0.06875 0.275
2 0.803125 0.328125 0.0171875 0.071875
2 0.675 0.33125 0.0203125 0.0671875
2 0.759375 0.4828125 0.025 0.0890625
2 0.7453125 0.6015625 0.0515625 0.1640625
2 0.578125 0.2 0.0078125 0.0359375
2 0.053125 0.7546875 0.03125 0.0890625
2 0.8359375 0.7203125 0.03125 0.1390625