2 0.1859375 0.33125 0.040625 0.2109375
2 0.225 0.246875 0.034375 0.1390625
2 0.8203125 0.48125 0.0421875 0.1515625
2 0.1 0.1921875 0.025 0.1171875
2 0.13125 0.1875 0.01875 0.121875
2 0.9703125 0.7171875 0.059375 0.3234375
2 0.271875 0.6171875 0.06875 0.30625
2 0.3875 0.0515625 0.0125 0.0640625
2 0.440625 0.0578125 0.0125 0.065625
2 0.1890625 0.1859375 0.025 0.1125
2 0.475 0.053125 0.0140625 0.06875
2 0.221875 0.1625 0.021875 0.075
2 0.328125 0.0515625 0.0140625 0.0578125
2 0.2453125 0.14375 0.01875 0.09375
2 0.25625 0.128125 0.0234375 0.09375
2 0.1171875 0.0640625 0.015625 0.090625
2 0.9625 0.5765625 0.059375 0.06875
2 0.1 0.0640625 0.0203125 0.0890625
2 0.70625 0.0796875 0.0109375 0.0375
2 0.4609375 0.3234375 0.0109375 0.0359375
2 0.04375 0.015625 0.0125 0.03125
2 0.446875 0.3140625 0.0125 0.0390625
2 0.715625 0.071875 0.03125 0.053125
2 0.7109375 0.0703125 0.0125 0.0515625
2 0.409375 0.24375 0.0140625 0.0515625
2 0.3375 0.0484375 0.0125 0.053125
2 0.065625 0.0203125 0.0140625 0.0390625
2 0.728125 0.078125 0.00625 0.0328125
2 0.290625 0.0421875 0.009375 0.03125
2 0.0875 0.0265625 0.0078125 0.028125
2 0.9921875 0.7078125 0.015625 0.240625
2 0.5984375 0.4734375 0.015625 0.0484375
2 0.9921875 0.7984375 0.015625 0.0578125
2 0.134375 0.0453125 0.0125 0.04375
2 0.075 0.0234375 0.009375 0.03125
2 0.1 0.015625 0.009375 0.03125
2 0.9859375 0.6921875 0.028125 0.271875
2 0.0296875 0.0078125 0.009375 0.015625
2 0.1265625 0.046875 0.009375 0.0484375
2 0.9703125 0.7578125 0.059375 0.1453125
2 0.1484375 0.04375 0.0140625 0.04375
2 0.00625 0.034375 0.0125 0.06875