2 0.440625 0.65625 0.03125 0.2328125
2 0.175 0.9203125 0.0671875 0.15625
2 0.5109375 0.4875 0.025 0.146875
2 0.2515625 0.9203125 0.0734375 0.15625
2 0.3890625 0.9109375 0.0765625 0.1765625
2 0.540625 0.5328125 0.0359375 0.1640625
2 0.4078125 0.7 0.05625 0.1390625
2 0.2390625 0.571875 0.0234375 0.140625
2 0.05 0.846875 0.0453125 0.29375
2 0.1328125 0.984375 0.0296875 0.028125
2 0.5234375 0.8328125 0.0609375 0.253125
2 0.28125 0.3453125 0.0140625 0.0421875
2 0.71875 0.6609375 0.034375 0.2328125
2 0.2859375 0.6171875 0.0390625 0.1984375
2 0.625 0.890625 0.075 0.2171875
2 0.3046875 0.984375 0.0296875 0.0296875
2 0.025 0.8671875 0.0484375 0.2609375
2 0.315625 0.7734375 0.0578125 0.2375
2 0.315625 0.6109375 0.0375 0.1765625
2 0.096875 0.6859375 0.0484375 0.23125
2 0.2703125 0.79375 0.0546875 0.2171875
2 0.5328125 0.940625 0.05625 0.1171875
2 0.5140625 0.6 0.040625 0.121875
2 0.578125 0.540625 0.0390625 0.10625
2 0.55 0.8921875 0.0546875 0.2109375
2 0.65625 0.54375 0.03125 0.121875
2 0.409375 0.828125 0.075 0.2296875
2 0.603125 0.51875 0.025 0.1140625
2 0.40625 0.328125 0.015625 0.03125
2 0.8453125 0.91875 0.0640625 0.1609375
2 0.2125 0.36875 0.009375 0.0265625
2 0.0984375 0.60625 0.0484375 0.071875
2 0.825 0.5453125 0.0390625 0.0734375
2 0.296875 0.86875 0.0546875 0.2609375
2 0.65 0.425 0.021875 0.1140625
2 0.7515625 0.3609375 0.015625 0.0828125
2 0.61875 0.5359375 0.0328125 0.1015625
2 0.7 0.4578125 0.0296875 0.15625
2 0.1796875 0.4125 0.0109375 0.0234375
2 0.66875 0.490625 0.0265625 0.1453125
2 0.2140625 0.21875 0.0140625 0.08125
2 0.7171875 0.4859375 0.025 0.128125
2 0.2140625 0.24375 0.00625 0.03125
2 0.646875 0.8859375 0.0375 0.2234375
2 0.6203125 0.4125 0.0171875 0.09375
2 0.578125 0.215625 0.0109375 0.0671875
2 0.18125 0.5875 0.03125 0.09375
2 0.60625 0.4046875 0.0203125 0.0625
2 0.703125 0.584375 0.021875 0.0765625
2 0.1109375 0.5609375 0.0234375 0.0390625
2 0.7203125 0.3984375 0.0203125 0.10625
2 0.5859375 0.8765625 0.0484375 0.2390625
2 0.63125 0.734375 0.0203125 0.0921875
2 0.6140625 0.3546875 0.028125 0.0765625
2 0.8296875 0.503125 0.0265625 0.0765625
2 0.275 0.25625 0.0109375 0.053125
2 0.084375 0.5734375 0.03125 0.04375
2 0.6328125 0.3578125 0.0125 0.096875
2 0.8 0.73125 0.0515625 0.121875
2 0.675 0.7484375 0.05 0.2828125
2 0.784375 0.5359375 0.0296875 0.0859375
2 0.8265625 0.44375 0.03125 0.1015625
2 0.66875 0.38125 0.0171875 0.065625
2 0.5984375 0.74375 0.071875 0.1078125
2 0.7828125 0.465625 0.0234375 0.09375
2 0.7703125 0.31875 0.015625 0.0828125
2 0.8296875 0.3109375 0.0171875 0.0609375
2 0.703125 0.6484375 0.021875 0.203125
2 0.6921875 0.3765625 0.0203125 0.0546875
2 0.2234375 0.5484375 0.015625 0.1125
2 0.71875 0.3390625 0.015625 0.04375
2 0.8484375 0.3140625 0.0140625 0.05625
2 0.8015625 0.471875 0.0234375 0.15
2 0.04375 0.9859375 0.0265625 0.025
2 0.825 0.65 0.0390625 0.2828125
2 0.88125 0.4609375 0.01875 0.08125
2 0.759375 0.4984375 0.0296875 0.1546875
2 0.0203125 0.6421875 0.040625 0.2328125
2 0.6328125 0.334375 0.0109375 0.0515625
2 0.8015625 0.3359375 0.0125 0.0671875
2 0.7875 0.3234375 0.0140625 0.05625
2 0.7328125 0.296875 0.015625 0.0765625
2 0.5125 0.6546875 0.04375 0.23125
2 0.6765625 0.35625 0.0171875 0.084375
2 0.5875 0.40625 0.015625 0.0546875
2 0.7296875 0.3640625 0.0140625 0.084375
2 0.2109375 0.5625 0.03125 0.1390625
2 0.315625 0.9890625 0.009375 0.01875
2 0.2890625 0.4796875 0.0140625 0.046875
2 0.746875 0.465625 0.0109375 0.046875
2 0.2734375 0.478125 0.0390625 0.0515625
2 0.184375 0.6359375 0.0375 0.190625
2 0.5765625 0.7421875 0.03125 0.0890625
2 0.0875 0.296875 0.0109375 0.059375
2 0.01875 0.584375 0.0375 0.1171875
2 0.709375 0.2640625 0.0109375 0.0390625
2 0.675 0.3078125 0.0140625 0.0421875
2 0.21875 0.24375 0.00625 0.0265625
2 0.6875 0.3046875 0.0125 0.0390625
2 0.815625 0.4140625 0.015625 0.05
2 0.7484375 0.3125 0.015625 0.046875
2 0.321875 0.4609375 0.0109375 0.0140625
2 0.2125 0.1890625 0.0125 0.0234375
2 0.5890625 0.3296875 0.009375 0.034375
2 0.18125 0.2265625 0.00625 0.0390625
2 0.69375 0.3421875 0.015625 0.05625
2 0.571875 0.225 0.009375 0.0453125
2 0.7046875 0.2984375 0.0140625 0.046875
2 0.61875 0.74375 0.0453125 0.1125
2 0.815625 0.4390625 0.0171875 0.1
2 0.1546875 0.3859375 0.009375 0.0375
2 0.2203125 0.5 0.0078125 0.01875
2 0.6921875 0.4078125 0.0203125 0.1125
2 0.2046875 0.5859375 0.0203125 0.09375
2 0.8015625 0.428125 0.0203125 0.065625
2 0.684375 0.34375 0.0078125 0.0453125
2 0.7609375 0.284375 0.0125 0.053125
2 0.646875 0.3375 0.0125 0.0515625
2 0.1109375 0.5890625 0.0265625 0.0953125
2 0.434375 0.4375 0.015625 0.046875
2 0.703125 0.3484375 0.0109375 0.059375
2 0.75 0.2796875 0.015625 0.04375
2 0.71875 0.5921875 0.0328125 0.09375
2 0.859375 0.475 0.025 0.125
2 0.278125 0.2484375 0.0078125 0.0375
2 0.684375 0.6984375 0.0328125 0.1828125
2 0.1546875 0.3953125 0.009375 0.01875
2 0.040625 0.9625 0.03125 0.071875
2 0.034375 0.4390625 0.0109375 0.0140625
2 0.8125 0.3390625 0.0140625 0.0765625
2 0.8359375 0.7203125 0.028125 0.1421875