2 0.4328125 0.29375 0.01875 0.096875
2 0.05 0.715625 0.0484375 0.1390625
2 0.8421875 0.6953125 0.071875 0.2375
2 0.46875 0.2953125 0.015625 0.0875
2 0.8234375 0.6609375 0.0640625 0.246875
2 0.86875 0.5453125 0.0328125 0.11875
2 0.8875 0.4796875 0.0234375 0.078125
2 0.7265625 0.44375 0.0078125 0.0234375
2 0.790625 0.46875 0.009375 0.028125
2 0.93125 0.4546875 0.034375 0.075
2 0.878125 0.4984375 0.0265625 0.071875
2 0.6984375 0.5171875 0.0078125 0.05625
2 0.7890625 0.46875 0.0046875 0.0265625
2 0.9390625 0.4671875 0.01875 0.0484375
2 0.709375 0.44375 0.0078125 0.0453125
2 0.8015625 0.5171875 0.0171875 0.0484375
2 0.884375 0.5125 0.034375 0.1421875
2 0.8046875 0.4609375 0.0078125 0.0265625
2 0.7078125 0.515625 0.009375 0.05625
2 0.715625 0.428125 0.0078125 0.021875
2 0.709375 0.43125 0.00625 0.021875
2 0.9078125 0.4265625 0.0078125 0.0234375
2 0.921875 0.440625 0.0140625 0.046875
2 0.709375 0.45625 0.0078125 0.01875
2 0.7078125 0.496875 0.0046875 0.01875