2 0.2578125 0.6671875 0.0625 0.24375
2 0.428125 0.771875 0.0484375 0.259375
2 0.484375 0.578125 0.0359375 0.1875
2 0.35 0.5734375 0.03125 0.18125
2 0.521875 0.5640625 0.0359375 0.140625
2 0.3921875 0.646875 0.0375 0.1875
2 0.528125 0.7953125 0.0609375 0.1890625
2 0.63125 0.884375 0.075 0.2296875
2 0.5171875 0.421875 0.0234375 0.1234375
2 0.421875 0.9546875 0.0609375 0.0890625
2 0.065625 0.5921875 0.04375 0.103125
2 0.7015625 0.64375 0.0453125 0.196875
2 0.5484375 0.4265625 0.025 0.1140625
2 0.540625 0.9046875 0.0609375 0.1875
2 0.6984375 0.49375 0.0328125 0.134375
2 0.6625 0.5359375 0.0375 0.15
2 0.675 0.4359375 0.0265625 0.128125
2 0.5953125 0.478125 0.0296875 0.1625
2 0.7046875 0.4171875 0.0234375 0.08125
2 0.4484375 0.2625 0.0109375 0.0328125
2 0.271875 0.271875 0.0109375 0.059375
2 0.8734375 0.5296875 0.0234375 0.1109375
2 0.5828125 0.4265625 0.0234375 0.1171875
2 0.39375 0.575 0.0375 0.1765625
2 0.5828125 0.35625 0.015625 0.05625
2 0.8234375 0.475 0.0328125 0.1640625
2 0.7671875 0.5609375 0.021875 0.046875
2 0.271875 0.4765625 0.04375 0.05625
2 0.765625 0.646875 0.0265625 0.2171875
2 0.59375 0.74375 0.06875 0.1015625
2 0.5765625 0.8796875 0.0671875 0.2359375
2 0.63125 0.4234375 0.03125 0.1234375
2 0.55625 0.4546875 0.0078125 0.0359375
2 0.1546875 0.590625 0.03125 0.0890625
2 0.5109375 0.3015625 0.0140625 0.0234375
2 0.6625 0.3546875 0.0203125 0.0890625
2 0.740625 0.40625 0.015625 0.0984375
2 0.6375 0.365625 0.0234375 0.0671875
2 0.2234375 0.5859375 0.0140625 0.0484375
2 0.765625 0.715625 0.021875 0.08125
2 0.5765625 0.2140625 0.0109375 0.0671875
2 0.2734375 0.5203125 0.0453125 0.1453125
2 0.2125 0.20625 0.0109375 0.05625
2 0.084375 0.28125 0.0109375 0.03125
2 0.178125 0.4109375 0.0109375 0.021875
2 0.0859375 0.646875 0.021875 0.0671875
2 0.2109375 0.3703125 0.0078125 0.0234375
2 0.2640625 0.2765625 0.00625 0.0484375
2 0.603125 0.4234375 0.0265625 0.1234375
2 0.75 0.4140625 0.0265625 0.08125
2 0.078125 0.6484375 0.040625 0.071875
2 0.6109375 0.425 0.0171875 0.1234375
2 0.61875 0.4109375 0.015625 0.1140625
2 0.690625 0.65 0.021875 0.1828125
2 0.88125 0.503125 0.021875 0.1625
2 0.61875 0.3734375 0.0140625 0.0390625
2 0.253125 0.46875 0.009375 0.0421875
2 0.8578125 0.4765625 0.025 0.1296875
2 0.6171875 0.53125 0.025 0.071875
2 0.778125 0.35 0.021875 0.0515625
2 0.8 0.4734375 0.0234375 0.15625
2 0.8765625 0.4359375 0.0171875 0.078125
2 0.728125 0.31875 0.015625 0.0828125
2 0.0765625 0.70625 0.046875 0.1890625
2 0.0875 0.5859375 0.03125 0.0734375
2 0.7828125 0.253125 0.009375 0.0328125
2 0.65 0.7484375 0.034375 0.1328125
2 0.79375 0.315625 0.015625 0.0546875
2 0.6734375 0.334375 0.0140625 0.0609375
2 0.44375 0.2609375 0.00625 0.028125
2 0.01875 0.6046875 0.0359375 0.15625
2 0.80625 0.3484375 0.021875 0.05625
2 0.7515625 0.3453125 0.0125 0.0421875
2 0.75625 0.3640625 0.015625 0.0640625
2 0.7921875 0.3953125 0.015625 0.046875
2 0.1359375 0.590625 0.01875 0.08125
2 0.6296875 0.7328125 0.0171875 0.078125
2 0.2875 0.4796875 0.015625 0.05
2 0.6015625 0.39375 0.0203125 0.0640625
2 0.7453125 0.3 0.0140625 0.0671875
2 0.8359375 0.3140625 0.0171875 0.059375
2 0.7703125 0.33125 0.015625 0.0421875
2 0.6890625 0.5953125 0.021875 0.0734375
2 0.7671875 0.38125 0.015625 0.05625
2 0.70625 0.325 0.0140625 0.071875
2 0.80625 0.3109375 0.0109375 0.0328125
2 0.05 0.83125 0.0515625 0.128125
2 0.7859375 0.4390625 0.0296875 0.1328125
2 0.575 0.7390625 0.03125 0.0890625
2 0.753125 0.5046875 0.028125 0.1328125
2 0.08125 0.2859375 0.00625 0.040625
2 0.7828125 0.496875 0.03125 0.153125
2 0.6953125 0.3234375 0.0140625 0.0734375