2 0.31875 0.55 0.0375 0.1734375
2 0.090625 0.9265625 0.08125 0.14375
2 0.6453125 0.80625 0.0609375 0.3046875
2 0.725 0.81875 0.0578125 0.3140625
2 0.08125 0.24375 0.01875 0.03125
2 0.3890625 0.584375 0.04375 0.1859375
2 0.4015625 0.246875 0.0078125 0.0375
2 0.734375 0.4359375 0.025 0.128125
2 0.6765625 0.7125 0.05 0.1921875
2 0.18125 0.253125 0.0125 0.028125
2 0.83125 0.7796875 0.0359375 0.196875
2 0.7859375 0.8 0.0421875 0.2734375
2 0.7765625 0.45 0.025 0.1078125
2 0.7546875 0.8078125 0.0296875 0.246875
2 0.7671875 0.38125 0.021875 0.096875
2 0.7546875 0.4546875 0.01875 0.096875
2 0.4484375 0.2515625 0.0109375 0.0328125
2 0.6125 0.2609375 0.0125 0.021875
2 0.89375 0.3984375 0.028125 0.1125
2 0.85 0.4 0.0203125 0.1078125
2 0.9125 0.3765625 0.015625 0.103125
2 0.690625 0.7515625 0.0203125 0.0890625
2 0.7515625 0.3296875 0.015625 0.0609375
2 0.86875 0.3953125 0.01875 0.1015625
2 0.6 0.2625 0.0078125 0.0296875
2 0.20625 0.425 0.034375 0.0875
2 0.9015625 0.2859375 0.0125 0.021875
2 0.6765625 0.359375 0.009375 0.046875
2 0.80625 0.325 0.015625 0.0609375
2 0.6265625 0.053125 0.0171875 0.0671875
2 0.3984375 0.1953125 0.0046875 0.015625
2 0.828125 0.3125 0.0140625 0.0671875
2 0.93125 0.3140625 0.0125 0.0625
2 0.178125 0.253125 0.00625 0.0234375
2 0.871875 0.3140625 0.0125 0.0671875
2 0.875 0.2625 0.0078125 0.0359375
2 0.915625 0.2578125 0.0078125 0.040625
2 0.8421875 0.7234375 0.0140625 0.0875
2 0.7234375 0.3421875 0.0125 0.0375
2 0.8375 0.3125 0.009375 0.06875
2 0.2125 0.4546875 0.0171875 0.028125
2 0.859375 0.33125 0.0140625 0.0640625
2 0.2046875 0.453125 0.028125 0.03125
2 0.4453125 0.2515625 0.00625 0.0296875
2 0.75625 0.3296875 0.0109375 0.0578125
2 0.7375 0.3765625 0.0171875 0.0390625
2 0.8875 0.2890625 0.015625 0.03125
2 0.584375 0.24375 0.00625 0.025
2 0.759375 0.309375 0.00625 0.01875
2 0.853125 0.30625 0.0140625 0.0578125
2 0.6765625 0.38125 0.0109375 0.0890625
2 0.0921875 0.1671875 0.0078125 0.0125
2 0.6765625 0.1828125 0.0046875 0.0234375
2 0.7390625 0.340625 0.0078125 0.0265625
2 0.2015625 0.2109375 0.00625 0.0203125
2 0.734375 0.3859375 0.0234375 0.0609375
2 0.8625 0.29375 0.009375 0.0375
2 0.1078125 0.1828125 0.00625 0.0125
2 0.4921875 0.234375 0.00625 0.01875
2 0.6953125 0.3625 0.009375 0.01875
2 0.7515625 0.3140625 0.009375 0.0265625
2 0.940625 0.3078125 0.0125 0.075
2 0.8875 0.3109375 0.015625 0.0734375
2 0.075 0.24375 0.015625 0.0265625