2 0.53125 0.6609375 0.040625 0.121875
2 0.6984375 0.303125 0.0265625 0.078125
2 0.55 0.278125 0.025 0.078125
2 0.0140625 0.5875 0.028125 0.175
2 0.0484375 0.55 0.0296875 0.1109375
2 0.253125 0.609375 0.0515625 0.1828125
2 0.053125 0.5921875 0.0375 0.19375
2 0.4546875 0.65625 0.0390625 0.1203125
2 0.0140625 0.115625 0.00625 0.01875
2 0.409375 0.1 0.003125 0.0078125
2 0.465625 0.6515625 0.015625 0.1078125
2 0.465625 0.6265625 0.015625 0.0578125
2 0.4578125 0.1015625 0.003125 0.009375
2 0.6484375 0.10625 0.003125 0.0078125
2 0.0171875 0.115625 0.0046875 0.0171875
2 0.0109375 0.1171875 0.0046875 0.0171875