2 0.40625 0.76875 0.053125 0.2703125
2 0.2890625 0.5953125 0.0453125 0.19375
2 0.425 0.659375 0.0390625 0.2375
2 0.4921875 0.5359375 0.034375 0.1796875
2 0.4625 0.90625 0.0546875 0.184375
2 0.521875 0.871875 0.046875 0.2546875
2 0.721875 0.7671875 0.0453125 0.1828125
2 0.053125 0.9 0.078125 0.1984375
2 0.621875 0.9125 0.075 0.1734375
2 0.4265625 0.515625 0.03125 0.1234375
2 0.1515625 0.934375 0.096875 0.13125
2 0.5 0.4234375 0.0328125 0.1078125
2 0.6890625 0.515625 0.0359375 0.16875
2 0.0109375 0.903125 0.021875 0.1875
2 0.096875 0.6234375 0.04375 0.128125
2 0.5609375 0.5171875 0.0296875 0.15625
2 0.5625 0.90625 0.0640625 0.1859375
2 0.5734375 0.3828125 0.01875 0.1046875
2 0.36875 0.5671875 0.0453125 0.1859375
2 0.05625 0.6171875 0.0421875 0.1671875
2 0.884375 0.540625 0.028125 0.1453125
2 0.5890625 0.50625 0.0296875 0.1359375
2 0.5140625 0.284375 0.0109375 0.0484375
2 0.5765625 0.8296875 0.065625 0.146875
2 0.765625 0.7296875 0.0234375 0.1125
2 0.5859375 0.6578125 0.0515625 0.259375
2 0.8265625 0.475 0.0328125 0.1625
2 0.76875 0.5375 0.0390625 0.109375
2 0.578125 0.2140625 0.0109375 0.065625
2 0.621875 0.4453125 0.03125 0.090625
2 0.5359375 0.3890625 0.0125 0.0328125
2 0.646875 0.5171875 0.0296875 0.1171875
2 0.6078125 0.39375 0.0140625 0.0515625
2 0.653125 0.74375 0.0375 0.1078125
2 0.625 0.3953125 0.025 0.065625
2 0.2125 0.36875 0.0078125 0.028125
2 0.665625 0.4140625 0.025 0.0953125
2 0.621875 0.4921875 0.028125 0.10625
2 0.715625 0.36875 0.0171875 0.103125
2 0.7546875 0.5171875 0.03125 0.15
2 0.6359375 0.640625 0.0375 0.2078125
2 0.6375 0.865625 0.0640625 0.1890625
2 0.1796875 0.4125 0.009375 0.01875
2 0.69375 0.4109375 0.01875 0.0984375
2 0.59375 0.55625 0.0265625 0.053125
2 0.746875 0.434375 0.0234375 0.096875
2 0.653125 0.4515625 0.0296875 0.0796875
2 0.646875 0.4046875 0.0171875 0.0765625
2 0.8953125 0.85625 0.0671875 0.2828125
2 0.225 0.5859375 0.0140625 0.046875
2 0.5265625 0.5875 0.0359375 0.0984375
2 0.615625 0.54375 0.0234375 0.06875
2 0.753125 0.3828125 0.0234375 0.0609375
2 0.6078125 0.678125 0.0453125 0.246875
2 0.859375 0.475 0.0234375 0.1265625
2 0.5765625 0.74375 0.03125 0.0875
2 0.0203125 0.6375 0.0390625 0.21875
2 0.75625 0.3203125 0.015625 0.053125
2 0.6734375 0.3796875 0.0234375 0.0765625
2 0.8453125 0.3078125 0.0171875 0.0703125
2 0.4546875 0.2671875 0.0046875 0.0265625
2 0.0453125 0.81875 0.0578125 0.1
2 0.8 0.3546875 0.0171875 0.0578125
2 0.5171875 0.43125 0.009375 0.0625
2 0.6515625 0.353125 0.0140625 0.04375
2 0.88125 0.45 0.021875 0.1015625
2 0.7890625 0.5328125 0.028125 0.0859375
2 0.6640625 0.340625 0.015625 0.05625
2 0.121875 0.95 0.0390625 0.0984375
2 0.69375 0.353125 0.0140625 0.0484375
2 0.703125 0.359375 0.0125 0.0859375
2 0.44375 0.2609375 0.00625 0.03125
2 0.8046875 0.475 0.028125 0.1609375
2 0.7359375 0.3734375 0.0203125 0.09375
2 0.7828125 0.4625 0.0234375 0.0921875
2 0.6359375 0.5671875 0.0375 0.0609375
2 0.04375 0.559375 0.0171875 0.05
2 0.290625 0.4796875 0.0125 0.04375
2 0.590625 0.3265625 0.0109375 0.034375
2 0.6765625 0.3234375 0.0125 0.0515625
2 0.7875 0.496875 0.03125 0.153125
2 0.784375 0.3296875 0.0171875 0.06875
2 0.8375 0.7203125 0.0296875 0.1375
2 0.0859375 0.565625 0.0265625 0.0625
2 0.0875 0.578125 0.0171875 0.034375
2 0.4625 0.2765625 0.0046875 0.0234375
2 0.79375 0.34375 0.0125 0.0390625
2 0.2140625 0.2046875 0.0125 0.0640625
2 0.459375 0.26875 0.0125 0.0359375
2 0.765625 0.3609375 0.015625 0.04375
2 0.7484375 0.29375 0.0140625 0.0515625
2 0.5375 0.4140625 0.015625 0.084375
2 0.778125 0.3828125 0.028125 0.0828125
2 0.528125 0.2 0.0078125 0.0265625
2 0.8234375 0.3515625 0.015625 0.05625
2 0.065625 0.55625 0.0109375 0.021875
2 0.640625 0.246875 0.00625 0.0359375
2 0.68125 0.3453125 0.0125 0.0359375
2 0.76875 0.334375 0.01875 0.0734375
2 0.5265625 0.6390625 0.0375 0.2
2 0.7625 0.2875 0.015625 0.0390625
2 0.8265625 0.3109375 0.0171875 0.0671875
2 0.315625 0.25625 0.00625 0.0296875
2 0.76875 0.609375 0.0390625 0.253125
2 0.7484375 0.346875 0.0125 0.046875
2 0.5265625 0.7640625 0.0453125 0.1234375
2 0.8890625 0.7640625 0.0109375 0.1