2 0.3625 0.7125 0.0484375 0.253125
2 0.303125 0.9453125 0.06875 0.1078125
2 0.046875 0.8796875 0.0921875 0.2375
2 0.1796875 0.95625 0.05 0.0875
2 0.4078125 0.9484375 0.075 0.1015625
2 0.3125 0.5890625 0.0375 0.1875
2 0.3421875 0.5171875 0.034375 0.1390625
2 0.2796875 0.3546875 0.0171875 0.0421875
2 0.4828125 0.978125 0.0328125 0.0421875
2 0.05625 0.6203125 0.0375 0.16875
2 0.5484375 0.475 0.028125 0.128125
2 0.521875 0.48125 0.0328125 0.115625
2 0.4890625 0.4734375 0.03125 0.14375
2 0.68125 0.6421875 0.0453125 0.2421875
2 0.5140625 0.721875 0.0390625 0.2328125
2 0.5640625 0.3546875 0.0171875 0.0453125
2 0.5953125 0.540625 0.034375 0.0859375
2 0.571875 0.878125 0.075 0.240625
2 0.634375 0.878125 0.065625 0.2390625
2 0.2140625 0.20625 0.0109375 0.0546875
2 0.6 0.425 0.025 0.1140625
2 0.578125 0.2140625 0.0125 0.0671875
2 0.61875 0.540625 0.021875 0.0875
2 0.7390625 0.3734375 0.0203125 0.1015625
2 0.5703125 0.425 0.0203125 0.1140625
2 0.75 0.646875 0.04375 0.2296875
2 0.65 0.6140625 0.034375 0.1875
2 0.8265625 0.4828125 0.0296875 0.1625
2 0.48125 0.3984375 0.0171875 0.0421875
2 0.7875 0.559375 0.01875 0.0390625
2 0.721875 0.4765625 0.0296875 0.15625
2 0.225 0.5859375 0.0109375 0.04375
2 0.709375 0.340625 0.015625 0.0796875
2 0.6 0.7484375 0.078125 0.103125
2 0.8109375 0.34375 0.0234375 0.0609375
2 0.178125 0.4140625 0.0109375 0.021875
2 0.0875 0.6515625 0.040625 0.0734375
2 0.8015625 0.665625 0.0578125 0.2515625
2 0.88125 0.5 0.025 0.1765625
2 0.09375 0.6359375 0.025 0.04375
2 0.64375 0.5 0.03125 0.13125
2 0.63125 0.7359375 0.0203125 0.0796875
2 0.753125 0.3625 0.0171875 0.0921875
2 0.6609375 0.3703125 0.01875 0.0765625
2 0.0875 0.590625 0.034375 0.08125
2 0.784375 0.5296875 0.028125 0.096875
2 0.784375 0.3453125 0.03125 0.065625
2 0.61875 0.45625 0.0296875 0.1390625
2 0.8015625 0.7296875 0.05625 0.1234375
2 0.475 0.41875 0.028125 0.0859375
2 0.65 0.559375 0.034375 0.08125
2 0.69375 0.4953125 0.034375 0.1453125
2 0.6984375 0.384375 0.0265625 0.05625
2 0.503125 0.6453125 0.01875 0.0359375
2 0.653125 0.415625 0.015625 0.046875
2 0.75625 0.4984375 0.0328125 0.1484375
2 0.79375 0.3484375 0.015625 0.053125
2 0.6984375 0.2015625 0.0109375 0.03125
2 0.859375 0.4765625 0.025 0.128125
2 0.7125 0.4078125 0.0109375 0.0296875
2 0.0515625 0.7359375 0.028125 0.065625
2 0.51875 0.26875 0.0109375 0.0265625
2 0.6703125 0.4078125 0.0171875 0.040625
2 0.8140625 0.521875 0.03125 0.10625
2 0.671875 0.4890625 0.025 0.1390625
2 0.453125 0.4484375 0.015625 0.0890625
2 0.840625 0.4078125 0.015625 0.0265625
2 0.1359375 0.590625 0.0328125 0.0890625
2 0.146875 0.3859375 0.0140625 0.0359375
2 0.884375 0.4578125 0.0203125 0.090625
2 0.28125 0.4046875 0.0203125 0.14375
2 0.6890625 0.321875 0.0140625 0.059375
2 0.2171875 0.3546875 0.0109375 0.05625
2 0.528125 0.2015625 0.0078125 0.025
2 0.46875 0.434375 0.01875 0.05625
2 0.7296875 0.3015625 0.0125 0.065625
2 0.7828125 0.465625 0.021875 0.090625
2 0.225 0.603125 0.015625 0.0828125
2 0.2734375 0.4765625 0.0453125 0.0578125
2 0.6390625 0.4625 0.03125 0.1078125
2 0.290625 0.48125 0.0140625 0.046875
2 0.0875 0.7078125 0.0421875 0.1875
2 0.7484375 0.440625 0.0203125 0.1078125
2 0.6125 0.3921875 0.0140625 0.040625
2 0.79375 0.4515625 0.03125 0.1234375
2 0.0875 0.29375 0.0125 0.0515625
2 0.1453125 0.2328125 0.00625 0.01875
2 0.7203125 0.2890625 0.0140625 0.0640625
2 0.7 0.4234375 0.025 0.0671875
2 0.68125 0.36875 0.01875 0.0765625
2 0.515625 0.621875 0.0171875 0.0359375
2 0.2578125 0.4609375 0.0171875 0.03125
2 0.7453125 0.309375 0.0171875 0.0484375
2 0.21875 0.3125 0.0109375 0.0640625
2 0.4453125 0.2625 0.00625 0.0296875
2 0.7984375 0.425 0.0203125 0.071875
2 0.6734375 0.325 0.015625 0.046875
2 0.2203125 0.5 0.0078125 0.01875
2 0.6859375 0.4703125 0.01875 0.096875
2 0.59375 0.64375 0.06875 0.2921875
2 0.875 0.5328125 0.0234375 0.109375
2 0.828125 0.721875 0.04375 0.1390625
2 0.815625 0.4296875 0.0171875 0.078125
2 0.4953125 0.7375 0.0421875 0.2171875