2 0.375 0.5359375 0.0546875 0.2578125
2 0.725 0.596875 0.0484375 0.24375
2 0.9703125 0.9421875 0.059375 0.1125
2 0.5515625 0.79375 0.0625 0.2890625
2 0.853125 0.878125 0.06875 0.2421875
2 0.5171875 0.4640625 0.025 0.196875
2 0.61875 0.803125 0.0859375 0.334375
2 0.653125 0.51875 0.046875 0.2078125
2 0.9546875 0.29375 0.01875 0.05625
2 0.553125 0.5546875 0.0484375 0.1921875
2 0.8421875 0.7 0.0515625 0.2625
2 0.58125 0.4890625 0.0484375 0.1984375
2 0.6796875 0.7890625 0.0609375 0.309375
2 0.096875 0.5078125 0.0484375 0.2421875
2 0.65 0.2578125 0.0140625 0.0359375
2 0.675 0.9515625 0.0765625 0.0953125
2 0.7640625 0.95 0.065625 0.096875
2 0.3953125 0.3296875 0.0296875 0.13125
2 0.578125 0.6953125 0.0578125 0.2984375
2 0.125 0.3125 0.0328125 0.11875
2 0.80625 0.93125 0.0625 0.134375
2 0.125 0.5234375 0.053125 0.1625
2 0.203125 0.3828125 0.0328125 0.16875
2 0.3671875 0.4109375 0.028125 0.0921875
2 0.2421875 0.4046875 0.0328125 0.178125
2 0.3640625 0.3140625 0.0203125 0.09375
2 0.265625 0.5 0.0453125 0.196875
2 0.1359375 0.45625 0.0328125 0.11875
2 0.34375 0.39375 0.0375 0.15625
2 0.64375 0.6203125 0.0359375 0.103125
2 0.86875 0.65625 0.0375 0.2109375
2 0.6671875 0.7296875 0.059375 0.2421875
2 0.2390625 0.203125 0.015625 0.071875
2 0.7453125 0.7953125 0.059375 0.31875
2 0.309375 0.453125 0.04375 0.0953125
2 0.2703125 0.3328125 0.0265625 0.0921875
2 0.2609375 0.26875 0.0265625 0.09375
2 0.8328125 0.515625 0.028125 0.04375
2 0.2140625 0.3375 0.0265625 0.1421875
2 0.121875 0.8734375 0.05625 0.1
2 0.146875 0.284375 0.0265625 0.1453125
2 0.740625 0.290625 0.0109375 0.096875
2 0.3 0.2765625 0.021875 0.096875
2 0.321875 0.31875 0.025 0.11875
2 0.1671875 0.290625 0.0265625 0.146875
2 0.278125 0.259375 0.01875 0.0890625
2 0.2625 0.15 0.0125 0.0359375
2 0.13125 0.8609375 0.034375 0.0734375
2 0.8859375 0.0375 0.021875 0.075
2 0.2953125 0.2578125 0.015625 0.0890625
2 0.103125 0.15 0.0140625 0.06875
2 0.6703125 0.66875 0.0515625 0.1171875
2 0.334375 0.2703125 0.021875 0.0875
2 0.125 0.203125 0.0234375 0.0703125
2 0.1359375 0.234375 0.015625 0.0796875
2 0.7703125 0.2875 0.00625 0.0484375
2 0.73125 0.2890625 0.0296875 0.1015625
2 0.8765625 0.2390625 0.0078125 0.028125
2 0.715625 0.2671875 0.0109375 0.0515625
2 0.8125 0.18125 0.0125 0.053125
2 0.1859375 0.2953125 0.0171875 0.10625
2 0.0703125 0.2109375 0.015625 0.0375
2 0.578125 0.378125 0.0140625 0.0234375
2 0.2734375 0.1953125 0.0140625 0.071875
2 0.1921875 0.2328125 0.0203125 0.04375
2 0.2859375 0.38125 0.025 0.0875
2 0.2078125 0.24375 0.0140625 0.05
2 0.44375 0.2671875 0.009375 0.021875
2 0.096875 0.20625 0.009375 0.0234375
2 0.084375 0.1421875 0.015625 0.05625
2 0.18125 0.2171875 0.0171875 0.0640625
2 0.2703125 0.4234375 0.0421875 0.0921875
2 0.6375 0.4390625 0.015625 0.0609375
2 0.221875 0.184375 0.0140625 0.0625
2 0.196875 0.29375 0.021875 0.1
2 0.20625 0.1765625 0.015625 0.0609375
2 0.3859375 0.1484375 0.0078125 0.0328125
2 0.309375 0.5140625 0.0453125 0.2203125
2 0.4359375 0.26875 0.0109375 0.0328125
2 0.50625 0.75625 0.0109375 0.1328125
2 0.3765625 0.34375 0.0140625 0.053125
2 0.0875 0.203125 0.009375 0.0234375
2 0.2578125 0.1828125 0.0140625 0.046875
2 0.875 0.2375 0.0125 0.0328125
2 0.865625 0.60625 0.028125 0.1125
2 0.4296875 0.33125 0.0328125 0.1484375
2 0.3234375 0.2875 0.0234375 0.059375
2 0.709375 0.309375 0.015625 0.0359375
2 0.25625 0.2265625 0.01875 0.0921875
2 0.0796875 0.2171875 0.0109375 0.03125
2 0.5890625 0.3703125 0.009375 0.0375
2 0.2125 0.18125 0.009375 0.05
2 0.0515625 0.2046875 0.009375 0.034375
2 0.8765625 0.3109375 0.015625 0.0265625
2 0.35 0.2328125 0.009375 0.0296875
2 0.0921875 0.2015625 0.0171875 0.028125
2 0.090625 0.834375 0.028125 0.084375
2 0.2328125 0.1546875 0.0109375 0.0453125
2 0.2421875 0.153125 0.0078125 0.0359375
2 0.8203125 0.184375 0.0078125 0.04375
2 0.228125 0.171875 0.0109375 0.0765625
2 0.0984375 0.45 0.04375 0.125
2 0.1953125 0.16875 0.0109375 0.065625
2 0.65625 0.265625 0.009375 0.0296875
2 0.103125 0.896875 0.0265625 0.046875
2 0.415625 0.34375 0.0125 0.1
2 0.9515625 0.2984375 0.0125 0.046875
2 0.096875 0.215625 0.0125 0.0390625
2 0.365625 0.478125 0.0296875 0.225
2 0.796875 0.1796875 0.009375 0.0375
2 0.1125 0.9109375 0.0734375 0.175
2 0.64375 0.70625 0.0359375 0.278125