2 0.528125 0.6609375 0.078125 0.3828125
2 0.621875 0.68125 0.071875 0.328125
2 0.25625 0.6734375 0.05 0.2765625
2 0.3203125 0.6484375 0.09375 0.3578125
2 0.7890625 0.5078125 0.0421875 0.1765625
2 0.359375 0.20625 0.0203125 0.1421875
2 0.015625 0.5890625 0.0296875 0.071875
2 0.55625 0.14375 0.025 0.0875
2 0.934375 0.0671875 0.01875 0.0828125
2 0.7875 0.01875 0.0109375 0.0375
2 0.7875 0.034375 0.0125 0.06875
2 0.878125 0.1140625 0.0265625 0.1265625
2 0.8125 0.11875 0.0234375 0.11875
2 0.853125 0.128125 0.01875 0.096875
2 0.834375 0.1171875 0.0265625 0.1234375
2 0.9046875 0.01875 0.009375 0.0375
2 0.8375 0.828125 0.1734375 0.3421875
2 0.775 0.98125 0.0328125 0.0375
2 0.8625 0.078125 0.021875 0.103125
2 0.5765625 0.0875 0.0140625 0.090625
2 0.925 0.0125 0.0125 0.025
2 0.7078125 0.0203125 0.0125 0.0375
2 0.84375 0.05625 0.0140625 0.0625
2 0.878125 0.046875 0.0171875 0.05625
2 0.8328125 0.040625 0.0109375 0.0375
2 0.825 0.0484375 0.0140625 0.0484375
2 0.95625 0.8359375 0.0875 0.3234375
2 0.9859375 0.5796875 0.0265625 0.1390625
2 0.9875 0.0515625 0.0078125 0.04375
2 0.6890625 0.0578125 0.015625 0.08125
2 0.7328125 0.0203125 0.009375 0.0390625
2 0.7828125 0.5953125 0.0578125 0.3515625
2 0.9875 0.0375 0.009375 0.0734375
2 0.75625 0.0171875 0.0078125 0.034375
2 0.9453125 0.0375 0.0109375 0.0296875
2 0.840625 0.009375 0.00625 0.01875
2 0.8625 0.0203125 0.0078125 0.021875
2 0.7234375 0.0203125 0.00625 0.025
2 0.9765625 0.5984375 0.046875 0.1765625
2 0.9453125 0.0515625 0.0109375 0.0578125
2 0.5515625 0.1421875 0.01875 0.03125
2 0.81875 0.115625 0.0125 0.121875