2 0.7484375 0.9140625 0.09375 0.1703125
2 0.3578125 0.665625 0.0453125 0.2421875
2 0.7 0.71875 0.0515625 0.2734375
2 0.446875 0.8828125 0.071875 0.23125
2 0.3234375 0.66875 0.0375 0.2375
2 0.5109375 0.5546875 0.0359375 0.196875
2 0.1640625 0.815625 0.0859375 0.2734375
2 0.6296875 0.49375 0.0296875 0.1734375
2 0.58125 0.51875 0.040625 0.128125
2 0.4828125 0.5375 0.0359375 0.1734375
2 0.665625 0.559375 0.0375 0.1125
2 0.4296875 0.721875 0.05625 0.2
2 0.1265625 0.5875 0.03125 0.0921875
2 0.60625 0.38125 0.0171875 0.1015625
2 0.60625 0.525 0.046875 0.1125
2 0.4640625 0.809375 0.05 0.315625
2 0.3890625 0.5734375 0.0265625 0.1640625
2 0.31875 0.5484375 0.0546875 0.1328125
2 0.625 0.9265625 0.0671875 0.14375
2 0.425 0.5640625 0.034375 0.18125
2 0.85625 0.471875 0.028125 0.1390625
2 0.5265625 0.825 0.05 0.2578125
2 0.178125 0.409375 0.0109375 0.021875
2 0.678125 0.3953125 0.021875 0.103125
2 0.634375 0.865625 0.065625 0.2640625
2 0.759375 0.5078125 0.0296875 0.1578125
2 0.7984375 0.7171875 0.046875 0.13125
2 0.44375 0.575 0.0203125 0.1578125
2 0.1796875 0.5875 0.021875 0.0890625
2 0.640625 0.3921875 0.0234375 0.0984375
2 0.665625 0.6265625 0.0375 0.2484375
2 0.571875 0.8625 0.075 0.2171875
2 0.6921875 0.4234375 0.025 0.1234375
2 0.0484375 0.828125 0.05 0.1265625
2 0.728125 0.4265625 0.01875 0.115625
2 0.825 0.296875 0.0109375 0.0359375
2 0.7140625 0.4484375 0.0296875 0.1390625
2 0.0984375 0.6953125 0.05625 0.20625
2 0.721875 0.3390625 0.0171875 0.071875
2 0.746875 0.4359375 0.025 0.1125
2 0.40625 0.5578125 0.0171875 0.1234375
2 0.39375 0.4734375 0.015625 0.046875
2 0.525 0.5671875 0.0125 0.09375
2 0.2171875 0.353125 0.0125 0.0546875
2 0.74375 0.353125 0.01875 0.034375
2 0.2125 0.203125 0.0109375 0.05625
2 0.434375 0.475 0.0375 0.1015625
2 0.015625 0.5515625 0.0171875 0.0359375
2 0.5703125 0.225 0.009375 0.05625
2 0.6265625 0.3671875 0.015625 0.09375
2 0.784375 0.521875 0.0265625 0.1078125
2 0.54375 0.35 0.0109375 0.0578125
2 0.5546875 0.8296875 0.04375 0.278125
2 0.6859375 0.3109375 0.01875 0.0609375
2 0.4125 0.7171875 0.0234375 0.171875
2 0.703125 0.3671875 0.021875 0.0671875
2 0.8671875 0.3265625 0.0109375 0.034375
2 0.76875 0.340625 0.025 0.0609375
2 0.75625 0.403125 0.01875 0.0546875
2 0.8046875 0.2984375 0.0109375 0.0390625
2 0.6484375 0.34375 0.0171875 0.0640625
2 0.125 0.6125 0.0203125 0.0484375
2 0.790625 0.5 0.034375 0.1390625
2 0.5515625 0.74375 0.0375 0.109375
2 0.765625 0.278125 0.0140625 0.06875
2 0.6921875 0.3390625 0.015625 0.0484375
2 0.7421875 0.375 0.0203125 0.0515625
2 0.7046875 0.3125 0.0140625 0.05625
2 0.0375 0.8015625 0.0734375 0.178125
2 0.88125 0.496875 0.021875 0.171875
2 0.6984375 0.2890625 0.0140625 0.0453125
2 0.59375 0.74375 0.06875 0.096875
2 0.521875 0.54375 0.015625 0.14375
2 0.053125 0.740625 0.0296875 0.078125
2 0.759375 0.3421875 0.0109375 0.0515625
2 0.81875 0.496875 0.021875 0.11875
2 0.778125 0.3140625 0.015625 0.04375
2 0.88125 0.4578125 0.01875 0.0875
2 0.4640625 0.71875 0.0484375 0.1359375
2 0.6515625 0.7390625 0.0359375 0.1078125
2 0.353125 0.4890625 0.0125 0.084375
2 0.815625 0.409375 0.01875 0.05
2 0.54375 0.3375 0.0078125 0.0328125
2 0.671875 0.3234375 0.0140625 0.05625
2 0.7796875 0.4328125 0.021875 0.08125
2 0.096875 0.6390625 0.0390625 0.0875
2 0.628125 0.346875 0.0140625 0.0453125
2 0.8421875 0.4703125 0.01875 0.14375
2 0.1203125 0.571875 0.0171875 0.0578125
2 0.8015625 0.48125 0.021875 0.146875
2 0.240625 0.5640625 0.01875 0.09375
2 0.8 0.4265625 0.015625 0.0578125
2 0.34375 0.4890625 0.03125 0.090625
2 0.1828125 0.56875 0.0171875 0.0515625
2 0.084375 0.70625 0.03125 0.1875
2 0.571875 0.8484375 0.040625 0.2421875
2 0.89375 0.890625 0.06875 0.2109375
2 0.7953125 0.3625 0.0171875 0.09375