2 0.2515625 0.55625 0.0359375 0.203125
2 0.315625 0.6359375 0.05 0.253125
2 0.659375 0.86875 0.0546875 0.259375
2 0.58125 0.8640625 0.0640625 0.2703125
2 0.6046875 0.6734375 0.046875 0.246875
2 0.3 0.4703125 0.0484375 0.1796875
2 0.5875 0.378125 0.01875 0.1296875
2 0.4 0.509375 0.0359375 0.1828125
2 0.8640625 0.86875 0.0421875 0.2546875
2 0.809375 0.83125 0.0671875 0.284375
2 0.4734375 0.5125 0.0296875 0.171875
2 0.55625 0.6796875 0.046875 0.2359375
2 0.778125 0.6171875 0.046875 0.2125
2 0.396875 0.38125 0.040625 0.09375
2 0.165625 0.29375 0.0265625 0.1046875
2 0.9828125 0.8484375 0.0328125 0.2890625
2 0.2015625 0.30625 0.0203125 0.084375
2 0.596875 0.1296875 0.00625 0.0375
2 0.11875 0.2625 0.0109375 0.0234375
2 0.915625 0.15625 0.009375 0.0359375
2 0.953125 0.15 0.009375 0.0390625
2 0.2796875 0.325 0.0296875 0.10625
2 0.44375 0.5203125 0.0421875 0.178125
2 0.2484375 0.2828125 0.0265625 0.078125
2 0.4484375 0.1265625 0.00625 0.03125
2 0.5390625 0.4375 0.0265625 0.1078125
2 0.034375 0.2328125 0.0203125 0.05625
2 0.8609375 0.4171875 0.0359375 0.0875
2 0.109375 0.1984375 0.0125 0.06875
2 0.9671875 0.1171875 0.0046875 0.0265625
2 0.48125 0.15625 0.0078125 0.0390625
2 0.075 0.159375 0.0078125 0.0484375
2 0.0890625 0.1921875 0.0125 0.0609375
2 0.434375 0.1203125 0.00625 0.028125
2 0.0671875 0.159375 0.009375 0.0515625
2 0.33125 0.3515625 0.015625 0.0609375
2 0.8703125 0.4234375 0.0203125 0.08125
2 0.1625 0.2125 0.00625 0.0328125
2 0.4484375 0.40625 0.03125 0.0546875
2 0.046875 0.1609375 0.0109375 0.053125
2 0.1234375 0.190625 0.0078125 0.0546875
2 0.8515625 0.146875 0.00625 0.0234375
2 0.20625 0.2515625 0.0078125 0.028125
2 0.284375 0.125 0.009375 0.03125
2 0.925 0.08125 0.009375 0.025
2 0.025 0.3546875 0.0203125 0.0265625
2 0.1546875 0.296875 0.0078125 0.0421875
2 0.3875 0.1234375 0.009375 0.0265625
2 0.290625 0.1859375 0.009375 0.0609375
2 0.015625 0.23125 0.0203125 0.0609375
2 0.571875 0.1359375 0.009375 0.0359375
2 0.09375 0.1703125 0.0078125 0.028125
2 0.290625 0.28125 0.01875 0.0578125
2 0.2296875 0.2515625 0.0046875 0.0265625
2 0.3375 0.1265625 0.00625 0.0265625
2 0.0171875 0.365625 0.034375 0.0484375
2 0.0265625 0.196875 0.015625 0.04375
2 0.8640625 0.1421875 0.0046875 0.0328125
2 0.43125 0.4203125 0.0390625 0.04375
2 0.11875 0.2890625 0.0140625 0.0765625
2 0.2890625 0.2015625 0.0078125 0.03125
2 0.3546875 0.1265625 0.0125 0.025
2 0.865625 0.134375 0.0046875 0.01875
2 0.9453125 0.15625 0.009375 0.0390625
2 0.01875 0.18125 0.015625 0.0546875
2 0.290625 0.0515625 0.0109375 0.04375
2 0.9125 0.15625 0.0046875 0.034375
2 0.8515625 0.1359375 0.0078125 0.04375
2 0.096875 0.13125 0.0078125 0.01875
2 0.834375 0.1328125 0.0046875 0.028125
2 0.3515625 0.128125 0.00625 0.0203125
2 0.21875 0.246875 0.00625 0.0296875
2 0.00625 0.371875 0.0125 0.0359375
2 0.359375 0.125 0.0046875 0.0234375
2 0.79375 0.746875 0.0375 0.1265625
2 0.2609375 0.15 0.009375 0.0234375
2 0.4546875 0.1703125 0.003125 0.0265625
2 0.00625 0.234375 0.0109375 0.0640625
2 0.91875 0.0859375 0.0046875 0.0234375