2 0.5875 0.8 0.0390625 0.2625
2 0.109375 0.596875 0.0421875 0.1640625
2 0.21875 0.5859375 0.0328125 0.190625
2 0.1703125 0.6359375 0.059375 0.2171875
2 0.3796875 0.25625 0.0265625 0.0609375
2 0.575 0.26875 0.0171875 0.071875
2 0.559375 0.25625 0.0171875 0.0796875
2 0.5484375 0.265625 0.0125 0.0640625
2 0.13125 0.1859375 0.009375 0.0515625
2 0.509375 0.2546875 0.0109375 0.0765625
2 0.14375 0.61875 0.0390625 0.1734375
2 0.5171875 0.25625 0.0109375 0.0671875
2 0.771875 0.759375 0.0125 0.0875
2 0.153125 0.1890625 0.0078125 0.04375
2 0.146875 0.1875 0.009375 0.046875
2 0.284375 0.6265625 0.0375 0.1875
2 0.6359375 0.6359375 0.015625 0.0515625
2 0.434375 0.1453125 0.0109375 0.0171875
2 0.034375 0.1140625 0.0046875 0.0171875
2 0.0296875 0.1140625 0.0046875 0.0171875
2 0.1640625 0.275 0.0125 0.05
2 0.08125 0.1140625 0.00625 0.0203125
2 0.64375 0.10625 0.0046875 0.0109375
2 0.2140625 0.103125 0.00625 0.0171875
2 0.80625 0.115625 0.003125 0.0109375
2 0.134375 0.6515625 0.0203125 0.1046875
2 0.15 0.5671875 0.01875 0.071875
2 0.6203125 0.6703125 0.0265625 0.1296875
2 0.2640625 0.19375 0.0109375 0.0234375
2 0.1765625 0.159375 0.0078125 0.034375
2 0.3265625 0.165625 0.009375 0.0234375
2 0.428125 0.14375 0.00625 0.01875
2 0.184375 0.1515625 0.0078125 0.0171875
2 0.15 0.1890625 0.0078125 0.0453125