2 0.125 0.828125 0.084375 0.259375
2 0.0609375 0.2828125 0.0203125 0.078125
2 0.271875 0.2859375 0.021875 0.065625
2 0.246875 0.28125 0.015625 0.0484375
2 0.034375 0.2765625 0.025 0.096875
2 0.928125 0.53125 0.0375 0.0640625
2 0.1453125 0.6859375 0.0390625 0.13125
2 0.9078125 0.4796875 0.0078125 0.025
2 0.265625 0.0921875 0.003125 0.0109375
2 0.528125 0.0921875 0.003125 0.009375
2 0.978125 0.5109375 0.009375 0.028125
2 0.6859375 0.0984375 0.003125 0.0109375
2 0.1015625 0.1 0.003125 0.0125
2 0.853125 0.1125 0.003125 0.0078125
2 0.9265625 0.55625 0.04375 0.11875
2 0.8765625 0.5515625 0.0078125 0.059375
2 0.065625 0.1046875 0.003125 0.009375
2 0.1578125 0.6515625 0.0140625 0.0578125
2 0.896875 0.4609375 0.0078125 0.0234375
2 0.7671875 0.1046875 0.003125 0.0078125
2 0.8859375 0.5515625 0.0078125 0.059375
2 0.578125 0.096875 0.003125 0.0078125
2 0.31875 0.0953125 0.003125 0.0078125
2 0.6828125 0.096875 0.003125 0.0109375
2 0.8890625 0.4890625 0.0078125 0.021875
2 0.6578125 0.0984375 0.003125 0.0078125
2 0.1203125 0.103125 0.003125 0.0078125
2 0.2859375 0.2984375 0.0109375 0.0390625
2 0.675 0.0953125 0.003125 0.0109375
2 0.0390625 0.2828125 0.0140625 0.0828125
2 0.2703125 0.0984375 0.003125 0.00625
2 0.890625 0.4640625 0.00625 0.021875
2 0.021875 0.278125 0.0140625 0.053125
2 0.2671875 0.09375 0.00625 0.0125
2 0.99375 0.5015625 0.0109375 0.0265625