2 0.7125 0.584375 0.03125 0.16875
2 0.4046875 0.76875 0.0609375 0.28125
2 0.83125 0.6234375 0.028125 0.16875
2 0.2375 0.6453125 0.0328125 0.084375
2 0.840625 0.5 0.01875 0.0921875
2 0.8625 0.4203125 0.0125 0.078125
2 0.784375 0.490625 0.0234375 0.0953125
2 0.340625 0.5515625 0.04375 0.0765625
2 0.7875 0.425 0.0125 0.0484375
2 0.8953125 0.465625 0.015625 0.0875
2 0.8796875 0.4875 0.0171875 0.06875
2 0.809375 0.415625 0.0125 0.06875
2 0.3375 0.5390625 0.028125 0.0484375
2 0.9125 0.41875 0.0109375 0.053125
2 0.8203125 0.4328125 0.0125 0.0625
2 0.5640625 0.39375 0.0109375 0.0328125
2 0.9625 0.471875 0.009375 0.0421875
2 0.5 0.3234375 0.0234375 0.071875
2 0.8609375 0.484375 0.0171875 0.0609375
2 0.9390625 0.4265625 0.0109375 0.0515625
2 0.846875 0.4265625 0.0125 0.0546875
2 0.9 0.3640625 0.0109375 0.040625
2 0.9453125 0.40625 0.0078125 0.046875
2 0.9203125 0.4546875 0.0125 0.0609375
2 0.94375 0.44375 0.009375 0.0265625
2 0.928125 0.4203125 0.0125 0.0609375
2 0.834375 0.4328125 0.0140625 0.059375
2 0.959375 0.453125 0.015625 0.0734375
2 0.7484375 0.4453125 0.0109375 0.04375
2 0.2625 0.70625 0.08125 0.20625
2 0.859375 0.5046875 0.021875 0.1015625
2 0.9453125 0.4515625 0.0125 0.0375
2 0.9359375 0.390625 0.0078125 0.0359375
2 0.9109375 0.4609375 0.0171875 0.0578125
2 0.721875 0.515625 0.0125 0.0390625