2 0.4203125 0.6828125 0.05625 0.2484375
2 0.6578125 0.6296875 0.0578125 0.121875
2 0.21875 0.35 0.0265625 0.146875
2 0.6546875 0.409375 0.0265625 0.146875
2 0.3078125 0.440625 0.0359375 0.1515625
2 0.8921875 0.871875 0.0375 0.24375
2 0.8625 0.84375 0.046875 0.2875
2 0.8546875 0.25625 0.021875 0.0984375
2 0.50625 0.45625 0.0328125 0.1421875
2 0.7421875 0.215625 0.0140625 0.0625
2 0.403125 0.49375 0.0390625 0.178125
2 0.0890625 0.2484375 0.0140625 0.059375
2 0.3171875 0.3171875 0.01875 0.1015625
2 0.059375 0.2484375 0.0171875 0.0546875
2 0.9890625 0.7859375 0.0203125 0.1484375
2 0.6515625 0.1484375 0.00625 0.053125
2 0.428125 0.4171875 0.0296875 0.153125
2 0.45 0.4046875 0.025 0.146875
2 0.353125 0.41875 0.0265625 0.171875
2 0.85 0.134375 0.0078125 0.046875
2 0.375 0.6640625 0.05625 0.2734375
2 0.4515625 0.1671875 0.0078125 0.040625
2 0.8734375 0.4515625 0.015625 0.065625
2 0.371875 0.4171875 0.0234375 0.153125
2 0.3921875 0.421875 0.0328125 0.171875
2 0.2515625 0.3109375 0.028125 0.1234375
2 0.4640625 0.1453125 0.00625 0.0359375
2 0.2578125 0.3 0.0140625 0.078125
2 0.0375 0.15 0.009375 0.05
2 0.4125 0.3546875 0.015625 0.0484375
2 0.1046875 0.1875 0.0125 0.059375
2 0.2078125 0.2515625 0.0078125 0.028125
2 0.434375 0.16875 0.009375 0.0421875
2 0.6375 0.128125 0.00625 0.03125
2 0.08125 0.15625 0.0125 0.0578125
2 0.0671875 0.1515625 0.0109375 0.05
2 0.53125 0.14375 0.0109375 0.0671875
2 0.4125 0.190625 0.0140625 0.05625
2 0.5640625 0.3984375 0.0109375 0.0265625
2 0.628125 0.128125 0.0078125 0.0359375
2 0.2953125 0.2609375 0.0078125 0.03125
2 0.478125 0.153125 0.0078125 0.0359375
2 0.3390625 0.3859375 0.0125 0.05625
2 0.0890625 0.1640625 0.009375 0.046875
2 0.5140625 0.3296875 0.0109375 0.0140625
2 0.3375 0.125 0.00625 0.0265625
2 0.121875 0.184375 0.009375 0.040625
2 0.9890625 0.853125 0.0203125 0.2859375
2 0.4328125 0.11875 0.00625 0.034375
2 0.934375 0.15 0.0078125 0.040625
2 0.5078125 0.3640625 0.025 0.0828125
2 0.54375 0.3984375 0.0171875 0.034375
2 0.4921875 0.1640625 0.0046875 0.0234375
2 0.515625 0.3890625 0.01875 0.1328125
2 0.4875 0.1625 0.00625 0.0265625
2 0.45 0.1265625 0.0078125 0.03125
2 0.4125 0.3796875 0.0171875 0.096875
2 0.5234375 0.3734375 0.03125 0.0984375
2 0.440625 0.1265625 0.00625 0.0234375
2 0.1625 0.209375 0.009375 0.0359375
2 0.2875 0.13125 0.0046875 0.015625
2 0.4203125 0.3296875 0.009375 0.03125
2 0.4890625 0.1609375 0.0078125 0.03125
2 0.9234375 0.0796875 0.0125 0.0265625
2 0.303125 0.25625 0.009375 0.028125
2 0.0953125 0.1703125 0.00625 0.0296875
2 0.753125 0.1625 0.0078125 0.0296875
2 0.6765625 0.1546875 0.00625 0.0390625
2 0.540625 0.1078125 0.0078125 0.0171875
2 0.4015625 0.396875 0.015625 0.0625
2 0.4375 0.1203125 0.00625 0.0328125
2 0.0046875 0.3703125 0.009375 0.0359375
2 0.984375 0.925 0.03125 0.1421875
2 0.721875 0.1515625 0.00625 0.0375
2 0.0078125 0.1859375 0.0140625 0.0671875
2 0.2953125 0.2703125 0.009375 0.053125
2 0.078125 0.1609375 0.0109375 0.053125