2 0.6578125 0.6515625 0.0640625 0.2828125
2 0.609375 0.5421875 0.0421875 0.228125
2 0.5421875 0.5234375 0.0484375 0.253125
2 0.1375 0.46875 0.0359375 0.196875
2 0.4078125 0.4546875 0.0234375 0.1828125
2 0.303125 0.4 0.0375 0.16875
2 0.8734375 0.709375 0.0421875 0.24375
2 0.909375 0.9046875 0.1 0.1875
2 0.75 0.946875 0.0734375 0.1046875
2 0.815625 0.9640625 0.0359375 0.06875
2 0.5375 0.703125 0.0703125 0.1875
2 0.2921875 0.309375 0.025 0.121875
2 0.25 0.3515625 0.03125 0.1515625
2 0.8359375 0.5109375 0.0265625 0.0390625
2 0.603125 0.7625 0.04375 0.159375
2 0.2671875 0.3015625 0.0265625 0.13125
2 0.65625 0.2125 0.015625 0.0734375
2 0.628125 0.2640625 0.0109375 0.01875
2 0.6625 0.86875 0.040625 0.1578125
2 0.0796875 0.2515625 0.025 0.103125
2 0.2203125 0.3203125 0.03125 0.13125
2 0.1890625 0.4640625 0.0390625 0.2
2 0.6640625 0.9375 0.084375 0.1234375
2 0.15625 0.2375 0.025 0.0875
2 0.19375 0.25625 0.021875 0.1109375
2 0.5203125 0.80625 0.0484375 0.1203125
2 0.1328125 0.8609375 0.034375 0.075
2 0.21875 0.4375 0.034375 0.153125
2 0.2890625 0.2375 0.0140625 0.0640625
2 0.178125 0.234375 0.021875 0.096875
2 0.5828125 0.9375 0.0734375 0.1234375
2 0.878125 0.309375 0.0140625 0.025
2 0.3796875 0.625 0.0296875 0.0765625
2 0.240625 0.2578125 0.0171875 0.0921875
2 0.553125 0.8671875 0.075 0.15
2 0.265625 0.2046875 0.015625 0.078125
2 0.65625 0.259375 0.0125 0.0359375
2 0.68125 0.275 0.0078125 0.0484375
2 0.5671875 0.9171875 0.0421875 0.0828125
2 0.5875 0.8828125 0.0859375 0.225
2 0.2328125 0.225 0.0171875 0.096875
2 0.578125 0.4484375 0.0078125 0.025
2 0.384375 0.5953125 0.0203125 0.0171875
2 0.6125 0.8859375 0.0375 0.1265625
2 0.9 0.5703125 0.021875 0.078125
2 0.653125 0.1875 0.009375 0.0234375
2 0.209375 0.3671875 0.03125 0.05625
2 0.25625 0.165625 0.0140625 0.05625
2 0.5484375 0.3828125 0.0125 0.0328125
2 0.590625 0.36875 0.01875 0.04375
2 0.8890625 0.56875 0.0203125 0.0765625
2 0.6125 0.8546875 0.03125 0.0640625
2 0.6875 0.2796875 0.0078125 0.0546875
2 0.68125 0.53125 0.0109375 0.021875
2 0.2109375 0.1390625 0.009375 0.04375
2 0.3890625 0.1484375 0.0109375 0.034375
2 0.0921875 0.153125 0.028125 0.0796875
2 0.2484375 0.2265625 0.0171875 0.09375
2 0.625 0.428125 0.0171875 0.0734375
2 0.2484375 0.146875 0.0078125 0.0328125
2 0.103125 0.896875 0.0265625 0.046875
2 0.64375 0.26875 0.00625 0.0078125
2 0.03125 0.4546875 0.01875 0.0921875
2 0.2171875 0.1578125 0.0140625 0.04375
2 0.2421875 0.140625 0.0109375 0.040625
2 0.84375 0.4984375 0.009375 0.01875
2 0.1203125 0.8765625 0.059375 0.1078125
2 0.2203125 0.1921875 0.015625 0.040625
2 0.2203125 0.2140625 0.015625 0.084375
2 0.946875 0.5484375 0.015625 0.03125
2 0.1953125 0.1734375 0.0125 0.0609375
2 0.2359375 0.1671875 0.0109375 0.0375
2 0.621875 0.4453125 0.0109375 0.0359375
2 0.9109375 0.5703125 0.0390625 0.08125
2 0.59375 0.5125 0.015625 0.1515625
2 0.690625 0.1578125 0.0109375 0.0640625
2 0.534375 0.4296875 0.009375 0.015625
2 0.1796875 0.4734375 0.01875 0.1796875
2 0.55 0.3984375 0.015625 0.0625
2 0.659375 0.2484375 0.0078125 0.015625
2 0.6875 0.265625 0.00625 0.0265625