2 0.809375 0.6109375 0.0421875 0.15
2 0.6359375 0.434375 0.01875 0.1171875
2 0.95625 0.5875 0.034375 0.1328125
2 0.4546875 0.4140625 0.0265625 0.1203125
2 0.4296875 0.425 0.0265625 0.1125
2 0.8515625 0.6390625 0.053125 0.153125
2 0.3984375 0.4109375 0.0203125 0.121875
2 0.734375 0.9765625 0.0390625 0.046875
2 0.8453125 0.571875 0.0234375 0.06875
2 0.396875 0.3140625 0.0140625 0.0765625
2 0.3578125 0.196875 0.0078125 0.0265625
2 0.409375 0.3234375 0.0140625 0.046875
2 0.128125 0.4109375 0.03125 0.0828125
2 0.203125 0.2515625 0.0140625 0.065625
2 0.6625 0.1640625 0.0078125 0.0203125
2 0.25625 0.2859375 0.0171875 0.09375
2 0.31875 0.2359375 0.0125 0.0640625
2 0.065625 0.1453125 0.0125 0.025
2 0.2734375 0.253125 0.0125 0.0359375
2 0.240625 0.21875 0.009375 0.05625
2 0.084375 0.134375 0.0125 0.0421875
2 0.55625 0.434375 0.0109375 0.025
2 0.965625 0.15625 0.015625 0.0203125
2 0.909375 0.3140625 0.01875 0.0546875
2 0.828125 0.1546875 0.00625 0.0265625
2 0.3828125 0.309375 0.009375 0.0203125
2 0.4375 0.1390625 0.015625 0.034375
2 0.30625 0.234375 0.0109375 0.0578125
2 0.2171875 0.2203125 0.0109375 0.05625
2 0.1453125 0.178125 0.00625 0.03125
2 0.20625 0.2609375 0.009375 0.0515625
2 0.6609375 0.14375 0.0046875 0.0234375
2 0.1171875 0.39375 0.0109375 0.03125
2 0.2578125 0.2015625 0.0125 0.0265625
2 0.54375 0.4359375 0.009375 0.0265625
2 0.91875 0.1546875 0.009375 0.0375
2 0.1609375 0.184375 0.00625 0.03125
2 0.31875 0.1078125 0.0046875 0.0203125
2 0.3703125 0.296875 0.0109375 0.0265625
2 0.228125 0.221875 0.0125 0.059375
2 0.0875 0.3421875 0.009375 0.06875
2 0.6921875 0.15 0.0046875 0.0125
2 0.6546875 0.14375 0.00625 0.0234375
2 0.503125 0.1265625 0.0046875 0.01875
2 0.1875 0.1921875 0.009375 0.04375
2 0.4796875 0.1234375 0.0046875 0.0171875
2 0.6390625 0.21875 0.0078125 0.0265625
2 0.4890625 0.1234375 0.0046875 0.0171875
2 0.4984375 0.1265625 0.0046875 0.01875
2 0.5609375 0.4640625 0.009375 0.0234375
2 0.471875 0.378125 0.009375 0.0265625
2 0.0953125 0.1640625 0.00625 0.0125
2 0.2125 0.16875 0.009375 0.0328125
2 0.671875 0.1234375 0.003125 0.0171875
2 0.840625 0.6109375 0.034375 0.1484375
2 0.16875 0.2140625 0.0078125 0.0390625
2 0.1203125 0.415625 0.0171875 0.0734375
2 0.7640625 0.13125 0.0046875 0.0140625
2 0.621875 0.1265625 0.00625 0.0234375
2 0.54375 0.4828125 0.0109375 0.0328125
2 0.9546875 0.15 0.00625 0.0296875
2 0.196875 0.1703125 0.0078125 0.034375
2 0.9203125 0.140625 0.0046875 0.0125
2 0.7546875 0.153125 0.00625 0.0109375
2 0.234375 0.1234375 0.0046875 0.0171875
2 0.9140625 0.3265625 0.0265625 0.0359375
2 0.63125 0.128125 0.0046875 0.021875
2 0.88125 0.68125 0.0734375 0.10625
2 0.1734375 0.209375 0.0109375 0.0515625
2 0.2453125 0.115625 0.0046875 0.0234375
2 0.5125 0.153125 0.0078125 0.025
2 0.546875 0.1203125 0.0046875 0.021875
2 0.5953125 0.125 0.0046875 0.01875
2 0.49375 0.153125 0.0109375 0.0265625
2 0.578125 0.125 0.0046875 0.021875
2 0.0953125 0.1359375 0.0078125 0.0296875
2 0.2828125 0.2484375 0.0109375 0.034375
2 0.6390625 0.128125 0.0046875 0.021875
2 0.440625 0.134375 0.009375 0.0375
2 0.621875 0.146875 0.0046875 0.0140625
2 0.46875 0.390625 0.0125 0.0515625
2 0.390625 0.309375 0.0078125 0.01875
2 0.44375 0.1203125 0.0046875 0.0125
2 0.3796875 0.328125 0.0140625 0.0578125
2 0.4640625 0.3453125 0.009375 0.0234375
2 0.234375 0.2171875 0.009375 0.0578125
2 0.378125 0.3015625 0.0140625 0.0328125
2 0.3890625 0.203125 0.0046875 0.0171875
2 0.1296875 0.1609375 0.0078125 0.0265625
2 0.2578125 0.1140625 0.0046875 0.01875
2 0.375 0.3203125 0.015625 0.071875
2 0.5625 0.471875 0.0140625 0.0390625
2 0.5390625 0.45625 0.01875 0.06875