2 0.9203125 0.4796875 0.0515625 0.2078125
2 0.315625 0.8140625 0.1359375 0.36875
2 0.4828125 0.353125 0.021875 0.109375
2 0.03125 0.284375 0.0140625 0.0546875
2 0.01875 0.28125 0.0109375 0.0515625
2 0.840625 0.2875 0.0140625 0.028125
2 0.0765625 0.290625 0.009375 0.046875
2 0.0109375 0.2765625 0.0109375 0.0421875
2 0.0859375 0.128125 0.0109375 0.04375
2 0.9796875 0.45625 0.015625 0.09375
2 0.3890625 0.29375 0.034375 0.05625
2 0.8234375 0.240625 0.00625 0.034375
2 0.25 0.74375 0.1703125 0.234375
2 0.88125 0.2875 0.00625 0.0265625
2 0.9796875 0.3234375 0.0234375 0.0765625
2 0.0875 0.2984375 0.0078125 0.053125
2 0.48125 0.3265625 0.015625 0.053125
2 0.0734375 0.1296875 0.0140625 0.04375
2 0.0203125 0.26875 0.00625 0.0265625
2 0.0046875 0.2765625 0.009375 0.0390625
2 0.0015625 0.278125 0.003125 0.0375
2 0.290625 0.76875 0.090625 0.2828125