2 0.696875 0.5578125 0.04375 0.2125
2 0.41875 0.8546875 0.06875 0.2875
2 0.1875 0.3796875 0.034375 0.1265625
2 0.615625 0.71875 0.0703125 0.2875
2 0.48125 0.4796875 0.0390625 0.14375
2 0.325 0.4078125 0.028125 0.1671875
2 0.4359375 0.425 0.0265625 0.15625
2 0.3734375 0.5234375 0.0453125 0.246875
2 0.865625 0.8421875 0.0390625 0.2921875
2 0.890625 0.871875 0.0515625 0.2515625
2 0.9875 0.853125 0.025 0.2859375
2 0.4484375 0.1671875 0.0078125 0.0421875
2 0.9328125 0.1546875 0.009375 0.0390625
2 0.875 0.4515625 0.01875 0.0671875
2 0.38125 0.1578125 0.009375 0.0390625
2 0.3515625 0.41875 0.025 0.171875
2 0.396875 0.421875 0.0359375 0.171875
2 0.4375 0.16875 0.009375 0.0421875
2 0.6515625 0.1484375 0.00625 0.053125
2 0.4125 0.38125 0.0140625 0.0984375
2 0.4859375 0.1578125 0.0078125 0.0375
2 0.484375 0.3984375 0.0203125 0.05625
2 0.225 0.4109375 0.0328125 0.15625
2 0.5640625 0.4 0.009375 0.025
2 0.346875 0.1234375 0.0078125 0.028125
2 0.5984375 0.13125 0.00625 0.0359375
2 0.440625 0.1265625 0.00625 0.0234375
2 0.353125 0.1578125 0.00625 0.0265625
2 0.490625 0.1578125 0.00625 0.0359375
2 0.965625 0.1328125 0.00625 0.0296875
2 0.0734375 0.159375 0.0125 0.0609375
2 0.03125 0.2015625 0.0109375 0.040625
2 0.3703125 0.38125 0.021875 0.078125
2 0.059375 0.153125 0.009375 0.0484375
2 0.6140625 0.13125 0.0078125 0.03125
2 0.1 0.178125 0.0109375 0.0546875
2 0.0921875 0.1625 0.0109375 0.05625
2 0.3734375 0.403125 0.0296875 0.121875
2 0.0875 0.171875 0.0109375 0.065625
2 0.4765625 0.1453125 0.00625 0.028125
2 0.040625 0.3453125 0.0171875 0.0140625
2 0.2953125 0.2609375 0.0078125 0.0328125
2 0.528125 0.403125 0.0234375 0.040625
2 0.60625 0.13125 0.00625 0.03125
2 0.296875 0.128125 0.0046875 0.0234375
2 0.0359375 0.1484375 0.0109375 0.0578125
2 0.3796875 0.371875 0.0109375 0.0296875
2 0.446875 0.39375 0.0125 0.084375
2 0.028125 0.1921875 0.009375 0.05
2 0.534375 0.403125 0.0109375 0.040625
2 0.290625 0.128125 0.00625 0.025
2 0.434375 0.1109375 0.0046875 0.01875
2 0.3671875 0.121875 0.003125 0.0265625
2 0.428125 0.3859375 0.0109375 0.05
2 0.284375 0.128125 0.00625 0.025
2 0.546875 0.3984375 0.0125 0.03125
2 0.9703125 0.13125 0.0046875 0.0265625
2 0.640625 0.1375 0.0046875 0.028125
2 0.1734375 0.096875 0.009375 0.0375
2 0.259375 0.26875 0.0078125 0.0375
2 0.4828125 0.4453125 0.025 0.1484375
2 0.1625 0.209375 0.0078125 0.0359375
2 0.85 0.1359375 0.0078125 0.04375
2 0.984375 0.875 0.03125 0.0234375
2 0.046875 0.1328125 0.0078125 0.0390625
2 0.3796875 0.15 0.0078125 0.0234375
2 0.375 0.365625 0.015625 0.04375
2 0.41875 0.1640625 0.0046875 0.0328125
2 0.478125 0.409375 0.0328125 0.078125
2 0.684375 0.1390625 0.0046875 0.0265625
2 0.9234375 0.0796875 0.0109375 0.0265625
2 0.0046875 0.3625 0.009375 0.0234375
2 0.5734375 0.1328125 0.0078125 0.0328125
2 0.38125 0.4078125 0.015625 0.1078125
2 0.009375 0.2296875 0.01875 0.0625
2 0.040625 0.3015625 0.0171875 0.0984375
2 0.7234375 0.1515625 0.00625 0.0390625