2 0.71875 0.7015625 0.05 0.2796875
2 0.3140625 0.4015625 0.025 0.1359375
2 0.821875 0.7296875 0.065625 0.2578125
2 0.7875 0.5390625 0.0328125 0.14375
2 0.9734375 0.61875 0.0375 0.146875
2 0.878125 0.65625 0.0515625 0.1671875
2 0.4953125 0.2046875 0.0125 0.0484375
2 0.9171875 0.70625 0.0515625 0.2359375
2 0.259375 0.253125 0.0140625 0.0671875
2 0.4234375 0.3078125 0.0140625 0.0484375
2 0.3453125 0.321875 0.015625 0.09375
2 0.359375 0.2609375 0.0125 0.0625
2 0.2171875 0.2671875 0.015625 0.0828125
2 0.34375 0.18125 0.009375 0.01875
2 0.3078125 0.30625 0.015625 0.0828125
2 0.20625 0.2578125 0.0109375 0.06875
2 0.3328125 0.325 0.015625 0.0890625
2 0.396875 0.334375 0.0125 0.0734375
2 0.5375 0.1359375 0.0078125 0.0203125
2 0.2765625 0.2578125 0.0140625 0.0625
2 0.6890625 0.23125 0.0078125 0.0265625
2 0.2875 0.2484375 0.0125 0.0515625
2 0.4921875 0.1390625 0.0078125 0.0390625
2 0.8234375 0.1359375 0.003125 0.0171875
2 0.165625 0.165625 0.0078125 0.0328125
2 0.853125 0.171875 0.0109375 0.0203125
2 0.4546875 0.146875 0.0109375 0.034375
2 0.6875 0.23125 0.0046875 0.021875
2 0.3875 0.1984375 0.009375 0.0265625
2 0.65625 0.1515625 0.0046875 0.0171875
2 0.7375 0.146875 0.003125 0.0171875
2 0.2140625 0.203125 0.0109375 0.0421875
2 0.9890625 0.3296875 0.0203125 0.0546875
2 0.73125 0.1484375 0.0046875 0.015625
2 0.39375 0.296875 0.009375 0.03125
2 0.475 0.1421875 0.009375 0.0359375
2 0.4765625 0.1484375 0.0078125 0.0234375
2 0.1 0.353125 0.009375 0.071875
2 0.1765625 0.1671875 0.00625 0.028125
2 0.7046875 0.1484375 0.0046875 0.0234375
2 0.1875 0.1671875 0.00625 0.028125
2 0.0875 0.09375 0.00625 0.034375
2 0.765625 0.1703125 0.00625 0.0171875
2 0.35625 0.2796875 0.0125 0.0265625
2 0.20625 0.16875 0.0078125 0.034375
2 0.8984375 0.740625 0.01875 0.071875
2 0.784375 0.1546875 0.0046875 0.01875
2 0.0875 0.171875 0.0109375 0.0640625
2 0.7125 0.15625 0.0046875 0.0140625
2 0.9421875 0.6640625 0.025 0.1140625
2 0.13125 0.15 0.0046875 0.0171875
2 0.2890625 0.30625 0.015625 0.084375
2 0.140625 0.134375 0.0046875 0.025
2 0.1984375 0.1671875 0.0078125 0.0328125
2 0.2828125 0.115625 0.0046875 0.021875
2 0.421875 0.2109375 0.0046875 0.01875
2 0.815625 0.159375 0.0046875 0.0109375
2 0.0875 0.1484375 0.00625 0.015625
2 0.146875 0.1375 0.0046875 0.021875
2 0.8109375 0.16875 0.0109375 0.0265625
2 0.51875 0.128125 0.0046875 0.0140625
2 0.240625 0.1984375 0.00625 0.01875
2 0.4234375 0.3265625 0.015625 0.0875
2 0.29375 0.3140625 0.009375 0.05625
2 0.2828125 0.2078125 0.0125 0.0265625
2 0.39375 0.315625 0.0125 0.0671875
2 0.1 0.1390625 0.0140625 0.0578125
2 0.628125 0.125 0.0046875 0.021875
2 0.603125 0.21875 0.0046875 0.01875
2 0.425 0.190625 0.0078125 0.03125
2 0.40625 0.3390625 0.0109375 0.0734375
2 0.54375 0.1625 0.0078125 0.0171875
2 0.4515625 0.146875 0.00625 0.0328125
2 0.8421875 0.171875 0.009375 0.021875
2 0.5359375 0.15 0.009375 0.05
2 0.390625 0.2 0.00625 0.025
2 0.9078125 0.7421875 0.0359375 0.078125
2 0.8984375 0.70625 0.0203125 0.14375
2 0.3859375 0.1984375 0.00625 0.021875
2 0.0796875 0.1515625 0.0125 0.046875
2 0.990625 0.16875 0.0125 0.021875