2 0.853125 0.7171875 0.0703125 0.2875
2 0.521875 0.4734375 0.0328125 0.2140625
2 0.1640625 0.5078125 0.0375 0.1484375
2 0.1984375 0.40625 0.0328125 0.14375
2 0.0953125 0.44375 0.0421875 0.1921875
2 0.2515625 0.4390625 0.0296875 0.16875
2 0.409375 0.5234375 0.0484375 0.16875
2 0.353125 0.5421875 0.034375 0.1640625
2 0.8515625 0.2875 0.0140625 0.0671875
2 0.2875 0.40625 0.0296875 0.1578125
2 0.7921875 0.9859375 0.0265625 0.028125
2 0.215625 0.26875 0.03125 0.115625
2 0.809375 0.2859375 0.0171875 0.0359375
2 0.3921875 0.41875 0.040625 0.1265625
2 0.1625 0.215625 0.021875 0.0875
2 0.3375 0.403125 0.021875 0.159375
2 0.075 0.275 0.0203125 0.06875
2 0.3109375 0.278125 0.021875 0.109375
2 0.8890625 0.56875 0.0203125 0.075
2 0.3875 0.1484375 0.00625 0.0296875
2 0.14375 0.2203125 0.01875 0.0765625
2 0.0109375 0.503125 0.021875 0.0984375
2 0.4140625 0.303125 0.0234375 0.08125
2 0.3125 0.4140625 0.0359375 0.1703125
2 0.4078125 0.375 0.0203125 0.1171875
2 0.8359375 0.5109375 0.0265625 0.0390625
2 0.3 0.2671875 0.015625 0.1078125
2 0.346875 0.2296875 0.0234375 0.0359375
2 0.3296875 0.415625 0.0203125 0.14375
2 0.2796875 0.2421875 0.01875 0.1046875
2 0.4328125 0.5453125 0.0078125 0.0890625
2 0.134375 0.8640625 0.08125 0.1140625
2 0.1375 0.275 0.01875 0.1046875
2 0.24375 0.2390625 0.0203125 0.096875
2 0.9078125 0.1921875 0.0078125 0.06875
2 0.25625 0.2328125 0.0140625 0.0890625
2 0.1171875 0.215625 0.009375 0.015625
2 0.390625 0.35625 0.01875 0.059375
2 0.65 0.53125 0.009375 0.0265625
2 0.878125 0.3109375 0.0140625 0.0265625
2 0.8734375 0.228125 0.0171875 0.05
2 0.54375 0.4515625 0.015625 0.0765625
2 0.2671875 0.2390625 0.0171875 0.1015625
2 0.346875 0.253125 0.025 0.0828125
2 0.9 0.2421875 0.0078125 0.028125
2 0.40625 0.3390625 0.01875 0.04375
2 0.659375 0.5484375 0.01875 0.0609375
2 0.2046875 0.2734375 0.0125 0.1015625
2 0.2140625 0.1859375 0.015625 0.05625
2 0.1625 0.8390625 0.0265625 0.0625
2 0.228125 0.1984375 0.0140625 0.103125
2 0.8390625 0.2890625 0.0140625 0.053125
2 0.2671875 0.1796875 0.0140625 0.034375
2 0.0296875 0.45625 0.0265625 0.09375
2 0.128125 0.85625 0.0484375 0.08125
2 0.3 0.240625 0.0140625 0.05625
2 0.24375 0.1765625 0.015625 0.04375
2 0.89375 0.5640625 0.0109375 0.0640625
2 0.6578125 0.5328125 0.0203125 0.03125
2 0.234375 0.1640625 0.009375 0.046875
2 0.421875 0.3359375 0.0140625 0.1234375
2 0.365625 0.1265625 0.009375 0.0171875
2 0.8125 0.2703125 0.009375 0.034375
2 0.403125 0.18125 0.0125 0.0234375
2 0.021875 0.48125 0.0421875 0.146875
2 0.4 0.3515625 0.034375 0.0703125
2 0.390625 0.3859375 0.0203125 0.121875
2 0.409375 0.2890625 0.015625 0.0515625
2 0.0078125 0.4765625 0.0140625 0.0484375