2 0.1515625 0.728125 0.05625 0.25625
2 0.7234375 0.9015625 0.084375 0.1953125
2 0.334375 0.66875 0.040625 0.2234375
2 0.528125 0.85 0.0671875 0.2984375
2 0.675 0.703125 0.0515625 0.2671875
2 0.371875 0.6640625 0.04375 0.2359375
2 0.0234375 0.8796875 0.0453125 0.2375
2 0.4796875 0.840625 0.0578125 0.3125
2 0.4390625 0.8734375 0.0546875 0.2515625
2 0.6515625 0.9109375 0.0609375 0.1765625
2 0.2578125 0.8734375 0.06875 0.2484375
2 0.41875 0.840625 0.046875 0.3140625
2 0.5703125 0.4578125 0.0328125 0.096875
2 0.6515625 0.6578125 0.040625 0.2578125
2 0.571875 0.3578125 0.01875 0.046875
2 0.4109375 0.5546875 0.0328125 0.2046875
2 0.325 0.6109375 0.05 0.2125
2 0.5875 0.5421875 0.04375 0.1046875
2 0.65625 0.5734375 0.0296875 0.0859375
2 0.43125 0.58125 0.0375 0.1875
2 0.559375 0.5375 0.0421875 0.1421875
2 0.178125 0.4203125 0.0109375 0.0234375
2 0.1453125 0.3640625 0.0125 0.09375
2 0.5 0.56875 0.040625 0.2
2 0.7578125 0.5234375 0.0328125 0.1484375
2 0.7953125 0.7328125 0.0484375 0.128125
2 0.65625 0.403125 0.01875 0.096875
2 0.51875 0.5640625 0.0234375 0.15625
2 0.1859375 0.5984375 0.0328125 0.0890625
2 0.015625 0.5640625 0.015625 0.0328125
2 0.465625 0.5921875 0.0265625 0.1609375
2 0.3 0.5421875 0.021875 0.16875
2 0.465625 0.5671875 0.04375 0.18125
2 0.675 0.440625 0.0234375 0.125
2 0.603125 0.3921875 0.01875 0.1046875
2 0.79375 0.5328125 0.03125 0.103125
2 0.853125 0.48125 0.0296875 0.1453125
2 0.8734375 0.5390625 0.0234375 0.1078125
2 0.384375 0.5875 0.028125 0.1640625
2 0.709375 0.46875 0.0234375 0.1359375
2 0.5875 0.6421875 0.0453125 0.30625
2 0.8203125 0.3375 0.0125 0.0421875
2 0.465625 0.509375 0.04375 0.06875
2 0.746875 0.4515625 0.0265625 0.1125
2 0.6296875 0.36875 0.0171875 0.10625
2 0.31875 0.5125 0.021875 0.0640625
2 0.69375 0.45625 0.0234375 0.1375
2 0.1203125 0.609375 0.0203125 0.0625
2 0.63125 0.88125 0.0609375 0.228125
2 0.678125 0.3609375 0.0203125 0.0546875
2 0.725 0.4234375 0.0234375 0.1171875
2 0.7859375 0.3671875 0.03125 0.046875
2 0.828125 0.30625 0.0171875 0.0421875
2 0.69375 0.3578125 0.01875 0.071875
2 0.2703125 0.4875 0.0390625 0.046875
2 0.5921875 0.4140625 0.0140625 0.05625
2 0.7140625 0.3765625 0.0171875 0.05625
2 0.31875 0.49375 0.0171875 0.0296875
2 0.1046875 0.678125 0.0515625 0.190625
2 0.6375 0.74375 0.034375 0.0859375
2 0.534375 0.4140625 0.0171875 0.0796875
2 0.875 0.5015625 0.0265625 0.1859375
2 0.215625 0.3765625 0.009375 0.01875
2 0.546875 0.3515625 0.009375 0.0375
2 0.390625 0.471875 0.01875 0.0765625
2 0.7765625 0.4453125 0.021875 0.08125
2 0.628125 0.3359375 0.0140625 0.0390625
2 0.734375 0.4359375 0.0203125 0.1328125
2 0.8 0.3546875 0.015625 0.028125
2 0.7703125 0.353125 0.015625 0.053125
2 0.71875 0.3359375 0.01875 0.0484375
2 0.775 0.321875 0.015625 0.046875
2 0.7859375 0.4984375 0.0296875 0.096875
2 0.728125 0.315625 0.0171875 0.0546875
2 0.6453125 0.365625 0.015625 0.0875
2 0.8453125 0.321875 0.0140625 0.0375
2 0.021875 0.590625 0.0296875 0.0859375
2 0.3 0.484375 0.01875 0.05625
2 0.1453125 0.3453125 0.0078125 0.05625
2 0.7984375 0.4390625 0.0203125 0.0703125
2 0.6703125 0.3234375 0.0125 0.034375
2 0.190625 0.6484375 0.0421875 0.1921875
2 0.75 0.340625 0.021875 0.0890625
2 0.43125 0.4546875 0.0125 0.0625
2 0.6859375 0.3078125 0.0125 0.0515625
2 0.5328125 0.384375 0.0125 0.0234375
2 0.7078125 0.3359375 0.0171875 0.06875
2 0.8234375 0.503125 0.0328125 0.1265625
2 0.875 0.4546875 0.015625 0.09375
2 0.1046875 0.61875 0.0515625 0.13125
2 0.546875 0.846875 0.034375 0.3
2 0.1125 0.596875 0.034375 0.0875
2 0.5703125 0.8703125 0.0734375 0.25625
2 0.690625 0.425 0.0171875 0.0890625
2 0.5578125 0.4484375 0.0171875 0.1046875