2 0.559375 0.8125 0.0796875 0.3703125
2 0.9671875 0.653125 0.0640625 0.2578125
2 0.909375 0.1421875 0.015625 0.0671875
2 0.534375 0.68125 0.0609375 0.303125
2 0.55625 0.2765625 0.0125 0.06875
2 0.871875 0.159375 0.015625 0.0765625
2 0.50625 0.6046875 0.040625 0.1578125
2 0.678125 0.2796875 0.0296875 0.1375
2 0.71875 0.4640625 0.021875 0.0796875
2 0.7140625 0.4578125 0.0296875 0.1234375
2 0.7015625 0.4671875 0.0375 0.0921875
2 0.690625 0.4484375 0.015625 0.053125
2 0.4296875 0.4875 0.009375 0.0328125
2 0.40625 0.5640625 0.009375 0.028125
2 0.3921875 0.5671875 0.009375 0.028125
2 0.51875 0.509375 0.0078125 0.034375
2 0.65625 0.44375 0.0109375 0.0296875
2 0.409375 0.5890625 0.0140625 0.08125
2 0.7078125 0.428125 0.0171875 0.0671875
2 0.396875 0.6078125 0.0109375 0.0515625
2 0.396875 0.621875 0.0078125 0.0234375
2 0.7 0.4359375 0.0328125 0.08125
2 0.4078125 0.50625 0.0109375 0.028125
2 0.5390625 0.49375 0.0125 0.0359375
2 0.4109375 0.61875 0.009375 0.025
2 0.4046875 0.4734375 0.00625 0.028125
2 0.4140625 0.465625 0.0109375 0.03125
2 0.3953125 0.59375 0.015625 0.0796875
2 0.9046875 0.14375 0.0078125 0.059375