2 0.3640625 0.4703125 0.0359375 0.140625
2 0.6046875 0.903125 0.0703125 0.190625
2 0.7734375 0.71875 0.0484375 0.246875
2 0.6375 0.428125 0.021875 0.11875
2 0.809375 0.609375 0.040625 0.153125
2 0.94375 0.5953125 0.04375 0.1515625
2 0.425 0.309375 0.015625 0.08125
2 0.8515625 0.6390625 0.0546875 0.1515625
2 0.8453125 0.5734375 0.0234375 0.0671875
2 0.284375 0.303125 0.015625 0.08125
2 0.3234375 0.30625 0.0171875 0.078125
2 0.303125 0.309375 0.0140625 0.075
2 0.965625 0.15625 0.015625 0.01875
2 0.3578125 0.196875 0.0078125 0.0265625
2 0.1296875 0.409375 0.028125 0.084375
2 0.3046875 0.2328125 0.0078125 0.0578125
2 0.909375 0.3140625 0.0171875 0.0578125
2 0.4375 0.1359375 0.015625 0.0359375
2 0.065625 0.1421875 0.0125 0.0265625
2 0.91875 0.153125 0.0109375 0.0375
2 0.54375 0.1765625 0.0078125 0.0328125
2 0.55625 0.434375 0.0109375 0.025
2 0.2359375 0.1984375 0.009375 0.0484375
2 0.384375 0.309375 0.0109375 0.0203125
2 0.3140625 0.2421875 0.009375 0.03125
2 0.3703125 0.2953125 0.009375 0.0234375
2 0.4328125 0.1359375 0.0078125 0.0375
2 0.6609375 0.14375 0.0046875 0.0234375
2 0.084375 0.1359375 0.0125 0.04375
2 0.2484375 0.203125 0.0078125 0.03125
2 0.675 0.140625 0.00625 0.0140625
2 0.4078125 0.315625 0.0203125 0.028125
2 0.75625 0.140625 0.00625 0.028125
2 0.2671875 0.23125 0.009375 0.046875
2 0.4890625 0.128125 0.0046875 0.021875
2 0.653125 0.140625 0.00625 0.0265625
2 0.6625 0.5 0.015625 0.0375
2 0.0953125 0.14375 0.009375 0.0484375
2 0.8875 0.65625 0.0578125 0.0625
2 0.54375 0.4359375 0.009375 0.0265625
2 0.190625 0.178125 0.009375 0.0421875
2 0.1734375 0.178125 0.009375 0.0390625
2 0.2078125 0.1671875 0.00625 0.0296875
2 0.6390625 0.21875 0.0078125 0.0234375
2 0.0859375 0.3421875 0.009375 0.06875
2 0.4546875 0.1015625 0.0046875 0.0140625
2 0.8125 0.1328125 0.00625 0.0203125
2 0.31875 0.109375 0.0046875 0.01875
2 0.671875 0.1421875 0.0046875 0.0125
2 0.49375 0.1296875 0.0078125 0.0234375
2 0.2609375 0.1984375 0.009375 0.0265625
2 0.9125 0.6046875 0.10625 0.16875
2 0.440625 0.1390625 0.009375 0.028125
2 0.5828125 0.1203125 0.0046875 0.021875
2 0.5125 0.1515625 0.00625 0.0234375
2 0.1640625 0.178125 0.0078125 0.0390625
2 0.846875 0.1390625 0.0046875 0.01875
2 0.521875 0.1296875 0.0046875 0.028125
2 0.809375 0.134375 0.003125 0.01875
2 0.6671875 0.109375 0.00625 0.025
2 0.7546875 0.1515625 0.0046875 0.0109375
2 0.5953125 0.134375 0.0078125 0.0359375
2 0.41875 0.1375 0.00625 0.01875
2 0.496875 0.128125 0.0046875 0.021875
2 0.621875 0.1234375 0.00625 0.0234375
2 0.234375 0.196875 0.00625 0.04375
2 0.88125 0.6796875 0.0734375 0.1109375
2 0.921875 0.140625 0.0046875 0.0125
2 0.046875 0.1515625 0.009375 0.0453125
2 0.4515625 0.1015625 0.003125 0.0125
2 0.365625 0.29375 0.0078125 0.01875
2 0.471875 0.378125 0.0078125 0.0234375
2 0.290625 0.2296875 0.0046875 0.015625
2 0.5578125 0.1359375 0.0046875 0.03125
2 0.353125 0.4734375 0.015625 0.1265625
2 0.9609375 0.15625 0.0078125 0.01875
2 0.3796875 0.2984375 0.009375 0.021875
2 0.840625 0.6109375 0.034375 0.1453125
2 0.54375 0.16875 0.00625 0.01875
2 0.41875 0.1421875 0.0078125 0.028125
2 0.2671875 0.2109375 0.0078125 0.0234375
2 0.840625 0.1375 0.00625 0.0203125
2 0.28125 0.2109375 0.00625 0.0140625
2 0.296875 0.2203125 0.0078125 0.034375
2 0.415625 0.3078125 0.00625 0.015625
2 0.5625 0.4703125 0.0140625 0.0375
2 0.303125 0.2203125 0.0078125 0.03125
2 0.84375 0.1390625 0.0125 0.0234375