2 0.1171875 0.421875 0.0375 0.1265625
2 0.7546875 0.715625 0.0546875 0.1921875
2 0.6140625 0.9078125 0.071875 0.1828125
2 0.753125 0.903125 0.065625 0.1921875
2 0.925 0.596875 0.034375 0.1484375
2 0.80625 0.6109375 0.04375 0.1515625
2 0.6796875 0.9140625 0.0609375 0.1703125
2 0.8625 0.6640625 0.046875 0.209375
2 0.396875 0.315625 0.015625 0.08125
2 0.4875 0.2 0.0109375 0.0484375
2 0.2796875 0.296875 0.021875 0.06875
2 0.20625 0.2328125 0.015625 0.0625
2 0.684375 0.7875 0.0625 0.20625
2 0.4359375 0.1890625 0.0078125 0.0390625
2 0.7 0.4765625 0.025 0.1265625
2 0.8390625 0.64375 0.0515625 0.1515625
2 0.225 0.2421875 0.0125 0.0640625
2 0.4546875 0.190625 0.009375 0.0390625
2 0.28125 0.2390625 0.009375 0.0609375
2 0.6734375 0.6984375 0.0828125 0.10625
2 0.91875 0.1546875 0.009375 0.0359375
2 0.4109375 0.3234375 0.0140625 0.0453125
2 0.6390625 0.21875 0.0078125 0.025
2 0.3734375 0.2953125 0.0078125 0.025
2 0.065625 0.14375 0.0125 0.025
2 0.2578125 0.25 0.0125 0.05625
2 0.6078125 0.4859375 0.015625 0.0671875
2 0.8234375 0.1578125 0.0046875 0.01875
2 0.6734375 0.14375 0.00625 0.01875
2 0.2375 0.2484375 0.009375 0.053125
2 0.978125 0.140625 0.0046875 0.015625
2 0.125 0.39375 0.01875 0.0671875
2 0.3515625 0.2296875 0.009375 0.0265625
2 0.440625 0.1421875 0.00625 0.021875
2 0.6921875 0.14375 0.00625 0.0234375
2 0.203125 0.1890625 0.0078125 0.0265625
2 0.084375 0.134375 0.0125 0.0421875
2 0.46875 0.11875 0.0046875 0.021875
2 0.815625 0.1578125 0.0046875 0.015625
2 0.3578125 0.19375 0.00625 0.021875
2 0.359375 0.20625 0.0078125 0.0484375
2 0.321875 0.1359375 0.0046875 0.0171875
2 0.30625 0.1359375 0.0046875 0.0171875
2 0.8625 0.14375 0.00625 0.0203125
2 0.275 0.2515625 0.0078125 0.03125
2 0.8109375 0.1328125 0.00625 0.021875
2 0.503125 0.1296875 0.00625 0.0265625
2 0.3015625 0.2421875 0.0046875 0.015625
2 0.1546875 0.1921875 0.0078125 0.01875
2 0.653125 0.14375 0.00625 0.021875
2 0.98125 0.140625 0.00625 0.015625
2 0.434375 0.1390625 0.0078125 0.034375
2 0.2453125 0.24375 0.009375 0.0578125
2 0.3015625 0.1375 0.00625 0.01875
2 0.2578125 0.2 0.0140625 0.0234375
2 0.4890625 0.1234375 0.0046875 0.0171875
2 0.6453125 0.1453125 0.0046875 0.0171875
2 0.609375 0.2375 0.009375 0.0734375
2 0.609375 0.1703125 0.0046875 0.015625
2 0.25 0.2703125 0.0171875 0.0609375
2 0.778125 0.13125 0.0046875 0.0203125
2 0.4984375 0.1359375 0.00625 0.021875
2 0.496875 0.1421875 0.0078125 0.03125
2 0.684375 0.140625 0.0046875 0.021875
2 0.8765625 0.1421875 0.0046875 0.0265625
2 0.225 0.2015625 0.009375 0.0359375
2 0.6609375 0.1484375 0.0046875 0.0140625
2 0.175 0.190625 0.00625 0.015625
2 0.75625 0.1515625 0.0046875 0.0125
2 0.3015625 0.2515625 0.0078125 0.0328125
2 0.1640625 0.2 0.0109375 0.0375
2 0.7296875 0.1453125 0.0046875 0.021875
2 0.1765625 0.2046875 0.009375 0.0421875
2 0.1640625 0.1921875 0.009375 0.0203125
2 0.0953125 0.14375 0.009375 0.046875
2 0.3890625 0.203125 0.0046875 0.01875
2 0.765625 0.1359375 0.00625 0.0234375
2 0.31875 0.1078125 0.0046875 0.021875
2 0.1109375 0.1390625 0.0046875 0.0203125
2 0.8546875 0.603125 0.021875 0.0703125
2 0.7984375 0.1328125 0.0046875 0.0203125
2 0.41875 0.14375 0.0078125 0.0265625
2 0.2171875 0.19375 0.0078125 0.0171875
2 0.234375 0.190625 0.00625 0.0265625
2 0.6671875 0.1109375 0.00625 0.0234375
2 0.959375 0.1453125 0.0046875 0.0140625
2 0.5 0.2140625 0.00625 0.0234375
2 0.41875 0.1375 0.0046875 0.0171875
2 0.48125 0.1265625 0.00625 0.015625
2 0.459375 0.121875 0.0046875 0.021875
2 0.134375 0.1703125 0.0078125 0.0265625
2 0.7203125 0.1328125 0.00625 0.025
2 0.5359375 0.1375 0.0046875 0.021875
2 0.753125 0.1609375 0.0109375 0.0234375
2 0.2578125 0.115625 0.0046875 0.021875
2 0.6375 0.13125 0.0046875 0.0203125
2 0.246875 0.2265625 0.0078125 0.0234375
2 0.375 0.31875 0.0125 0.06875
2 0.353125 0.2265625 0.00625 0.0203125
2 0.4875 0.125 0.003125 0.0171875
2 0.1984375 0.178125 0.0046875 0.021875
2 0.25625 0.1953125 0.009375 0.015625
2 0.353125 0.2125 0.015625 0.0578125
2 0.909375 0.6046875 0.06875 0.1671875