2 0.821875 0.634375 0.0328125 0.1828125
2 0.7890625 0.5484375 0.025 0.1421875
2 0.6234375 0.5703125 0.03125 0.165625
2 0.75625 0.5359375 0.025 0.128125
2 0.653125 0.5515625 0.0296875 0.146875
2 0.6921875 0.5546875 0.0359375 0.1359375
2 0.94375 0.45 0.0125 0.04375
2 0.8953125 0.4234375 0.0109375 0.0515625
2 0.2375 0.6453125 0.03125 0.08125
2 0.6734375 0.5265625 0.0203125 0.1359375
2 0.8625 0.4015625 0.0125 0.0625
2 0.90625 0.4 0.009375 0.053125
2 0.7890625 0.4265625 0.009375 0.053125
2 0.9171875 0.459375 0.01875 0.0625
2 0.559375 0.3921875 0.009375 0.03125
2 0.3375 0.5390625 0.0265625 0.0484375
2 0.8078125 0.41875 0.0109375 0.05
2 0.8796875 0.378125 0.0078125 0.03125
2 0.8734375 0.40625 0.015625 0.0734375
2 0.340625 0.55 0.046875 0.071875
2 0.715625 0.5140625 0.015625 0.071875
2 0.690625 0.4875 0.0125 0.0265625
2 0.871875 0.4265625 0.0109375 0.0375
2 0.846875 0.403125 0.0078125 0.0453125
2 0.91875 0.2671875 0.0125 0.0421875
2 0.578125 0.5109375 0.01875 0.11875
2 0.2890625 0.3265625 0.034375 0.178125
2 0.8859375 0.265625 0.009375 0.0328125
2 0.7453125 0.465625 0.0140625 0.0765625
2 0.9203125 0.4359375 0.00625 0.015625
2 0.95625 0.4421875 0.0078125 0.03125
2 0.621875 0.190625 0.009375 0.0765625
2 0.946875 0.375 0.0046875 0.0328125
2 0.2515625 0.70625 0.059375 0.203125
2 0.9390625 0.6453125 0.021875 0.0484375
2 0.2375 0.7640625 0.0359375 0.0671875
2 0.6875 0.496875 0.0171875 0.04375
2 0.684375 0.5359375 0.025 0.1203125
2 0.7765625 0.43125 0.009375 0.04375
2 0.815625 0.4171875 0.009375 0.0390625
2 0.6625 0.4875 0.0109375 0.046875
2 0.903125 0.4125 0.00625 0.03125
2 0.809375 0.3984375 0.00625 0.0234375
2 0.90625 0.4109375 0.009375 0.0328125
2 0.940625 0.421875 0.0109375 0.0375
2 0.7109375 0.509375 0.015625 0.0796875