2 0.64375 0.4078125 0.0359375 0.2
2 0.8796875 0.584375 0.0625 0.1234375
2 0.578125 0.328125 0.028125 0.1265625
2 0.2171875 0.2265625 0.0234375 0.078125
2 0.36875 0.521875 0.053125 0.1515625
2 0.25625 0.146875 0.009375 0.0515625
2 0.83125 0.0953125 0.0125 0.0578125
2 0.4828125 0.30625 0.03125 0.13125
2 0.4421875 0.05625 0.0078125 0.0359375
2 0.446875 0.2828125 0.028125 0.140625
2 0.4578125 0.0546875 0.0078125 0.0375
2 0.34375 0.2390625 0.01875 0.1140625
2 0.221875 0.1296875 0.0171875 0.0796875
2 0.4109375 0.28125 0.0296875 0.153125
2 0.378125 0.278125 0.025 0.1515625
2 0.8296875 0.9359375 0.0703125 0.1265625
2 0.0703125 0.2265625 0.0125 0.0265625
2 0.6046875 0.0359375 0.0109375 0.0515625
2 0.675 0.503125 0.0390625 0.0328125
2 0.0515625 0.2171875 0.015625 0.0328125
2 0.596875 0.01875 0.0078125 0.025
2 0.3625 0.2578125 0.0125 0.06875
2 0.45 0.015625 0.0078125 0.0234375
2 0.390625 0.0140625 0.0078125 0.028125
2 0.146875 0.0953125 0.015625 0.0671875
2 0.1765625 0.08125 0.0125 0.0578125
2 0.709375 0.028125 0.009375 0.025
2 0.80625 0.0265625 0.00625 0.0359375
2 0.55625 0.259375 0.009375 0.0203125
2 0.3953125 0.278125 0.01875 0.1390625
2 0.73125 0.175 0.0125 0.03125
2 0.1609375 0.084375 0.009375 0.0515625
2 0.540625 0.2609375 0.0140625 0.0359375
2 0.825 0.3046875 0.0125 0.053125
2 0.134375 0.0859375 0.0140625 0.04375
2 0.5296875 0.2609375 0.0125 0.0359375
2 0.3671875 0.0140625 0.0078125 0.025
2 0.28125 0.121875 0.0125 0.0578125
2 0.5515625 0.25625 0.021875 0.028125
2 0.196875 0.096875 0.0125 0.0640625
2 0.45625 0.2484375 0.0125 0.071875
2 0.109375 0.0390625 0.0125 0.078125
2 0.278125 0.134375 0.00625 0.03125
2 0.2453125 0.125 0.0078125 0.028125
2 0.275 0.021875 0.0046875 0.028125
2 0.54375 0.25625 0.0078125 0.028125
2 0.1265625 0.0828125 0.0109375 0.0515625
2 0.325 0.134375 0.00625 0.025
2 0.1765625 0.0921875 0.0078125 0.0359375
2 0.434375 0.2421875 0.015625 0.05
2 0.13125 0.0296875 0.0078125 0.021875
2 0.35625 0.240625 0.0171875 0.1078125
2 0.1109375 0.2078125 0.0125 0.0125
2 0.421875 0.215625 0.0109375 0.040625
2 0.046875 0.0515625 0.009375 0.0625
2 0.6546875 0.040625 0.0078125 0.0375
2 0.528125 0.034375 0.0109375 0.05625
2 0.6078125 0.0234375 0.00625 0.0265625
2 0.4921875 0.0484375 0.00625 0.0265625
2 0.453125 0.015625 0.0046875 0.0234375
2 0.3234375 0.1453125 0.009375 0.0453125
2 0.3171875 0.05 0.00625 0.015625
2 0.1078125 0.01875 0.009375 0.0375
2 0.5375 0.259375 0.0515625 0.0390625
2 0.4328125 0.009375 0.00625 0.0171875
2 0.4015625 0.00625 0.009375 0.0125
2 0.7921875 0.03125 0.0046875 0.03125
2 0.9921875 0.9921875 0.015625 0.0125
2 0.7125 0.028125 0.0046875 0.0265625