2 0.05625 0.7078125 0.0625 0.2265625
2 0.890625 0.6546875 0.0515625 0.225
2 0.76875 0.9453125 0.09375 0.1078125
2 0.8625 0.8890625 0.0734375 0.221875
2 0.215625 0.2609375 0.015625 0.075
2 0.74375 0.703125 0.05 0.2375
2 0.8171875 0.825 0.0765625 0.3015625
2 0.66875 0.7 0.04375 0.23125
2 0.6453125 0.83125 0.0828125 0.2421875
2 0.9765625 0.9484375 0.0453125 0.1015625
2 0.721875 0.6484375 0.0453125 0.2375
2 0.8109375 0.64375 0.0453125 0.2109375
2 0.3625 0.3078125 0.0140625 0.075
2 0.69375 0.5 0.0265625 0.0640625
2 0.628125 0.671875 0.0421875 0.18125
2 0.9140625 0.153125 0.0140625 0.0375
2 0.8546875 0.1578125 0.0078125 0.028125
2 0.353125 0.196875 0.0078125 0.0265625
2 0.0609375 0.153125 0.0125 0.046875
2 0.6796875 0.1546875 0.0078125 0.0328125
2 0.446875 0.1390625 0.009375 0.046875
2 0.253125 0.2078125 0.0125 0.04375
2 0.2625 0.2046875 0.009375 0.0390625
2 0.4921875 0.128125 0.0046875 0.01875
2 0.66875 0.1625 0.00625 0.01875
2 0.1671875 0.203125 0.009375 0.046875
2 0.4625 0.1625 0.0078125 0.01875
2 0.0734375 0.18125 0.0140625 0.0359375
2 0.4484375 0.1515625 0.0078125 0.028125
2 0.7078125 0.14375 0.0046875 0.0171875
2 0.95625 0.153125 0.0078125 0.0234375
2 0.25 0.209375 0.0078125 0.0390625
2 0.29375 0.1671875 0.009375 0.0359375
2 0.490625 0.15 0.0109375 0.0328125
2 0.709375 0.1453125 0.0046875 0.0203125
2 0.69375 0.5296875 0.028125 0.1234375
2 0.4546875 0.1328125 0.00625 0.034375
2 0.090625 0.1421875 0.009375 0.05
2 0.6359375 0.2171875 0.0078125 0.0234375
2 0.1515625 0.1921875 0.0125 0.0359375
2 0.83125 0.56875 0.0125 0.0609375
2 0.7921875 0.65625 0.01875 0.0421875
2 0.0796875 0.140625 0.0125 0.0515625
2 0.7625 0.1296875 0.0046875 0.0171875
2 0.65 0.140625 0.0046875 0.01875
2 0.4203125 0.1375 0.0046875 0.015625
2 0.55625 0.2125 0.0046875 0.025
2 0.80625 0.1296875 0.0046875 0.0171875
2 0.41875 0.14375 0.0078125 0.025
2 0.4765625 0.1234375 0.003125 0.0140625
2 0.9625 0.153125 0.01875 0.0265625
2 0.84375 0.13125 0.0046875 0.015625
2 0.8125 0.1328125 0.0046875 0.01875
2 0.2359375 0.15625 0.0046875 0.01875
2 0.2234375 0.125 0.003125 0.0140625
2 0.21875 0.1859375 0.0109375 0.0328125
2 0.06875 0.1484375 0.00625 0.0171875
2 0.1125 0.153125 0.0046875 0.0203125
2 0.253125 0.115625 0.0046875 0.0234375
2 0.825 0.134375 0.0046875 0.0171875
2 0.6875 0.1609375 0.00625 0.021875
2 0.640625 0.14375 0.003125 0.015625
2 0.446875 0.13125 0.00625 0.0296875
2 0.4046875 0.321875 0.01875 0.0453125
2 0.4546875 0.140625 0.0046875 0.0171875
2 0.4625 0.121875 0.0046875 0.0140625
2 0.196875 0.1734375 0.00625 0.028125
2 0.7890625 0.6359375 0.0265625 0.0765625
2 0.6578125 0.146875 0.0046875 0.015625
2 0.090625 0.153125 0.00625 0.0296875
2 0.115625 0.153125 0.0125 0.028125
2 0.4875 0.1359375 0.003125 0.009375
2 0.775 0.13125 0.003125 0.0140625
2 0.1484375 0.1859375 0.0078125 0.0265625
2 0.06875 0.15625 0.0078125 0.0328125
2 0.11875 0.1546875 0.00625 0.0234375
2 0.85625 0.134375 0.0046875 0.0140625
2 0.240625 0.115625 0.0046875 0.0203125
2 0.0375 0.1703125 0.009375 0.015625
2 0.0765625 0.1796875 0.0078125 0.028125
2 0.1875 0.1671875 0.009375 0.0328125
2 0.1 0.13125 0.00625 0.028125
2 0.228125 0.1875 0.0078125 0.0296875
2 0.21875 0.178125 0.00625 0.0203125
2 0.225 0.16875 0.00625 0.0265625
2 0.4109375 0.321875 0.0078125 0.04375
2 0.15625 0.171875 0.0125 0.03125
2 0.6390625 0.1234375 0.0046875 0.0171875
2 0.828125 0.1359375 0.0046875 0.0171875
2 0.678125 0.1625 0.00625 0.0171875
2 0.4375 0.14375 0.00625 0.0203125
2 0.5796875 0.1171875 0.0046875 0.0203125
2 0.80625 0.603125 0.0625 0.1265625
2 0.9765625 0.1390625 0.00625 0.0140625
2 0.725 0.15 0.0046875 0.0140625
2 0.9578125 0.146875 0.003125 0.0125
2 0.071875 0.16875 0.015625 0.05625
2 0.4140625 0.1421875 0.00625 0.028125
2 0.70625 0.0953125 0.0046875 0.0140625
2 0.809375 0.1296875 0.003125 0.0171875
2 0.821875 0.56875 0.034375 0.0609375
2 0.75 0.159375 0.0109375 0.0234375
2 0.290625 0.171875 0.0046875 0.0234375
2 0.415625 0.146875 0.00625 0.0171875
2 0.753125 0.1515625 0.0046875 0.0109375
2 0.1546875 0.19375 0.00625 0.03125
2 0.25625 0.2078125 0.009375 0.0421875