2 0.2640625 0.4359375 0.034375 0.165625
2 0.5625 0.6734375 0.04375 0.2265625
2 0.7953125 0.63125 0.0390625 0.2203125
2 0.6515625 0.61875 0.03125 0.203125
2 0.6515625 0.9015625 0.059375 0.19375
2 0.18125 0.309375 0.025 0.1328125
2 0.515625 0.8515625 0.078125 0.2953125
2 0.390625 0.3765625 0.04375 0.0984375
2 0.8140625 0.9421875 0.0734375 0.1125
2 0.134375 0.209375 0.0125 0.065625
2 0.69375 0.125 0.00625 0.028125
2 0.5703125 0.1625 0.0078125 0.03125
2 0.4515625 0.1515625 0.009375 0.053125
2 0.6078125 0.1625 0.0078125 0.028125
2 0.35 0.121875 0.00625 0.028125
2 0.3046875 0.2921875 0.015625 0.0375
2 0.2875 0.203125 0.0078125 0.0328125
2 0.8546875 0.396875 0.021875 0.10625
2 0.4859375 0.153125 0.0078125 0.040625
2 0.584375 0.134375 0.0078125 0.0265625
2 0.103125 0.2296875 0.0140625 0.06875
2 0.0515625 0.1828125 0.0140625 0.059375
2 0.328125 0.28125 0.0125 0.0421875
2 0.1078125 0.25625 0.0171875 0.025
2 0.8671875 0.4046875 0.0453125 0.121875
2 0.7921875 0.971875 0.0296875 0.05625
2 0.06875 0.20625 0.0171875 0.04375
2 0.4734375 0.153125 0.0078125 0.040625
2 0.0859375 0.2078125 0.015625 0.046875
2 0.3015625 0.3140625 0.025 0.08125
2 0.4921875 0.1625 0.00625 0.03125
2 0.034375 0.3484375 0.0140625 0.0171875
2 0.0359375 0.19375 0.015625 0.0546875
2 0.45625 0.1671875 0.0046875 0.0234375
2 0.5703125 0.2171875 0.0078125 0.05625
2 0.3 0.2234375 0.009375 0.0828125
2 0.078125 0.1796875 0.009375 0.0484375
2 0.853125 0.1421875 0.00625 0.03125
2 0.44375 0.1671875 0.0046875 0.0265625
2 0.09375 0.1859375 0.0109375 0.059375
2 0.3 0.1984375 0.009375 0.03125
2 0.803125 0.6890625 0.021875 0.04375
2 0.04375 0.1359375 0.009375 0.0375
2 0.34375 0.2875 0.0203125 0.06875
2 0.5890625 0.1359375 0.00625 0.021875
2 0.753125 0.1625 0.00625 0.028125
2 0.265625 0.221875 0.0109375 0.03125
2 0.5703125 0.23125 0.0078125 0.028125
2 0.165625 0.2078125 0.0078125 0.0390625
2 0.2890625 0.1328125 0.0046875 0.0140625
2 0.3390625 0.1296875 0.00625 0.0171875
2 0.7265625 0.1515625 0.0078125 0.040625
2 0.2671875 0.196875 0.00625 0.028125
2 0.03125 0.1359375 0.009375 0.0390625
2 0.0421875 0.346875 0.028125 0.01875
2 0.8296875 0.1609375 0.00625 0.0265625
2 0.9265625 0.08125 0.009375 0.0265625
2 0.325 0.3109375 0.0171875 0.103125
2 0.684375 0.140625 0.0046875 0.01875
2 0.5515625 0.396875 0.009375 0.0328125
2 0.0375 0.1125 0.0078125 0.040625
2 0.284375 0.13125 0.0046875 0.0140625
2 0.00625 0.359375 0.0109375 0.0328125
2 0.465625 0.1296875 0.0046875 0.021875
2 0.565625 0.4015625 0.009375 0.01875
2 0.409375 0.1171875 0.003125 0.0328125
2 0.6671875 0.128125 0.0046875 0.0234375
2 0.05 0.34375 0.0125 0.0109375
2 0.1875 0.228125 0.00625 0.0359375
2 0.0234375 0.13125 0.0109375 0.0484375
2 0.3359375 0.128125 0.0046875 0.01875
2 0.296875 0.2609375 0.0109375 0.0375
2 0.2828125 0.1296875 0.0046875 0.01875
2 0.66875 0.1234375 0.0078125 0.034375
2 0.3984375 0.3453125 0.0109375 0.03125
2 0.034375 0.1640625 0.0171875 0.0375
2 0.5625 0.196875 0.0265625 0.1
2 0.640625 0.1390625 0.00625 0.025
2 0.3109375 0.31875 0.028125 0.0890625
2 0.528125 0.4015625 0.0234375 0.0421875
2 0.0046875 0.2296875 0.009375 0.071875