2 0.6546875 0.3375 0.025 0.1203125
2 0.7 0.9390625 0.053125 0.1203125
2 0.9234375 0.8640625 0.0609375 0.271875
2 0.95625 0.89375 0.065625 0.2125
2 0.1296875 0.5703125 0.0421875 0.1390625
2 0.3421875 0.2578125 0.015625 0.071875
2 0.2890625 0.2578125 0.01875 0.0859375
2 0.3328125 0.2515625 0.015625 0.0671875
2 0.3171875 0.25 0.009375 0.0703125
2 0.421875 0.6546875 0.0328125 0.11875
2 0.296875 0.2453125 0.009375 0.0671875
2 0.3 0.2515625 0.0109375 0.0734375
2 0.309375 0.2546875 0.01875 0.0765625
2 0.5671875 0.7234375 0.0140625 0.0859375
2 0.3734375 0.1 0.003125 0.009375
2 0.6125 0.1046875 0.003125 0.0078125
2 0.96875 0.1265625 0.003125 0.009375
2 0.6375 0.1078125 0.0046875 0.0125
2 0.25625 0.1015625 0.003125 0.009375
2 0.5640625 0.103125 0.003125 0.0078125
2 0.328125 0.24375 0.009375 0.046875
2 0.421875 0.1 0.003125 0.009375
2 0.63125 0.109375 0.003125 0.0109375
2 0.3265625 0.23125 0.00625 0.0203125
2 0.9859375 0.1390625 0.0046875 0.0078125
2 0.940625 0.8484375 0.034375 0.10625
2 0.121875 0.5375 0.0234375 0.071875