2 0.515625 0.51875 0.034375 0.121875
2 0.41875 0.5734375 0.0609375 0.1546875
2 0.596875 0.7953125 0.0640625 0.1828125
2 0.465625 0.5859375 0.046875 0.1515625
2 0.309375 0.4578125 0.03125 0.1234375
2 0.7328125 0.6265625 0.0546875 0.1875
2 0.5515625 0.515625 0.028125 0.1078125
2 0.503125 0.2734375 0.025 0.053125
2 0.23125 0.2109375 0.0078125 0.0265625
2 0.159375 0.446875 0.0125 0.028125
2 0.3140625 0.1265625 0.0046875 0.0140625
2 0.24375 0.1328125 0.0046875 0.021875
2 0.3921875 0.1359375 0.0046875 0.0125
2 0.496875 0.121875 0.0078125 0.03125
2 0.0109375 0.153125 0.0109375 0.0234375
2 0.54375 0.109375 0.00625 0.015625
2 0.2171875 0.49375 0.01875 0.05625
2 0.165625 0.4828125 0.0125 0.0375
2 0.3140625 0.55625 0.0171875 0.0640625
2 0.05 0.140625 0.0046875 0.0234375
2 0.1453125 0.45 0.0078125 0.0265625
2 0.3 0.1265625 0.0046875 0.0140625
2 0.05625 0.13125 0.00625 0.0125
2 0.45 0.1046875 0.0046875 0.0140625
2 0.0828125 0.13125 0.0046875 0.0171875
2 0.40625 0.13125 0.0046875 0.015625
2 0.2015625 0.2375 0.0109375 0.0640625
2 0.1953125 0.1390625 0.0046875 0.0171875
2 0.271875 0.4953125 0.015625 0.0421875
2 0.2625 0.1296875 0.0046875 0.0109375
2 0.5515625 0.1109375 0.0046875 0.0171875
2 0.2953125 0.1484375 0.0046875 0.0171875
2 0.3421875 0.1390625 0.0109375 0.0234375
2 0.4921875 0.61875 0.0625 0.115625
2 0.55 0.1109375 0.0046875 0.0171875
2 0.14375 0.475 0.01875 0.0765625
2 0.25 0.1390625 0.0046875 0.0125
2 0.5265625 0.1078125 0.0046875 0.0140625
2 0.946875 0.746875 0.0484375 0.1296875
2 0.3828125 0.4875 0.028125 0.06875
2 0.34375 0.13125 0.0046875 0.0109375
2 0.2640625 0.1296875 0.003125 0.009375
2 0.053125 0.371875 0.0078125 0.0234375
2 0.540625 0.10625 0.003125 0.0140625
2 0.040625 0.1265625 0.0046875 0.01875
2 0.025 0.1078125 0.0046875 0.0171875
2 0.2015625 0.2203125 0.0078125 0.028125
2 0.053125 0.1390625 0.009375 0.028125