2 0.2640625 0.5375 0.025 0.1578125
2 0.640625 0.753125 0.0546875 0.2734375
2 0.709375 0.7703125 0.05 0.2421875
2 0.30625 0.3828125 0.0234375 0.0921875
2 0.4078125 0.2328125 0.00625 0.0328125
2 0.884375 0.50625 0.028125 0.1546875
2 0.809375 0.5109375 0.0296875 0.1515625
2 0.3109375 0.2421875 0.0078125 0.0421875
2 0.865625 0.425 0.021875 0.1109375
2 0.8609375 0.5234375 0.021875 0.1234375
2 0.9203125 0.459375 0.0234375 0.0609375
2 0.8375 0.50625 0.028125 0.1578125
2 0.7984375 0.428125 0.01875 0.121875
2 0.31875 0.2421875 0.00625 0.0421875
2 0.70625 0.3765625 0.015625 0.0796875
2 0.86875 0.2484375 0.00625 0.0328125
2 0.96875 0.3984375 0.0203125 0.0890625
2 0.83125 0.43125 0.0265625 0.1125
2 0.8109375 0.4109375 0.0203125 0.0828125
2 0.8515625 0.2859375 0.009375 0.0546875
2 0.6953125 0.4390625 0.028125 0.0953125
2 0.6140625 0.2609375 0.009375 0.0171875
2 0.934375 0.3515625 0.0140625 0.06875
2 0.88125 0.2859375 0.009375 0.0390625
2 0.7234375 0.3359375 0.0140625 0.04375
2 0.5609375 0.46875 0.0265625 0.0890625
2 0.090625 0.234375 0.0078125 0.0375
2 0.034375 0.1671875 0.003125 0.0140625
2 0.58125 0.4375 0.009375 0.046875
2 0.08125 0.23125 0.0109375 0.0328125
2 0.7671875 0.3390625 0.009375 0.0609375
2 0.740625 0.2953125 0.009375 0.028125
2 0.0890625 0.1796875 0.003125 0.0109375
2 0.1078125 0.175 0.0046875 0.01875
2 0.9078125 0.3859375 0.015625 0.0859375
2 0.7265625 0.3546875 0.01875 0.08125
2 0.0671875 0.225 0.0125 0.0234375
2 0.8953125 0.2671875 0.009375 0.0390625
2 0.596875 0.2578125 0.0046875 0.0359375
2 0.978125 0.259375 0.009375 0.04375
2 0.9125 0.2859375 0.0125 0.0265625
2 0.7625 0.3390625 0.0171875 0.0625
2 0.9453125 0.3015625 0.0125 0.0609375
2 0.5890625 0.4375 0.0234375 0.046875
2 0.6765625 0.18125 0.0046875 0.021875
2 0.9140625 0.36875 0.0109375 0.0921875
2 0.871875 0.2828125 0.0109375 0.0484375
2 0.60625 0.2640625 0.009375 0.015625
2 0.740625 0.3609375 0.015625 0.065625
2 0.0765625 0.2328125 0.034375 0.0390625
2 0.6125 0.2625 0.0234375 0.01875