2 0.11875 0.5078125 0.0359375 0.15
2 0.1515625 0.5015625 0.028125 0.1484375
2 0.503125 0.578125 0.0390625 0.1796875
2 0.55625 0.5890625 0.0484375 0.1515625
2 0.5796875 0.5140625 0.03125 0.1171875
2 0.6140625 0.54375 0.0328125 0.121875
2 0.0515625 0.315625 0.0109375 0.0234375
2 0.26875 0.5171875 0.03125 0.1515625
2 0.51875 0.5484375 0.0265625 0.103125
2 0.84375 0.6421875 0.0421875 0.1828125
2 0.2765625 0.4390625 0.0203125 0.065625
2 0.259375 0.5 0.0359375 0.1734375
2 0.4140625 0.5296875 0.0390625 0.115625
2 0.275 0.484375 0.0234375 0.1578125
2 0.0484375 0.1421875 0.00625 0.021875
2 0.11875 0.1453125 0.0109375 0.025
2 0.309375 0.478125 0.0203125 0.0734375
2 0.59375 0.1265625 0.0078125 0.03125
2 0.475 0.465625 0.01875 0.0265625
2 0.3640625 0.4890625 0.01875 0.04375
2 0.03125 0.2109375 0.0078125 0.0265625
2 0.1421875 0.125 0.0046875 0.0171875
2 0.09375 0.1484375 0.0078125 0.0296875
2 0.3265625 0.1546875 0.0046875 0.021875
2 0.365625 0.1328125 0.0046875 0.021875
2 0.0921875 0.3421875 0.021875 0.0515625
2 0.5015625 0.1125 0.0046875 0.01875
2 0.23125 0.0953125 0.009375 0.04375
2 0.0203125 0.14375 0.00625 0.015625
2 0.1796875 0.1203125 0.0046875 0.015625
2 0.025 0.2109375 0.00625 0.0234375
2 0.5921875 0.58125 0.0765625 0.196875
2 0.45 0.53125 0.0234375 0.053125
2 0.3296875 0.2078125 0.00625 0.0234375
2 0.275 0.4234375 0.0140625 0.034375
2 0.5234375 0.58125 0.034375 0.171875
2 0.35 0.134375 0.0046875 0.0171875
2 0.4953125 0.1109375 0.0046875 0.0171875
2 0.490625 0.13125 0.00625 0.0171875
2 0.33125 0.153125 0.0046875 0.0203125
2 0.259375 0.1203125 0.0046875 0.01875
2 0.0109375 0.1453125 0.0046875 0.01875
2 0.4390625 0.140625 0.009375 0.0234375
2 0.34375 0.13125 0.00625 0.0234375
2 0.00625 0.31875 0.0125 0.078125
2 0.4796875 0.1109375 0.0046875 0.015625
2 0.509375 0.5125 0.0140625 0.04375
2 0.5203125 0.115625 0.0046875 0.015625
2 0.528125 0.1109375 0.0046875 0.01875
2 0.115625 0.14375 0.015625 0.034375
2 0.1328125 0.1109375 0.00625 0.028125
2 0.578125 0.6296875 0.05 0.0984375
2 0.065625 0.33125 0.009375 0.015625
2 0.1125 0.1421875 0.009375 0.0328125
2 0.4625 0.5046875 0.0484375 0.1046875
2 0.9953125 0.3375 0.009375 0.059375
2 0.259375 0.4484375 0.0359375 0.071875
2 0.5109375 0.1125 0.0046875 0.0140625
2 0.040625 0.3140625 0.00625 0.021875
2 0.1890625 0.1203125 0.003125 0.0109375
2 0.475 0.4828125 0.0265625 0.059375
2 0.0296875 0.140625 0.003125 0.0140625
2 0.065625 0.215625 0.00625 0.0203125
2 0.359375 0.1265625 0.0046875 0.0171875
2 0.2765625 0.1265625 0.00625 0.0296875
2 0.34375 0.1265625 0.003125 0.0140625
2 0.35625 0.121875 0.0046875 0.01875
2 0.4421875 0.1328125 0.0046875 0.0109375
2 0.1328125 0.11875 0.0046875 0.0125
2 0.2375 0.46875 0.015625 0.0625
2 0.0625 0.353125 0.0140625 0.0578125
2 0.15 0.384375 0.00625 0.0234375
2 0.159375 0.125 0.0046875 0.0140625
2 0.359375 0.515625 0.0296875 0.0953125
2 0.1 0.3265625 0.0078125 0.0234375
2 0.0703125 0.128125 0.0078125 0.03125
2 0.3984375 0.1265625 0.0046875 0.0171875
2 0.153125 0.384375 0.0109375 0.025
2 0.3 0.2484375 0.0078125 0.0328125
2 0.396875 0.1265625 0.0046875 0.015625
2 0.29375 0.1375 0.0046875 0.0125
2 0.215625 0.1203125 0.003125 0.0125