2 0.3984375 0.4453125 0.0375 0.2
2 0.515625 0.7609375 0.0671875 0.35
2 0.3484375 0.4453125 0.040625 0.1890625
2 0.5984375 0.78125 0.053125 0.3171875
2 0.4859375 0.578125 0.0546875 0.271875
2 0.6515625 0.659375 0.0515625 0.271875
2 0.5921875 0.4890625 0.05 0.13125
2 0.3078125 0.328125 0.0375 0.15625
2 0.8765625 0.8515625 0.0921875 0.29375
2 0.1390625 0.171875 0.021875 0.09375
2 0.278125 0.2484375 0.025 0.1421875
2 0.703125 0.6765625 0.05 0.2640625
2 0.246875 0.1390625 0.0171875 0.0875
2 0.5171875 0.5515625 0.040625 0.1828125
2 0.7265625 0.659375 0.0296875 0.2578125
2 0.184375 0.2296875 0.025 0.121875
2 0.2015625 0.24375 0.025 0.1328125
2 0.4015625 0.26875 0.0421875 0.0921875
2 0.675 0.428125 0.0296875 0.178125
2 0.95625 0.6515625 0.0421875 0.1578125
2 0.2984375 0.2390625 0.025 0.0875
2 0.9 0.6609375 0.0265625 0.0703125
2 0.471875 0.05625 0.0078125 0.0390625
2 0.390625 0.29375 0.01875 0.04375
2 0.321875 0.184375 0.0140625 0.040625
2 0.025 0.2578125 0.015625 0.03125
2 0.340625 0.240625 0.015625 0.0609375
2 0.259375 0.1390625 0.0109375 0.0625
2 0.115625 0.0796875 0.009375 0.046875
2 0.321875 0.2078125 0.015625 0.0875
2 0.9046875 0.6515625 0.0171875 0.0515625
2 0.4796875 0.0546875 0.00625 0.03125
2 0.025 0.0984375 0.0140625 0.0578125
2 0.4125 0.246875 0.021875 0.046875
2 0.3 0.01875 0.0078125 0.03125
2 0.1953125 0.2375 0.0125 0.121875
2 0.6 0.0296875 0.009375 0.0359375
2 0.8375 0.0390625 0.00625 0.03125
2 0.30625 0.16875 0.0109375 0.0578125
2 0.103125 0.065625 0.009375 0.0453125
2 0.940625 0.709375 0.0203125 0.0359375
2 0.1765625 0.125 0.009375 0.040625
2 0.528125 0.29375 0.0265625 0.0421875
2 0.3984375 0.0203125 0.00625 0.028125
2 0.3390625 0.19375 0.0203125 0.040625
2 0.3 0.0609375 0.00625 0.0171875
2 0.209375 0.1265625 0.0171875 0.053125
2 0.0125 0.1453125 0.009375 0.03125
2 0.434375 0.015625 0.0078125 0.03125
2 0.1578125 0.096875 0.009375 0.03125
2 0.2953125 0.0203125 0.0078125 0.03125
2 0.3078125 0.153125 0.0078125 0.028125
2 0.521875 0.50625 0.03125 0.090625
2 0.58125 0.475 0.0640625 0.0859375
2 0.015625 0.2671875 0.03125 0.059375
2 0.6734375 0.3859375 0.025 0.096875
2 0.390625 0.01875 0.00625 0.025
2 0.490625 0.053125 0.00625 0.028125
2 0.2078125 0.2515625 0.015625 0.10625
2 0.4265625 0.0125 0.00625 0.0234375
2 0.3578125 0.01875 0.0078125 0.028125
2 0.2203125 0.0328125 0.0078125 0.0234375
2 0.9046875 0.6953125 0.028125 0.1390625
2 0.0078125 0.1484375 0.015625 0.0375