2 0.3125 0.7296875 0.046875 0.284375
2 0.240625 0.8484375 0.05625 0.259375
2 0.3375 0.5765625 0.040625 0.1921875
2 0.71875 0.671875 0.0421875 0.2328125
2 0.1421875 0.8625 0.078125 0.2734375
2 0.3828125 0.6609375 0.05 0.2625
2 0.8296875 0.9515625 0.05 0.09375
2 0.4109375 0.5734375 0.0390625 0.1984375
2 0.490625 0.6890625 0.0578125 0.209375
2 0.2421875 0.690625 0.0484375 0.1703125
2 0.434375 0.5703125 0.0359375 0.1890625
2 0.3796875 0.9875 0.028125 0.0234375
2 0.059375 0.5875 0.0484375 0.10625
2 0.53125 0.7953125 0.0609375 0.20625
2 0.7 0.3578125 0.0203125 0.08125
2 0.4859375 0.425 0.028125 0.075
2 0.571875 0.8703125 0.075 0.2578125
2 0.05 0.83125 0.05 0.128125
2 0.0546875 0.65625 0.0328125 0.09375
2 0.6640625 0.6609375 0.040625 0.2484375
2 0.45 0.5 0.0296875 0.1375
2 0.578125 0.215625 0.0125 0.06875
2 0.4828125 0.553125 0.0265625 0.14375
2 0.64375 0.484375 0.0296875 0.1015625
2 0.090625 0.590625 0.0265625 0.0671875
2 0.571875 0.4890625 0.025 0.096875
2 0.3125 0.5984375 0.0421875 0.1078125
2 0.590625 0.421875 0.025 0.11875
2 0.284375 0.6671875 0.0328125 0.2375
2 0.621875 0.4609375 0.0296875 0.1375
2 0.2375 0.984375 0.0328125 0.028125
2 0.221875 0.9515625 0.0234375 0.053125
2 0.5296875 0.5671875 0.040625 0.125
2 0.5421875 0.428125 0.0171875 0.0625
2 0.23125 0.9609375 0.0453125 0.0765625
2 0.859375 0.5296875 0.0359375 0.134375
2 0.634375 0.8765625 0.065625 0.24375
2 0.70625 0.4828125 0.0234375 0.1578125
2 0.225 0.584375 0.0140625 0.0484375
2 0.740625 0.54375 0.034375 0.1109375
2 0.85625 0.2921875 0.015625 0.0375
2 0.4859375 0.4765625 0.028125 0.084375
2 0.5984375 0.5515625 0.028125 0.0578125
2 0.815625 0.4828125 0.0375 0.146875
2 0.6625 0.534375 0.0375 0.0859375
2 0.7671875 0.3703125 0.01875 0.0859375
2 0.5140625 0.4328125 0.0296875 0.071875
2 0.50625 0.5421875 0.0296875 0.1578125
2 0.565625 0.5484375 0.034375 0.096875
2 0.75 0.3984375 0.025 0.0984375
2 0.840625 0.2953125 0.01875 0.0515625
2 0.565625 0.4953125 0.0203125 0.0765625
2 0.0515625 0.7421875 0.028125 0.0828125
2 0.68125 0.5125 0.0328125 0.1515625
2 0.71875 0.509375 0.0265625 0.15625
2 0.175 0.6203125 0.053125 0.1375
2 0.7796875 0.540625 0.0296875 0.08125
2 0.215625 0.36875 0.0109375 0.0203125
2 0.7421875 0.371875 0.0140625 0.0640625
2 0.1953125 0.696875 0.025 0.0953125
2 0.653125 0.3359375 0.0125 0.0671875
2 0.5515625 0.4828125 0.021875 0.128125
2 0.6296875 0.546875 0.0375 0.0890625
2 0.1796875 0.4140625 0.009375 0.01875
2 0.5953125 0.4921875 0.0234375 0.1203125
2 0.6671875 0.3328125 0.0171875 0.0765625
2 0.809375 0.515625 0.0453125 0.11875
2 0.8125 0.3109375 0.0140625 0.0609375
2 0.575 0.40625 0.0109375 0.053125
2 0.7890625 0.36875 0.021875 0.0546875
2 0.7203125 0.3265625 0.0140625 0.08125
2 0.69375 0.4921875 0.0234375 0.1421875
2 0.5734375 0.4671875 0.0203125 0.05625
2 0.6140625 0.334375 0.0125 0.053125
2 0.74375 0.2984375 0.0125 0.0671875
2 0.7625 0.3234375 0.015625 0.05
2 0.5296875 0.4984375 0.0328125 0.078125
2 0.859375 0.440625 0.0234375 0.0625
2 0.784375 0.4625 0.028125 0.0890625
2 0.046875 0.5515625 0.015625 0.0359375
2 0.8859375 0.5359375 0.0203125 0.153125
2 0.7359375 0.4546875 0.01875 0.078125
2 0.8828125 0.459375 0.0171875 0.0875
2 0.79375 0.3125 0.015625 0.0546875
2 0.596875 0.746875 0.071875 0.1078125
2 0.78125 0.35 0.0140625 0.0484375
2 0.709375 0.33125 0.0109375 0.0578125
2 0.7953125 0.3515625 0.0140625 0.04375
2 0.23125 0.93125 0.0609375 0.1375
2 0.8890625 0.4984375 0.0125 0.078125
2 0.321875 0.575 0.0109375 0.021875
2 0.56875 0.4421875 0.01875 0.0578125
2 0.6859375 0.3109375 0.0109375 0.04375
2 0.7578125 0.5171875 0.03125 0.1296875
2 0.759375 0.29375 0.0109375 0.040625
2 0.6453125 0.33125 0.0109375 0.05625
2 0.878125 0.5078125 0.015625 0.0578125
2 0.071875 0.696875 0.0671875 0.1765625
2 0.825 0.309375 0.0171875 0.0578125
2 0.7984375 0.725 0.0484375 0.13125
2 0.771875 0.2890625 0.0125 0.0765625
2 0.6296875 0.6234375 0.0375 0.2421875
2 0.7296875 0.3359375 0.0125 0.0625
2 0.70625 0.4390625 0.0234375 0.071875
2 0.803125 0.24375 0.0109375 0.0265625
2 0.8125 0.384375 0.0171875 0.05625
2 0.7921875 0.246875 0.0109375 0.0328125
2 0.60625 0.45625 0.0125 0.1015625
2 0.828125 0.2984375 0.0125 0.0375
2 0.875 0.4484375 0.015625 0.0875
2 0.628125 0.978125 0.046875 0.0421875
2 0.38125 0.5953125 0.05 0.13125
2 0.7578125 0.4515625 0.028125 0.0734375
2 0.2515625 0.6640625 0.0328125 0.11875
2 0.2140625 0.6 0.0328125 0.0859375