2 0.4671875 0.7546875 0.05 0.246875
2 0.415625 0.7390625 0.0515625 0.2765625
2 0.5 0.5609375 0.0390625 0.1890625
2 0.4875 0.415625 0.0234375 0.11875
2 0.4265625 0.55 0.0390625 0.1828125
2 0.2875 0.5640625 0.05 0.1484375
2 0.040625 0.896875 0.0796875 0.203125
2 0.653125 0.8921875 0.08125 0.2140625
2 0.18125 0.8203125 0.059375 0.3078125
2 0.35 0.721875 0.0546875 0.2484375
2 0.1375 0.84375 0.046875 0.2640625
2 0.709375 0.6546875 0.0359375 0.2109375
2 0.240625 0.8375 0.0453125 0.2625
2 0.2375 0.95 0.0765625 0.0984375
2 0.2875 0.821875 0.05625 0.296875
2 0.5546875 0.5484375 0.0375 0.1125
2 0.45 0.48125 0.028125 0.159375
2 0.559375 0.91875 0.0875 0.159375
2 0.2765625 0.2984375 0.015625 0.0828125
2 0.590625 0.5265625 0.0375 0.10625
2 0.6171875 0.4234375 0.0296875 0.1234375
2 0.3921875 0.434375 0.021875 0.04375
2 0.1140625 0.590625 0.0390625 0.1140625
2 0.653125 0.484375 0.0265625 0.1453125
2 0.85625 0.4703125 0.0296875 0.1375
2 0.7640625 0.35 0.0203125 0.0890625
2 0.796875 0.7265625 0.04375 0.1203125
2 0.696875 0.421875 0.0234375 0.1046875
2 0.7234375 0.365625 0.015625 0.1109375
2 0.0703125 0.5734375 0.04375 0.08125
2 0.178125 0.4109375 0.009375 0.021875
2 0.671875 0.521875 0.0359375 0.1671875
2 0.7109375 0.51875 0.03125 0.1140625
2 0.5703125 0.828125 0.0734375 0.1765625
2 0.684375 0.490625 0.01875 0.14375
2 0.3046875 0.715625 0.0296875 0.15625
2 0.7328125 0.54375 0.0421875 0.125
2 0.3296875 0.73125 0.0390625 0.2015625
2 0.578125 0.4671875 0.009375 0.0328125
2 0.8171875 0.4734375 0.021875 0.165625
2 0.75625 0.5296875 0.0296875 0.1140625
2 0.2828125 0.6703125 0.0296875 0.128125
2 0.55625 0.640625 0.0390625 0.296875
2 0.640625 0.6515625 0.028125 0.2109375
2 0.5765625 0.2140625 0.0125 0.0671875
2 0.2234375 0.584375 0.0140625 0.053125
2 0.8828125 0.5 0.0203125 0.16875
2 0.215625 0.3640625 0.009375 0.021875
2 0.7921875 0.3390625 0.0171875 0.0796875
2 0.5609375 0.7421875 0.0421875 0.1
2 0.6421875 0.3953125 0.0234375 0.1140625
2 0.753125 0.29375 0.0140625 0.0546875
2 0.059375 0.621875 0.0234375 0.03125
2 0.8 0.4796875 0.0234375 0.1515625
2 0.2125 0.2046875 0.0109375 0.0546875
2 0.7453125 0.471875 0.015625 0.0640625
2 0.628125 0.875 0.0546875 0.24375
2 0.64375 0.571875 0.0234375 0.0484375
2 0.6625 0.390625 0.0203125 0.1
2 0.0828125 0.6 0.0328125 0.0734375
2 0.7609375 0.4609375 0.0203125 0.090625
2 0.80625 0.3171875 0.0125 0.065625
2 0.265625 0.628125 0.0171875 0.04375
2 0.084375 0.671875 0.0359375 0.2171875
2 0.25 0.6859375 0.0453125 0.1546875
2 0.7828125 0.534375 0.0265625 0.084375
2 0.6578125 0.340625 0.0171875 0.046875
2 0.59375 0.7453125 0.06875 0.1015625
2 0.778125 0.375 0.01875 0.0828125
2 0.8171875 0.4234375 0.01875 0.0640625
2 0.6765625 0.365625 0.0203125 0.1125
2 0.8828125 0.4625 0.01875 0.0828125
2 0.7796875 0.4515625 0.021875 0.10625
2 0.7109375 0.3375 0.0125 0.059375
2 0.81875 0.3046875 0.0109375 0.0609375
2 0.778125 0.353125 0.01875 0.040625
2 0.875 0.53125 0.0234375 0.103125
2 0.7390625 0.2578125 0.0125 0.03125
2 0.2796875 0.7140625 0.0375 0.2171875
2 0.559375 0.3984375 0.015625 0.0609375
2 0.7109375 0.3640625 0.0140625 0.1140625
2 0.5578125 0.3796875 0.0109375 0.025
2 0.6859375 0.3625 0.0140625 0.1
2 0.8421875 0.2953125 0.0109375 0.0484375
2 0.240625 0.5703125 0.0125 0.0546875
2 0.84375 0.7234375 0.0484375 0.128125
2 0.3609375 0.45625 0.0171875 0.021875
2 0.0453125 0.7890625 0.05 0.1484375
2 0.7 0.3484375 0.01875 0.0625
2 0.0125 0.5484375 0.0234375 0.0421875
2 0.83125 0.2953125 0.015625 0.0390625
2 0.084375 0.28125 0.0125 0.0328125
2 0.759375 0.4328125 0.015625 0.0359375
2 0.0578125 0.6453125 0.0265625 0.078125
2 0.0515625 0.740625 0.028125 0.08125
2 0.3015625 0.68125 0.0234375 0.0875
2 0.0546875 0.6921875 0.0328125 0.171875
2 0.1453125 0.3828125 0.0140625 0.0359375
2 0.840625 0.4515625 0.0171875 0.1140625
2 0.6265625 0.5140625 0.03125 0.1328125
2 0.19375 0.6765625 0.034375 0.11875
2 0.2171875 0.5859375 0.028125 0.059375