2 0.4828125 0.609375 0.0390625 0.2
2 0.43125 0.7640625 0.0515625 0.2359375
2 0.3296875 0.8640625 0.0578125 0.271875
2 0.4015625 0.85625 0.0671875 0.2859375
2 0.490625 0.4390625 0.0328125 0.11875
2 0.1375 0.590625 0.0328125 0.090625
2 0.321875 0.653125 0.040625 0.18125
2 0.2921875 0.4796875 0.01875 0.0546875
2 0.4578125 0.4171875 0.025 0.0828125
2 0.2171875 0.36875 0.0125 0.0234375
2 0.5375 0.4546875 0.025 0.1328125
2 0.553125 0.6578125 0.028125 0.1859375
2 0.06875 0.596875 0.0421875 0.134375
2 0.6734375 0.5484375 0.03125 0.1328125
2 0.7375 0.63125 0.040625 0.24375
2 0.5734375 0.878125 0.078125 0.240625
2 0.5484375 0.5140625 0.0328125 0.1421875
2 0.559375 0.3546875 0.0171875 0.046875
2 0.70625 0.5578125 0.03125 0.1609375
2 0.5671875 0.56875 0.021875 0.0484375
2 0.0953125 0.653125 0.01875 0.065625
2 0.225 0.5859375 0.0140625 0.04375
2 0.5984375 0.5609375 0.028125 0.0421875
2 0.8265625 0.4765625 0.0328125 0.1625
2 0.5640625 0.41875 0.0234375 0.1234375
2 0.59375 0.50625 0.0359375 0.146875
2 0.278125 0.35625 0.01875 0.0390625
2 0.6625 0.3640625 0.01875 0.0859375
2 0.2828125 0.3203125 0.009375 0.040625
2 0.796875 0.3859375 0.0171875 0.0578125
2 0.875 0.53125 0.0234375 0.1109375
2 0.6359375 0.8796875 0.065625 0.2359375
2 0.81875 0.5609375 0.03125 0.0421875
2 0.8296875 0.3546875 0.0203125 0.053125
2 0.578125 0.2015625 0.009375 0.040625
2 0.6125 0.459375 0.028125 0.125
2 0.8234375 0.6640625 0.040625 0.2515625
2 0.771875 0.515625 0.034375 0.13125
2 0.7859375 0.55625 0.0328125 0.05
2 0.63125 0.7375 0.021875 0.0859375
2 0.6359375 0.365625 0.0171875 0.0828125
2 0.796875 0.54375 0.01875 0.040625
2 0.678125 0.4734375 0.03125 0.1234375
2 0.6734375 0.40625 0.0171875 0.0546875
2 0.684375 0.3640625 0.0171875 0.0828125
2 0.7421875 0.4890625 0.0359375 0.1171875
2 0.778125 0.3515625 0.015625 0.05
2 0.7234375 0.4328125 0.03125 0.13125
2 0.63125 0.528125 0.03125 0.1265625
2 0.3359375 0.721875 0.05625 0.1109375
2 0.859375 0.4765625 0.028125 0.1296875
2 0.7453125 0.4140625 0.0203125 0.0734375
2 0.7609375 0.3140625 0.0125 0.06875
2 0.1796875 0.4140625 0.009375 0.0203125
2 0.5984375 0.7484375 0.0796875 0.1109375
2 0.70625 0.375 0.0140625 0.06875
2 0.0859375 0.290625 0.0125 0.0484375
2 0.8203125 0.3078125 0.0125 0.0609375
2 0.740625 0.3546875 0.01875 0.071875
2 0.771875 0.3046875 0.0140625 0.0640625
2 0.7078125 0.4578125 0.0234375 0.0875
2 0.7875 0.3078125 0.0109375 0.046875
2 0.63125 0.4359375 0.0140625 0.0578125
2 0.590625 0.3921875 0.028125 0.0640625
2 0.7421875 0.296875 0.0140625 0.0625
2 0.803125 0.7296875 0.0625 0.121875
2 0.6953125 0.434375 0.01875 0.08125
2 0.884375 0.4578125 0.01875 0.090625
2 0.0515625 0.8515625 0.0546875 0.1640625
2 0.6234375 0.340625 0.0125 0.0390625
2 0.475 0.2796875 0.00625 0.015625
2 0.44375 0.259375 0.00625 0.0359375
2 0.6234375 0.39375 0.025 0.0609375
2 0.5890625 0.4375 0.0171875 0.05625
2 0.8421875 0.928125 0.103125 0.1421875
2 0.884375 0.4984375 0.021875 0.1765625
2 0.809375 0.30625 0.0125 0.053125
2 0.8359375 0.365625 0.0109375 0.0328125
2 0.4484375 0.334375 0.0140625 0.0328125
2 0.8 0.3046875 0.0109375 0.053125
2 0.696875 0.2046875 0.0125 0.0328125
2 0.2921875 0.5078125 0.01875 0.1125
2 0.64375 0.4546875 0.0265625 0.0984375
2 0.2109375 0.2359375 0.009375 0.0296875
2 0.73125 0.3375 0.015625 0.075
2 0.696875 0.3 0.0140625 0.065625
2 0.603125 0.66875 0.040625 0.2609375
2 0.8328125 0.3046875 0.0140625 0.046875
2 0.2765625 0.48125 0.0453125 0.05625
2 0.4140625 0.33125 0.0109375 0.0234375
2 0.578125 0.7453125 0.0375 0.0921875
2 0.24375 0.571875 0.0109375 0.0484375
2 0.7859375 0.4609375 0.01875 0.0890625
2 0.325 0.25625 0.0109375 0.0265625
2 0.140625 0.6296875 0.0109375 0.0140625
2 0.09375 0.7046875 0.0234375 0.165625
2 0.71875 0.3484375 0.0203125 0.0828125
2 0.8203125 0.73125 0.0265625 0.1171875
2 0.5296875 0.2015625 0.0078125 0.0234375
2 0.14375 0.2328125 0.00625 0.01875
2 0.853125 0.40625 0.0125 0.0421875
2 0.35 0.459375 0.009375 0.015625
2 0.7796875 0.3125 0.009375 0.0484375
2 0.075 0.6578125 0.0546875 0.25625
2 0.7859375 0.6390625 0.0359375 0.21875
2 0.73125 0.31875 0.015625 0.0359375
2 0.2328125 0.546875 0.03125 0.1109375
2 0.221875 0.5875 0.00625 0.0375
2 0.73125 0.2859375 0.0109375 0.0390625
2 0.834375 0.721875 0.0296875 0.1359375
2 0.678125 0.3375 0.0125 0.0578125
2 0.25625 0.3375 0.0109375 0.046875
2 0.7640625 0.45 0.0234375 0.078125
2 0.803125 0.4765625 0.0234375 0.1515625
2 0.5859375 0.6671875 0.0546875 0.2546875
2 0.6703125 0.3375 0.0140625 0.0640625
2 0.3546875 0.459375 0.01875 0.0171875
2 0.2203125 0.5015625 0.0078125 0.01875
2 0.640625 0.25 0.00625 0.0328125
2 0.809375 0.2421875 0.0109375 0.03125
2 0.5515625 0.5859375 0.025 0.0421875
2 0.459375 0.3984375 0.021875 0.04375
2 0.575 0.4015625 0.0125 0.0703125
2 0.0890625 0.5796875 0.03125 0.09375
2 0.146875 0.3859375 0.0140625 0.0359375
2 0.4640625 0.2796875 0.0046875 0.025