2 0.671875 0.828125 0.084375 0.340625
2 0.53125 0.865625 0.0609375 0.146875
2 0.325 0.446875 0.0421875 0.1171875
2 0.08125 0.39375 0.028125 0.1671875
2 0.1875 0.5265625 0.0578125 0.1234375
2 0.1140625 0.39375 0.040625 0.1671875
2 0.453125 0.5875 0.028125 0.209375
2 0.4140625 0.5328125 0.05 0.1625
2 0.25625 0.3609375 0.0328125 0.14375
2 0.9296875 0.70625 0.0546875 0.2640625
2 0.134375 0.8640625 0.040625 0.0828125
2 0.215625 0.35625 0.0359375 0.1484375
2 0.34375 0.5390625 0.059375 0.184375
2 0.64375 0.2171875 0.0109375 0.0734375
2 0.2109375 0.81875 0.034375 0.04375
2 0.3984375 0.48125 0.0328125 0.1765625
2 0.4375 0.7765625 0.028125 0.1046875
2 0.3609375 0.2359375 0.0234375 0.0359375
2 0.41875 0.3984375 0.0265625 0.121875
2 0.240625 0.2515625 0.0203125 0.1
2 0.4578125 0.4140625 0.034375 0.165625
2 0.465625 0.440625 0.01875 0.09375
2 0.984375 0.396875 0.0171875 0.0390625
2 0.1109375 0.9109375 0.0875 0.1765625
2 0.29375 0.2546875 0.0140625 0.0890625
2 0.275 0.2296875 0.0171875 0.078125
2 0.8390625 0.51875 0.0265625 0.0390625
2 0.2625 0.2328125 0.0125 0.0640625
2 0.228125 0.171875 0.0125 0.0609375
2 0.684375 0.5515625 0.0140625 0.0484375
2 0.659375 0.5609375 0.021875 0.071875
2 0.7625 0.54375 0.0328125 0.1671875
2 0.1375 0.246875 0.01875 0.1015625
2 0.3921875 0.15625 0.0109375 0.0375
2 0.2453125 0.209375 0.015625 0.0875
2 0.2015625 0.1515625 0.0140625 0.065625
2 0.1625 0.2625 0.021875 0.0703125
2 0.934375 0.646875 0.046875 0.1453125
2 0.1890625 0.296875 0.028125 0.1453125
2 0.075 0.3078125 0.0078125 0.028125
2 0.2625 0.1953125 0.0125 0.0421875
2 0.8796875 0.3171875 0.0140625 0.0265625
2 0.884375 0.665625 0.0171875 0.05625
2 0.25 0.8078125 0.025 0.0203125
2 0.2375 0.165625 0.0109375 0.0625
2 0.9015625 0.24375 0.00625 0.0359375
2 0.215625 0.1484375 0.009375 0.0578125
2 0.8671875 0.23125 0.009375 0.040625
2 0.6609375 0.5421875 0.01875 0.0328125
2 0.228125 0.81875 0.06875 0.046875
2 0.1796875 0.225 0.0125 0.0359375
2 0.690625 0.984375 0.0171875 0.03125
2 0.915625 0.578125 0.0375 0.078125
2 0.1484375 0.325 0.0328125 0.0953125
2 0.2203125 0.1578125 0.0109375 0.05
2 0.1703125 0.828125 0.028125 0.028125
2 0.3203125 0.228125 0.0109375 0.03125
2 0.2015625 0.2609375 0.0140625 0.071875
2 0.64375 0.1953125 0.0078125 0.0296875
2 0.1875 0.6515625 0.059375 0.3734375
2 0.171875 0.2390625 0.015625 0.04375
2 0.34375 0.234375 0.0140625 0.0359375
2 0.8765625 0.6984375 0.034375 0.121875
2 0.878125 0.6671875 0.0328125 0.0578125
2 0.1390625 0.8421875 0.0296875 0.0390625
2 0.8453125 0.5265625 0.0390625 0.0234375
2 0.1515625 0.2421875 0.0125 0.05625
2 0.046875 0.8328125 0.0375 0.0765625
2 0.3609375 0.2703125 0.025 0.1046875
2 0.1703125 0.2546875 0.0140625 0.0671875
2 0.009375 0.521875 0.01875 0.078125
2 0.396875 0.1578125 0.0203125 0.040625