2 0.6625 0.6203125 0.0484375 0.2703125
2 0.26875 0.4984375 0.04375 0.221875
2 0.746875 0.7171875 0.0703125 0.2875
2 0.9078125 0.840625 0.071875 0.315625
2 0.796875 0.553125 0.0484375 0.225
2 0.475 0.4171875 0.021875 0.175
2 0.371875 0.3828125 0.03125 0.146875
2 0.3640625 0.5390625 0.028125 0.1703125
2 0.5328125 0.759375 0.034375 0.265625
2 0.053125 0.509375 0.040625 0.1515625
2 0.28125 0.29375 0.025 0.125
2 0.4515625 0.6765625 0.034375 0.1703125
2 0.328125 0.271875 0.015625 0.103125
2 0.365625 0.309375 0.021875 0.1140625
2 0.4125 0.5140625 0.040625 0.1859375
2 0.3328125 0.4203125 0.0171875 0.0640625
2 0.434375 0.275 0.01875 0.0359375
2 0.396875 0.50625 0.025 0.196875
2 0.6453125 0.259375 0.009375 0.0203125
2 0.134375 0.8578125 0.0328125 0.0703125
2 0.425 0.4296875 0.0171875 0.0625
2 0.246875 0.290625 0.028125 0.13125
2 0.8375 0.5078125 0.025 0.0375
2 0.228125 0.321875 0.0328125 0.1078125
2 0.153125 0.3078125 0.03125 0.11875
2 0.8875 0.228125 0.0140625 0.040625
2 0.1796875 0.2984375 0.025 0.1234375
2 0.2140625 0.3015625 0.0234375 0.1125
2 0.3921875 0.15 0.015625 0.040625
2 0.4875 0.83125 0.08125 0.125
2 0.16875 0.2203125 0.015625 0.08125
2 0.259375 0.240625 0.01875 0.065625
2 0.903125 0.571875 0.0171875 0.0765625
2 0.265625 0.215625 0.01875 0.1125
2 0.3625 0.228125 0.0171875 0.034375
2 0.5859375 0.371875 0.0078125 0.0328125
2 0.8453125 0.496875 0.0109375 0.0203125
2 0.45625 0.803125 0.01875 0.0625
2 0.8859375 0.0359375 0.028125 0.071875
2 0.225 0.2171875 0.015625 0.0890625
2 0.165625 0.1625 0.009375 0.0421875
2 0.1453125 0.28125 0.01875 0.0671875
2 0.1359375 0.20625 0.0109375 0.059375
2 0.878125 0.309375 0.0140625 0.025
2 0.578125 0.446875 0.0078125 0.025
2 0.8984375 0.6328125 0.028125 0.109375
2 0.8734375 0.2265625 0.0171875 0.046875
2 0.9078125 0.6078125 0.046875 0.15625
2 0.125 0.88125 0.0515625 0.11875
2 0.878125 0.2296875 0.009375 0.0390625
2 0.3875 0.1515625 0.0078125 0.0296875
2 0.1890625 0.290625 0.0171875 0.1234375
2 0.23125 0.2484375 0.0140625 0.0515625
2 0.2640625 0.15 0.0125 0.0359375
2 0.2078125 0.2453125 0.0203125 0.096875
2 0.8890625 0.58125 0.01875 0.1015625
2 0.9890625 0.2140625 0.0109375 0.0546875
2 0.43125 0.290625 0.0265625 0.0671875
2 0.659375 0.240625 0.009375 0.04375
2 0.0078125 0.4984375 0.015625 0.10625
2 0.040625 0.4765625 0.015625 0.0265625
2 0.25 0.1546875 0.0125 0.04375
2 0.134375 0.2765625 0.0140625 0.0765625
2 0.2328125 0.1875 0.0140625 0.06875
2 0.9125 0.5703125 0.0359375 0.08125
2 0.3421875 0.2265625 0.0125 0.034375
2 0.240625 0.153125 0.0109375 0.0421875
2 0.24375 0.203125 0.0140625 0.05
2 0.3625 0.2453125 0.01875 0.06875
2 0.6015625 0.375 0.0125 0.028125
2 0.2078125 0.1515625 0.015625 0.0640625
2 0.86875 0.2328125 0.0109375 0.0328125
2 0.8640625 0.2265625 0.0125 0.0375
2 0.8359375 0.5 0.0109375 0.021875
2 0.3421875 0.2515625 0.0140625 0.0828125
2 0.365625 0.28125 0.01875 0.0578125
2 0.25625 0.2640625 0.0140625 0.1109375
2 0.0078125 0.46875 0.015625 0.04375