2 0.33125 0.759375 0.0546875 0.2296875
2 0.2046875 0.75625 0.05 0.171875
2 0.3703125 0.478125 0.046875 0.078125
2 0.1578125 0.4984375 0.0390625 0.065625
2 0.9640625 0.5 0.0203125 0.13125
2 0.1390625 0.49375 0.0140625 0.0734375
2 0.953125 0.503125 0.0171875 0.1140625
2 0.9125 0.4390625 0.0265625 0.059375
2 0.89375 0.49375 0.025 0.0875
2 0.734375 0.30625 0.00625 0.0234375
2 0.9046875 0.440625 0.015625 0.059375
2 0.4609375 0.2859375 0.009375 0.021875
2 0.1703125 0.4984375 0.0140625 0.0640625
2 0.0796875 0.2890625 0.009375 0.0421875
2 0.16875 0.3 0.0078125 0.021875
2 0.165625 0.29375 0.009375 0.03125
2 0.184375 0.3 0.00625 0.025
2 0.175 0.28125 0.0046875 0.0125
2 0.7265625 0.3015625 0.0046875 0.01875
2 0.61875 0.3 0.00625 0.028125
2 0.809375 0.30625 0.00625 0.0203125
2 0.3828125 0.4890625 0.021875 0.0578125
2 0.11875 0.4953125 0.053125 0.0765625
2 0.9 0.4265625 0.0265625 0.0875