2 0.3515625 0.4828125 0.028125 0.0671875
2 0.4296875 0.4875 0.0390625 0.0625
2 0.15 0.496875 0.0296875 0.06875
2 0.91875 0.440625 0.0171875 0.0515625
2 0.1375 0.4875 0.0125 0.0625
2 0.6875 0.340625 0.0078125 0.028125
2 0.3703125 0.3046875 0.00625 0.01875
2 0.7453125 0.3125 0.0078125 0.0171875
2 0.05625 0.3125 0.0171875 0.0421875
2 0.178125 0.3109375 0.0046875 0.0125
2 0.053125 0.2875 0.0125 0.0484375
2 0.78125 0.359375 0.015625 0.053125
2 0.4609375 0.2875 0.0078125 0.021875
2 0.6625 0.303125 0.00625 0.028125
2 0.0609375 0.3140625 0.009375 0.0375
2 0.1546875 0.303125 0.0046875 0.0140625
2 0.565625 0.340625 0.0078125 0.0375
2 0.4734375 0.2953125 0.0046875 0.0203125
2 0.9125 0.45 0.0078125 0.034375
2 0.1171875 0.4953125 0.05 0.078125
2 0.565625 0.3515625 0.0046875 0.0171875
2 0.74375 0.3125 0.015625 0.01875