2 0.159375 0.8078125 0.0625 0.3125
2 0.1140625 0.721875 0.0578125 0.2375
2 0.815625 0.4875 0.01875 0.0890625
2 0.721875 0.6125 0.0265625 0.1703125
2 0.69375 0.590625 0.034375 0.1859375
2 0.1234375 0.9359375 0.0671875 0.125
2 0.096875 0.928125 0.0453125 0.140625
2 0.8703125 0.4125 0.0125 0.0578125
2 0.7890625 0.4265625 0.0109375 0.0609375
2 0.3375 0.5515625 0.053125 0.0703125
2 0.809375 0.4203125 0.0171875 0.05625
2 0.90625 0.4109375 0.015625 0.08125
2 0.9453125 0.4515625 0.009375 0.040625
2 0.896875 0.409375 0.0109375 0.0640625
2 0.878125 0.4046875 0.009375 0.0578125
2 0.084375 0.584375 0.021875 0.103125
2 0.921875 0.4109375 0.00625 0.0453125
2 0.8859375 0.4125 0.0125 0.059375
2 0.9578125 0.4578125 0.0125 0.053125
2 0.2375 0.64375 0.03125 0.0859375
2 0.7171875 0.5125 0.021875 0.0796875
2 0.575 0.2578125 0.0203125 0.0359375
2 0.934375 0.40625 0.0109375 0.059375
2 0.3375 0.5390625 0.0265625 0.046875
2 0.096875 0.675 0.03125 0.1984375
2 0.115625 0.5765625 0.01875 0.096875
2 0.5625 0.3953125 0.009375 0.0328125
2 0.9484375 0.4421875 0.0109375 0.059375
2 0.2375 0.7640625 0.0359375 0.065625
2 0.9671875 0.44375 0.0078125 0.0609375
2 0.9421875 0.4046875 0.009375 0.053125
2 0.8890625 0.4140625 0.009375 0.0515625
2 0.746875 0.45 0.009375 0.046875
2 0.85 0.375 0.0078125 0.03125
2 0.1359375 0.759375 0.0171875 0.1625
2 0.0984375 0.5828125 0.0515625 0.109375
2 0.0984375 0.64375 0.0515625 0.23125
2 0.94375 0.490625 0.015625 0.11875
2 0.7875 0.4078125 0.009375 0.046875