2 0.2546875 0.6390625 0.046875 0.253125
2 0.3171875 0.646875 0.040625 0.228125
2 0.3703125 0.5984375 0.046875 0.221875
2 0.7234375 0.6109375 0.0640625 0.1765625
2 0.434375 0.5921875 0.040625 0.2328125
2 0.5515625 0.7265625 0.0625 0.2859375
2 0.61875 0.7328125 0.05625 0.2625
2 0.2 0.278125 0.021875 0.1125
2 0.2859375 0.3578125 0.0296875 0.121875
2 0.40625 0.428125 0.03125 0.1578125
2 0.26875 0.34375 0.025 0.1359375
2 0.475 0.6140625 0.0421875 0.2265625
2 0.928125 0.15625 0.00625 0.034375
2 0.1359375 0.3359375 0.025 0.0671875
2 0.35625 0.1609375 0.00625 0.028125
2 0.875 0.4515625 0.01875 0.0671875
2 0.428125 0.1703125 0.0109375 0.040625
2 0.146875 0.3046875 0.0140625 0.08125
2 0.43125 0.3703125 0.025 0.0828125
2 0.478125 0.1625 0.0109375 0.046875
2 0.3515625 0.3171875 0.0203125 0.1109375
2 0.384375 0.403125 0.0203125 0.0453125
2 0.1234375 0.284375 0.0203125 0.0828125
2 0.6375 0.165625 0.00625 0.0234375
2 0.6578125 0.525 0.0296875 0.096875
2 0.625 0.1328125 0.0078125 0.0265625
2 0.6390625 0.5625 0.05 0.1484375
2 0.5953125 0.61875 0.0375 0.10625
2 0.584375 0.5984375 0.015625 0.0640625
2 0.2859375 0.2828125 0.0140625 0.04375
2 0.984375 0.853125 0.03125 0.2828125
2 0.4109375 0.35 0.015625 0.0375
2 0.146875 0.21875 0.0140625 0.08125
2 0.0546875 0.225 0.01875 0.08125
2 0.65 0.5453125 0.0390625 0.0828125
2 0.134375 0.2203125 0.015625 0.075
2 0.921875 0.778125 0.01875 0.0578125
2 0.603125 0.165625 0.0078125 0.021875
2 0.46875 0.1390625 0.00625 0.028125
2 0.0796875 0.2125 0.0140625 0.0359375
2 0.1046875 0.2171875 0.01875 0.053125
2 0.3921875 0.4171875 0.0140625 0.0734375
2 0.81875 0.5984375 0.0125 0.1171875
2 0.89375 0.146875 0.0078125 0.0421875
2 0.740625 0.1375 0.0078125 0.0296875
2 0.44375 0.1640625 0.009375 0.0421875
2 0.490625 0.1640625 0.0078125 0.0328125
2 0.8234375 0.6234375 0.0234375 0.1703125
2 0.621875 0.1640625 0.0078125 0.021875
2 0.453125 0.1453125 0.00625 0.028125
2 0.1046875 0.1671875 0.0109375 0.059375
2 0.9859375 0.121875 0.0046875 0.0125
2 0.5375 0.1640625 0.0078125 0.021875
2 0.2875 0.13125 0.0046875 0.0171875
2 0.1171875 0.190625 0.0125 0.05625
2 0.1171875 0.2390625 0.01875 0.0453125
2 0.0890625 0.18125 0.0125 0.059375
2 0.1234375 0.2640625 0.01875 0.0421875
2 0.81875 0.56875 0.0109375 0.059375
2 0.9171875 0.7875 0.034375 0.0734375
2 0.753125 0.1625 0.00625 0.0296875
2 0.6984375 0.1328125 0.0078125 0.0171875
2 0.5734375 0.1375 0.00625 0.0234375
2 0.596875 0.4765625 0.0125 0.053125
2 0.8515625 0.14375 0.0046875 0.028125
2 0.596875 0.165625 0.0078125 0.021875
2 0.590625 0.1671875 0.00625 0.021875
2 0.05 0.1703125 0.0109375 0.04375
2 0.0125 0.1671875 0.0125 0.0671875
2 0.165625 0.20625 0.00625 0.0375
2 0.5828125 0.575 0.0125 0.0171875
2 0.9234375 0.078125 0.0125 0.0328125
2 0.08125 0.16875 0.009375 0.046875
2 0.0734375 0.1609375 0.0109375 0.046875
2 0.04375 0.1625 0.0125 0.059375
2 0.39375 0.090625 0.0046875 0.01875
2 0.4421875 0.1328125 0.009375 0.01875
2 0.409375 0.11875 0.0046875 0.028125
2 0.2296875 0.2453125 0.00625 0.025
2 0.228125 0.1484375 0.00625 0.0328125
2 0.41875 0.1203125 0.0046875 0.021875
2 0.690625 0.134375 0.0046875 0.0171875
2 0.03125 0.1765625 0.0140625 0.05625
2 0.659375 0.5 0.0203125 0.0453125
2 0.5296875 0.1671875 0.00625 0.01875
2 0.8234375 0.56875 0.021875 0.0625
2 0.86875 0.41875 0.0125 0.0671875
2 0.8703125 0.14375 0.0078125 0.0265625
2 0.2828125 0.13125 0.0046875 0.0140625
2 0.271875 0.1515625 0.00625 0.021875
2 0.5109375 0.16875 0.00625 0.021875
2 0.8671875 0.14375 0.0046875 0.0234375
2 0.1875 0.2421875 0.0109375 0.046875
2 0.528125 0.4015625 0.0234375 0.04375
2 0.359375 0.115625 0.0046875 0.0234375
2 0.1875 0.0625 0.00625 0.0375
2 0.2421875 0.2578125 0.00625 0.0328125
2 0.765625 0.1515625 0.00625 0.021875
2 0.2890625 0.1609375 0.0046875 0.0125
2 0.0078125 0.36875 0.015625 0.0375
2 0.103125 0.2640625 0.021875 0.0578125
2 0.4140625 0.3734375 0.021875 0.08125
2 0.3890625 0.396875 0.0109375 0.0328125
2 0.0828125 0.23125 0.0203125 0.071875
2 0.4953125 0.1640625 0.0046875 0.034375
2 0.00625 0.221875 0.0125 0.075
2 0.6484375 0.5953125 0.040625 0.184375
2 0.8953125 0.1515625 0.0046875 0.0328125