2 0.5625 0.784375 0.0671875 0.3140625
2 0.371875 0.4375 0.0390625 0.196875
2 0.153125 0.4265625 0.04375 0.1859375
2 0.5046875 0.725 0.06875 0.271875
2 0.071875 0.3671875 0.0359375 0.1734375
2 0.3265625 0.4140625 0.046875 0.16875
2 0.415625 0.26875 0.0234375 0.05625
2 0.5203125 0.875 0.0265625 0.0609375
2 0.2765625 0.2609375 0.025 0.1109375
2 0.425 0.4203125 0.03125 0.175
2 0.440625 0.453125 0.04375 0.1796875
2 0.3421875 0.234375 0.01875 0.0515625
2 0.45625 0.39375 0.0375 0.1671875
2 0.865625 0.20625 0.0171875 0.078125
2 0.078125 0.2328125 0.0203125 0.090625
2 0.5328125 0.8921875 0.053125 0.09375
2 0.2 0.403125 0.0375 0.1484375
2 0.2515625 0.2578125 0.0234375 0.1125
2 0.884375 0.209375 0.0140625 0.071875
2 0.1359375 0.234375 0.025 0.10625
2 0.165625 0.3328125 0.040625 0.1390625
2 0.13125 0.8609375 0.034375 0.0703125
2 0.215625 0.3671875 0.028125 0.165625
2 0.834375 0.509375 0.028125 0.0421875
2 0.5875 0.36875 0.0140625 0.04375
2 0.1625 0.234375 0.025 0.103125
2 0.2875 0.2453125 0.0125 0.0859375
2 0.4578125 0.3171875 0.0125 0.0421875
2 0.2234375 0.3359375 0.0265625 0.1328125
2 0.1203125 0.8734375 0.0578125 0.096875
2 0.228125 0.1921875 0.0171875 0.084375
2 0.1796875 0.2609375 0.028125 0.0875
2 0.0703125 0.275 0.0109375 0.01875
2 0.209375 0.271875 0.0203125 0.0765625
2 0.3890625 0.1484375 0.0109375 0.0359375
2 0.4578125 0.3078125 0.0109375 0.0234375
2 0.38125 0.34375 0.0234375 0.071875
2 0.0890625 0.15 0.025 0.128125
2 0.2140625 0.1859375 0.0140625 0.071875
2 0.2125 0.259375 0.015625 0.0453125
2 0.059375 0.284375 0.0125 0.04375
2 0.2453125 0.153125 0.009375 0.0421875
2 0.2359375 0.1671875 0.0140625 0.0703125
2 0.2578125 0.15 0.0125 0.0375
2 0.8859375 0.0359375 0.021875 0.071875
2 0.2109375 0.1375 0.0109375 0.0375
2 0.2453125 0.215625 0.015625 0.0828125
2 0.671875 0.2234375 0.0265625 0.1140625
2 0.259375 0.1875 0.015625 0.0625
2 0.265625 0.1765625 0.0140625 0.065625
2 0.909375 0.384375 0.009375 0.1015625
2 0.196875 0.125 0.0125 0.03125
2 0.6640625 0.18125 0.009375 0.028125
2 0.1765625 0.1984375 0.009375 0.0328125
2 0.078125 0.2046875 0.0203125 0.0328125
2 0.0359375 0.4203125 0.009375 0.0234375
2 0.334375 0.2234375 0.0078125 0.03125
2 0.0734375 0.2859375 0.01875 0.0421875
2 0.9109375 0.5671875 0.0359375 0.0734375
2 0.221875 0.1484375 0.0109375 0.0328125
2 0.196875 0.1546875 0.0140625 0.0421875
2 0.8578125 0.5640625 0.0734375 0.1515625
2 0.5984375 0.378125 0.0078125 0.0234375
2 0.2734375 0.184375 0.0109375 0.0515625
2 0.39375 0.15 0.0203125 0.0390625
2 0.2 0.2046875 0.0265625 0.084375
2 0.8390625 0.5 0.01875 0.0234375
2 0.6890625 0.1609375 0.0125 0.0671875
2 0.1640625 0.0828125 0.0234375 0.0453125
2 0.58125 0.36875 0.025 0.04375
2 0.45 0.321875 0.0265625 0.05
2 0.8859375 0.584375 0.0203125 0.1109375
2 0.440625 0.346875 0.0109375 0.0421875
2 0.10625 0.9109375 0.0859375 0.1734375
2 0.365625 0.13125 0.009375 0.025
2 0.0859375 0.128125 0.015625 0.0828125