2 0.35625 0.7546875 0.0484375 0.20625
2 0.7890625 0.6640625 0.04375 0.146875
2 0.075 0.4140625 0.028125 0.103125
2 0.153125 0.4953125 0.0375 0.0703125
2 0.584375 0.48125 0.0125 0.071875
2 0.1359375 0.490625 0.0109375 0.0671875
2 0.3109375 0.728125 0.021875 0.1296875
2 0.56875 0.48125 0.00625 0.0734375
2 0.2359375 0.315625 0.0078125 0.0328125
2 0.3703125 0.3015625 0.009375 0.0359375
2 0.3140625 0.80625 0.0234375 0.06875
2 0.5578125 0.48125 0.028125 0.0734375
2 0.459375 0.2875 0.0078125 0.0234375
2 0.1484375 0.296875 0.0046875 0.021875
2 0.2484375 0.2953125 0.009375 0.0359375
2 0.315625 0.7828125 0.0203125 0.021875
2 0.215625 0.3015625 0.00625 0.015625
2 0.0515625 0.2953125 0.0078125 0.028125
2 0.2 0.3734375 0.009375 0.034375
2 0.1578125 0.3 0.00625 0.01875
2 0.134375 0.3078125 0.0046875 0.0203125