2 0.6765625 0.5890625 0.0484375 0.1484375
2 0.175 0.4859375 0.03125 0.0671875
2 0.8265625 0.60625 0.0484375 0.15
2 0.6359375 0.35625 0.015625 0.0640625
2 0.61875 0.4421875 0.0140625 0.06875
2 0.828125 0.503125 0.034375 0.053125
2 0.6953125 0.45 0.025 0.0828125
2 0.046875 0.5015625 0.01875 0.075
2 0.05625 0.2875 0.0125 0.0484375
2 0.1359375 0.3125 0.0046875 0.0140625
2 0.61875 0.3046875 0.00625 0.0234375
2 0.16875 0.303125 0.00625 0.0171875
2 0.0484375 0.5234375 0.01875 0.0296875
2 0.371875 0.3078125 0.0078125 0.025
2 0.4609375 0.290625 0.009375 0.0265625
2 0.178125 0.3109375 0.0046875 0.0140625
2 0.1578125 0.303125 0.0078125 0.0171875