2 0.68125 0.6703125 0.0421875 0.2109375
2 0.6234375 0.6640625 0.0375 0.1875
2 0.5671875 0.6734375 0.0453125 0.2046875
2 0.80625 0.9765625 0.03125 0.04375
2 0.7125 0.565625 0.028125 0.1578125
2 0.4875 0.8109375 0.0765625 0.3359375
2 0.8453125 0.4484375 0.015625 0.0859375
2 0.7546875 0.5765625 0.0296875 0.1625
2 0.484375 0.64375 0.034375 0.109375
2 0.4515625 0.8 0.0390625 0.2734375
2 0.2375 0.6453125 0.0328125 0.0828125
2 0.91875 0.26875 0.0109375 0.0421875
2 0.946875 0.4515625 0.015625 0.0484375
2 0.521875 0.7453125 0.053125 0.2359375
2 0.921875 0.4015625 0.0140625 0.059375
2 0.9453125 0.6359375 0.0125 0.0484375
2 0.9375 0.40625 0.0125 0.0578125
2 0.3375 0.5390625 0.0265625 0.0515625
2 0.6703125 0.5171875 0.009375 0.0515625
2 0.846875 0.39375 0.0109375 0.0625
2 0.5 0.321875 0.0234375 0.0703125
2 0.790625 0.415625 0.0078125 0.028125
2 0.65 0.2625 0.01875 0.0609375
2 0.79375 0.459375 0.0140625 0.09375
2 0.915625 0.040625 0.025 0.0609375
2 0.9515625 0.4015625 0.0125 0.0765625
2 0.2890625 0.3265625 0.034375 0.178125
2 0.915625 0.4546875 0.0109375 0.0703125
2 0.746875 0.4453125 0.009375 0.046875
2 0.575 0.5109375 0.0265625 0.11875
2 0.93125 0.403125 0.009375 0.053125
2 0.825 0.3859375 0.009375 0.0625
2 0.740625 0.5515625 0.021875 0.140625
2 0.8890625 0.359375 0.0125 0.053125
2 0.5609375 0.39375 0.0078125 0.0328125
2 0.94375 0.36875 0.009375 0.0296875
2 0.625 0.2578125 0.0109375 0.053125
2 0.7234375 0.5234375 0.0109375 0.0359375
2 0.7625 0.4328125 0.009375 0.0578125
2 0.3375 0.5734375 0.0296875 0.121875
2 0.809375 0.4375 0.0171875 0.0859375
2 0.865625 0.378125 0.009375 0.0265625
2 0.2375 0.7640625 0.0359375 0.065625
2 0.24375 0.7046875 0.046875 0.2015625
2 0.9203125 0.1484375 0.0140625 0.059375
2 0.859375 0.3796875 0.009375 0.0359375
2 0.9390625 0.640625 0.025 0.05625
2 0.5671875 0.528125 0.0171875 0.09375
2 0.84375 0.321875 0.009375 0.04375
2 0.9640625 0.540625 0.025 0.075
2 0.9609375 0.3734375 0.00625 0.021875
2 0.809375 0.3953125 0.00625 0.0234375
2 0.8859375 0.265625 0.009375 0.0328125
2 0.7953125 0.25 0.0078125 0.0421875
2 0.946875 0.490625 0.0203125 0.1265625
2 0.7046875 0.5546875 0.0140625 0.1234375
2 0.496875 0.725 0.059375 0.271875