2 0.790625 0.7359375 0.0734375 0.328125
2 0.6515625 0.725 0.0828125 0.3109375
2 0.39375 0.4109375 0.034375 0.140625
2 0.328125 0.48125 0.0390625 0.0515625
2 0.134375 0.4015625 0.0265625 0.16875
2 0.090625 0.5078125 0.059375 0.228125
2 0.3359375 0.3203125 0.0265625 0.1328125
2 0.2265625 0.321875 0.03125 0.1421875
2 0.165625 0.409375 0.034375 0.1671875
2 0.278125 0.2140625 0.0125 0.0984375
2 0.19375 0.4015625 0.04375 0.1671875
2 0.8765625 0.3171875 0.0140625 0.0265625
2 0.325 0.3 0.01875 0.1265625
2 0.134375 0.8640625 0.0328125 0.0703125
2 0.1625 0.321875 0.034375 0.1015625
2 0.8359375 0.98125 0.034375 0.0375
2 0.2953125 0.29375 0.0265625 0.1328125
2 0.16875 0.271875 0.028125 0.0671875
2 0.8359375 0.51875 0.025 0.0390625
2 0.4234375 0.3375 0.021875 0.1421875
2 0.2421875 0.2234375 0.0140625 0.08125
2 0.203125 0.2953125 0.025 0.1109375
2 0.4234375 0.278125 0.021875 0.0578125
2 0.1265625 0.8953125 0.0484375 0.1328125
2 0.8046875 0.5828125 0.05625 0.14375
2 0.871875 0.2390625 0.0171875 0.0421875
2 0.36875 0.2359375 0.009375 0.03125
2 0.259375 0.175 0.0109375 0.0625
2 0.8921875 0.5765625 0.0109375 0.0734375
2 0.8984375 0.578125 0.0234375 0.078125
2 0.6578125 0.540625 0.0203125 0.03125
2 0.428125 0.28125 0.0125 0.0296875
2 0.7703125 0.534375 0.05625 0.1875
2 0.2046875 0.221875 0.01875 0.0609375
2 0.221875 0.2140625 0.0203125 0.075
2 0.2140625 0.2640625 0.009375 0.0375
2 0.3015625 0.3125 0.021875 0.0984375
2 0.225 0.15 0.0109375 0.03125
2 0.19375 0.2203125 0.015625 0.0765625
2 0.371875 0.353125 0.0203125 0.0765625
2 0.75625 0.6140625 0.025 0.0265625
2 0.54375 0.453125 0.015625 0.0875
2 0.05625 0.2359375 0.0140625 0.08125
2 0.228125 0.18125 0.015625 0.0578125
2 0.9390625 0.5609375 0.0234375 0.0328125
2 0.1046875 0.515625 0.0328125 0.2078125
2 0.2 0.1578125 0.0140625 0.04375
2 0.2453125 0.175 0.0140625 0.05
2 0.2078125 0.1796875 0.0125 0.053125
2 0.33125 0.5203125 0.04375 0.1265625
2 0.75625 0.5765625 0.0265625 0.1046875
2 0.0078125 0.54375 0.015625 0.0328125
2 0.0078125 0.521875 0.015625 0.075