2 0.840625 0.9296875 0.071875 0.1375
2 0.4953125 0.3578125 0.021875 0.1140625
2 0.771875 0.9484375 0.0796875 0.1
2 0.628125 0.55 0.046875 0.2109375
2 0.234375 0.24375 0.0203125 0.0953125
2 0.6421875 0.5203125 0.0484375 0.2078125
2 0.5328125 0.11875 0.0078125 0.04375
2 0.528125 0.5296875 0.04375 0.2203125
2 0.578125 0.6046875 0.040625 0.23125
2 0.3171875 0.2359375 0.01875 0.0875
2 0.2140625 0.1875 0.015625 0.046875
2 0.571875 0.50625 0.0375 0.1359375
2 0.5421875 0.628125 0.040625 0.196875
2 0.4875 0.5859375 0.04375 0.2421875
2 0.634375 0.1109375 0.009375 0.0515625
2 0.8453125 0.1625 0.0109375 0.034375
2 0.365625 0.209375 0.0140625 0.065625
2 0.875 0.159375 0.0078125 0.0328125
2 0.5 0.196875 0.0125 0.0390625
2 0.25625 0.1796875 0.0125 0.071875
2 0.6484375 0.109375 0.0109375 0.053125
2 0.303125 0.190625 0.0140625 0.05625
2 0.2546875 0.2171875 0.0125 0.0390625
2 0.859375 0.15 0.0078125 0.040625
2 0.1265625 0.1171875 0.0140625 0.028125
2 0.56875 0.3890625 0.025 0.059375
2 0.2546875 0.240625 0.015625 0.0875
2 0.3734375 0.20625 0.009375 0.0609375
2 0.590625 0.115625 0.01875 0.05625
2 0.9265625 0.2375 0.0078125 0.03125
2 0.95625 0.1125 0.009375 0.03125
2 0.4125 0.153125 0.015625 0.05
2 0.31875 0.0734375 0.00625 0.0328125
2 0.9296875 0.234375 0.0125 0.0390625
2 0.659375 0.1546875 0.0109375 0.0265625
2 0.5453125 0.2109375 0.00625 0.025
2 0.128125 0.1703125 0.009375 0.0203125
2 0.2421875 0.11875 0.0078125 0.04375
2 0.98125 0.0890625 0.003125 0.0171875
2 0.16875 0.1171875 0.0078125 0.04375
2 0.2046875 0.1140625 0.0078125 0.0375
2 0.225 0.121875 0.009375 0.0234375
2 0.9328125 0.121875 0.0046875 0.01875
2 0.2234375 0.1328125 0.0140625 0.0453125
2 0.353125 0.1953125 0.0140625 0.0359375
2 0.9734375 0.1125 0.009375 0.0234375
2 0.5359375 0.3671875 0.0140625 0.0234375
2 0.5453125 0.08125 0.0046875 0.0203125
2 0.990625 0.0859375 0.00625 0.0234375
2 0.3140625 0.08125 0.0046875 0.0203125
2 0.784375 0.05625 0.0125 0.0734375
2 0.35625 0.0734375 0.00625 0.03125
2 0.6578125 0.0921875 0.00625 0.0234375
2 0.74375 0.0859375 0.0046875 0.021875
2 0.0875 0.1 0.00625 0.021875
2 0.04375 0.1296875 0.009375 0.0171875
2 0.1265625 0.1390625 0.015625 0.06875
2 0.3390625 0.0734375 0.0046875 0.0328125
2 0.840625 0.08125 0.00625 0.0265625
2 0.1046875 0.078125 0.01875 0.071875
2 0.3484375 0.0828125 0.00625 0.0171875
2 0.084375 0.115625 0.0125 0.053125
2 0.53125 0.08125 0.00625 0.01875
2 0.440625 0.0796875 0.0046875 0.015625
2 0.35625 0.1859375 0.009375 0.01875
2 0.1390625 0.0828125 0.0078125 0.0375
2 0.90625 0.084375 0.0046875 0.0203125
2 0.6015625 0.075 0.0046875 0.01875
2 0.1515625 0.0734375 0.00625 0.0296875
2 0.71875 0.09375 0.00625 0.0171875
2 0.2703125 0.1546875 0.0078125 0.0359375
2 0.88125 0.0828125 0.0078125 0.0265625
2 0.1 0.14375 0.0078125 0.0328125
2 0.596875 0.1234375 0.009375 0.0390625
2 0.1328125 0.0828125 0.009375 0.0390625
2 0.7625 0.075 0.00625 0.0296875
2 0.9 0.0828125 0.0046875 0.01875
2 0.5171875 0.10625 0.0046875 0.0171875
2 0.7984375 0.23125 0.00625 0.0421875
2 0.44375 0.0765625 0.0046875 0.0203125
2 0.69375 0.0765625 0.00625 0.0328125
2 0.9921875 0.1125 0.009375 0.0171875
2 0.5875 0.1203125 0.0109375 0.04375