2 0.2078125 0.6015625 0.0421875 0.21875
2 0.7484375 0.3625 0.0265625 0.13125
2 0.25 0.6 0.0328125 0.19375
2 0.7765625 0.3703125 0.021875 0.115625
2 0.8125 0.2265625 0.0171875 0.0671875
2 0.278125 0.68125 0.034375 0.0875
2 0.7984375 0.2328125 0.0125 0.05
2 0.771875 0.26875 0.0109375 0.0671875
2 0.7578125 0.2640625 0.0171875 0.0765625
2 0.31875 0.61875 0.0625 0.253125
2 0.84375 0.5953125 0.0265625 0.228125
2 0.8953125 0.365625 0.0453125 0.1390625
2 0.8296875 0.1578125 0.0078125 0.021875
2 0.30625 0.4796875 0.0171875 0.0515625
2 0.3015625 0.609375 0.028125 0.228125
2 0.909375 0.5078125 0.0578125 0.1171875
2 0.809375 0.60625 0.0234375 0.0828125
2 0.8796875 0.4140625 0.0140625 0.078125
2 0.19375 0.434375 0.0078125 0.021875
2 0.8140625 0.753125 0.0359375 0.1296875
2 0.1796875 0.5109375 0.0140625 0.0578125
2 0.8828125 0.734375 0.0203125 0.0390625
2 0.9328125 0.1421875 0.0078125 0.03125
2 0.3 0.5515625 0.0234375 0.1109375
2 0.8875 0.13125 0.00625 0.0265625
2 0.175 0.4515625 0.0078125 0.021875
2 0.9359375 0.678125 0.0109375 0.0484375
2 0.9015625 0.146875 0.00625 0.0296875
2 0.9078125 0.1484375 0.0078125 0.0296875
2 0.259375 0.440625 0.0078125 0.025
2 0.178125 0.5015625 0.009375 0.0375
2 0.815625 0.6796875 0.05 0.11875
2 0.2703125 0.4296875 0.009375 0.025
2 0.1828125 0.5328125 0.0078125 0.0171875
2 0.171875 0.4265625 0.0078125 0.0234375
2 0.878125 0.390625 0.009375 0.0328125
2 0.91875 0.1453125 0.0078125 0.0359375
2 0.828125 0.1578125 0.0046875 0.0203125
2 0.925 0.4671875 0.0265625 0.034375
2 0.859375 0.1390625 0.0046875 0.021875
2 0.2703125 0.484375 0.0171875 0.0453125
2 0.80625 0.653125 0.0328125 0.1765625
2 0.8828125 0.30625 0.0125 0.0359375
2 0.7859375 0.834375 0.0421875 0.1265625
2 0.8875 0.415625 0.03125 0.0828125
2 0.3015625 0.5265625 0.0203125 0.0609375