2 0.43125 0.7890625 0.05625 0.2625
2 0.515625 0.6921875 0.0375 0.228125
2 0.321875 0.63125 0.0578125 0.221875
2 0.4546875 0.9453125 0.0625 0.1078125
2 0.6796875 0.6515625 0.0390625 0.215625
2 0.453125 0.6359375 0.0390625 0.203125
2 0.375 0.6890625 0.046875 0.2078125
2 0.3953125 0.56875 0.040625 0.171875
2 0.603125 0.9234375 0.0765625 0.1515625
2 0.2125 0.3390625 0.0140625 0.08125
2 0.353125 0.5609375 0.0328125 0.159375
2 0.134375 0.584375 0.034375 0.1015625
2 0.4875 0.6421875 0.0359375 0.196875
2 0.0546875 0.59375 0.0359375 0.1265625
2 0.525 0.44375 0.0234375 0.128125
2 0.7234375 0.7390625 0.0328125 0.1546875
2 0.64375 0.6015625 0.0375 0.228125
2 0.684375 0.421875 0.0265625 0.125
2 0.615625 0.525 0.04375 0.1046875
2 0.7265625 0.521875 0.0296875 0.159375
2 0.6 0.421875 0.0234375 0.11875
2 0.5703125 0.8375 0.075 0.2078125
2 0.7984375 0.7234375 0.071875 0.1296875
2 0.8734375 0.53125 0.0234375 0.1078125
2 0.4 0.321875 0.0140625 0.028125
2 0.553125 0.45 0.0234375 0.121875
2 0.56875 0.4203125 0.021875 0.11875
2 0.825 0.475 0.034375 0.1625
2 0.2234375 0.584375 0.0140625 0.0515625
2 0.540625 0.4171875 0.021875 0.121875
2 0.6203125 0.4234375 0.025 0.1046875
2 0.59375 0.7453125 0.071875 0.1046875
2 0.7265625 0.40625 0.0234375 0.1140625
2 0.7078125 0.4234375 0.0234375 0.121875
2 0.6234375 0.6625 0.0375 0.23125
2 0.634375 0.8765625 0.0640625 0.2390625
2 0.64375 0.54375 0.0390625 0.1109375
2 0.6328125 0.4078125 0.01875 0.1171875
2 0.615625 0.565625 0.01875 0.0328125
2 0.4484375 0.259375 0.0109375 0.0390625
2 0.63125 0.7359375 0.0203125 0.0828125
2 0.2125 0.209375 0.0125 0.0640625
2 0.703125 0.359375 0.0171875 0.05625
2 0.509375 0.4359375 0.0125 0.0734375
2 0.0703125 0.653125 0.0546875 0.0796875
2 0.7546875 0.3921875 0.021875 0.0671875
2 0.7765625 0.35 0.0171875 0.0484375
2 0.5828125 0.3578125 0.015625 0.0609375
2 0.75625 0.4984375 0.03125 0.1515625
2 0.7390625 0.365625 0.0140625 0.096875
2 0.765625 0.3484375 0.015625 0.0625
2 0.8203125 0.725 0.0328125 0.1265625
2 0.2734375 0.48125 0.04375 0.053125
2 0.0828125 0.578125 0.0359375 0.0890625
2 0.8828125 0.478125 0.0203125 0.1125
2 0.178125 0.4109375 0.0109375 0.0234375
2 0.753125 0.2953125 0.0140625 0.0765625
2 0.725 0.3421875 0.0203125 0.05625
2 0.5828125 0.4078125 0.01875 0.0515625
2 0.2875 0.48125 0.015625 0.0484375
2 0.8015625 0.35 0.021875 0.0625
2 0.2875 0.5078125 0.0171875 0.1015625
2 0.0875 0.6484375 0.021875 0.0703125
2 0.78125 0.4609375 0.025 0.0921875
2 0.6671875 0.3546875 0.0140625 0.0890625
2 0.79375 0.3171875 0.0171875 0.053125
2 0.240625 0.571875 0.0109375 0.0546875
2 0.7828125 0.5359375 0.0328125 0.08125
2 0.7421875 0.29375 0.0140625 0.071875
2 0.509375 0.2984375 0.0109375 0.028125
2 0.090625 0.5890625 0.021875 0.0625
2 0.0703125 0.7078125 0.0546875 0.1875
2 0.784375 0.4953125 0.0328125 0.1609375
2 0.875 0.4375 0.0171875 0.0828125
2 0.5984375 0.6703125 0.08125 0.2484375
2 0.8015625 0.475 0.0234375 0.1515625
2 0.70625 0.3234375 0.0125 0.0359375
2 0.809375 0.3078125 0.0140625 0.05625
2 0.2546875 0.3515625 0.0109375 0.0703125
2 0.084375 0.28125 0.0125 0.03125
2 0.73125 0.29375 0.015625 0.0625
2 0.653125 0.3765625 0.0234375 0.1125
2 0.446875 0.3296875 0.0125 0.028125
2 0.846875 0.3203125 0.0140625 0.0484375
2 0.8578125 0.475 0.0234375 0.1296875
2 0.70625 0.26875 0.0125 0.053125
2 0.7171875 0.31875 0.0140625 0.0765625
2 0.8171875 0.3515625 0.0125 0.05
2 0.575 0.7421875 0.034375 0.090625
2 0.6875 0.34375 0.0171875 0.04375
2 0.5609375 0.3796875 0.0171875 0.0390625
2 0.0484375 0.7421875 0.028125 0.0828125
2 0.75 0.4078125 0.0296875 0.096875
2 0.2734375 0.246875 0.009375 0.0328125
2 0.825 0.3109375 0.015625 0.06875
2 0.40625 0.328125 0.025 0.0421875
2 0.7671875 0.2984375 0.015625 0.0578125
2 0.88125 0.4484375 0.025 0.103125
2 0.8296875 0.721875 0.0265625 0.1265625
2 0.2171875 0.596875 0.028125 0.0875
2 0.0171875 0.5859375 0.034375 0.1140625