2 0.5265625 0.7390625 0.0578125 0.278125
2 0.7578125 0.5390625 0.0234375 0.121875
2 0.575 0.76875 0.040625 0.2390625
2 0.91875 0.26875 0.009375 0.0390625
2 0.8515625 0.4390625 0.0140625 0.078125
2 0.7890625 0.4265625 0.0109375 0.0609375
2 0.8078125 0.4171875 0.0109375 0.0578125
2 0.8703125 0.4390625 0.0140625 0.0828125
2 0.934375 0.396875 0.0109375 0.0546875
2 0.2375 0.6453125 0.03125 0.0828125
2 0.94375 0.4515625 0.0140625 0.040625
2 0.8546875 0.4046875 0.0109375 0.0390625
2 0.3375 0.5375 0.0265625 0.05
2 0.88125 0.40625 0.009375 0.05625
2 0.86875 0.4015625 0.009375 0.0328125
2 0.746875 0.4515625 0.0078125 0.05625
2 0.3390625 0.5484375 0.0484375 0.0734375
2 0.7171875 0.515625 0.01875 0.065625
2 0.8921875 0.4015625 0.0109375 0.06875
2 0.6453125 0.2609375 0.009375 0.0625
2 0.84375 0.3203125 0.0078125 0.0375
2 0.95 0.390625 0.009375 0.046875
2 0.5640625 0.39375 0.0109375 0.0328125
2 0.2515625 0.70625 0.0609375 0.2046875
2 0.95625 0.446875 0.0078125 0.05
2 0.9359375 0.4515625 0.0078125 0.040625
2 0.7984375 0.43125 0.015625 0.04375
2 0.8875 0.2640625 0.009375 0.0359375
2 0.8703125 0.3984375 0.0078125 0.0234375
2 0.959375 0.45 0.0125 0.065625
2 0.809375 0.3984375 0.00625 0.021875
2 0.959375 0.3921875 0.009375 0.053125
2 0.53125 0.7796875 0.03125 0.128125