2 0.20625 0.3921875 0.0265625 0.15625
2 0.4609375 0.5265625 0.034375 0.1765625
2 0.3625 0.496875 0.0375 0.1765625
2 0.246875 0.4 0.034375 0.153125
2 0.6890625 0.5765625 0.0578125 0.153125
2 0.371875 0.3109375 0.0171875 0.0984375
2 0.1625 0.3671875 0.0234375 0.065625
2 0.3984375 0.378125 0.0421875 0.09375
2 0.703125 0.215625 0.009375 0.0640625
2 0.4296875 0.165625 0.009375 0.0421875
2 0.2875 0.18125 0.009375 0.0640625
2 0.175 0.2484375 0.0171875 0.0828125
2 0.196875 0.2484375 0.015625 0.08125
2 0.76875 0.1640625 0.0109375 0.0234375
2 0.325 0.284375 0.0171875 0.0421875
2 0.41875 0.1609375 0.00625 0.0359375
2 0.1875 0.2375 0.0140625 0.0796875
2 0.471875 0.1515625 0.0078125 0.0390625
2 0.325 0.3109375 0.01875 0.096875
2 0.0765625 0.1640625 0.009375 0.0484375
2 0.3453125 0.11875 0.0046875 0.025
2 0.753125 0.1625 0.00625 0.028125
2 0.4859375 0.153125 0.0078125 0.034375
2 0.91875 0.7875 0.028125 0.075
2 0.20625 0.2484375 0.009375 0.0359375
2 0.065625 0.1609375 0.009375 0.05625
2 0.028125 0.196875 0.0109375 0.0375
2 0.640625 0.1375 0.00625 0.0296875
2 0.296875 0.271875 0.0109375 0.05625
2 0.6890625 0.1359375 0.00625 0.0265625
2 0.1640625 0.209375 0.0078125 0.034375
2 0.5640625 0.4015625 0.009375 0.021875
2 0.1390625 0.2015625 0.0078125 0.03125
2 0.925 0.08125 0.0109375 0.028125
2 0.2015625 0.125 0.00625 0.0265625
2 0.1 0.1640625 0.009375 0.040625
2 0.390625 0.125 0.0046875 0.025
2 0.921875 0.76875 0.0171875 0.0375
2 0.35 0.1234375 0.00625 0.025
2 0.384375 0.125 0.00625 0.0234375
2 0.0328125 0.2046875 0.0234375 0.0515625
2 0.3 0.20625 0.00625 0.0125
2 0.959375 0.1203125 0.009375 0.0234375
2 0.2984375 0.2328125 0.009375 0.06875
2 0.0921875 0.1671875 0.00625 0.0265625
2 0.984375 0.8515625 0.03125 0.071875
2 0.4640625 0.128125 0.0046875 0.0171875
2 0.296875 0.2578125 0.009375 0.0265625
2 0.4515625 0.134375 0.003125 0.0109375
2 0.33125 0.29375 0.03125 0.0609375
2 0.246875 0.2421875 0.0125 0.0671875
2 0.321875 0.2890625 0.0125 0.03125
2 0.5421875 0.109375 0.00625 0.015625
2 0.359375 0.1234375 0.003125 0.025
2 0.4921875 0.1640625 0.00625 0.03125
2 0.8515625 0.14375 0.0078125 0.03125
2 0.5109375 0.16875 0.00625 0.0234375
2 0.2875 0.1328125 0.0046875 0.0125
2 0.0328125 0.1734375 0.0125 0.04375
2 0.7875 0.1953125 0.0046875 0.021875
2 0.275 0.2546875 0.009375 0.0515625
2 0.05625 0.1640625 0.0125 0.059375
2 0.4515625 0.14375 0.0046875 0.0265625
2 0.575 0.1390625 0.009375 0.0234375
2 0.771875 0.1625 0.0046875 0.021875