2 0.5796875 0.81875 0.09375 0.278125
2 0.0390625 0.871875 0.078125 0.2546875
2 0.184375 0.73125 0.0875 0.26875
2 0.0703125 0.5171875 0.0390625 0.1375
2 0.153125 0.590625 0.0375 0.1578125
2 0.759375 0.6921875 0.04375 0.128125
2 0.25625 0.5296875 0.03125 0.15
2 0.490625 0.596875 0.0328125 0.18125
2 0.2 0.58125 0.0421875 0.1125
2 0.7875 0.1375 0.0046875 0.021875
2 0.76875 0.1359375 0.00625 0.021875
2 0.290625 0.565625 0.0328125 0.19375
2 0.2359375 0.6234375 0.0484375 0.1421875
2 0.2546875 0.1140625 0.0140625 0.025
2 0.2125 0.11875 0.00625 0.0375
2 0.5515625 0.1015625 0.003125 0.0125
2 0.51875 0.6109375 0.0390625 0.209375
2 0.1046875 0.1109375 0.00625 0.0265625
2 0.665625 0.6734375 0.03125 0.1234375
2 0.228125 0.109375 0.003125 0.015625
2 0.2484375 0.1046875 0.0046875 0.015625
2 0.546875 0.1015625 0.003125 0.0109375
2 0.4765625 0.14375 0.00625 0.025
2 0.6421875 0.1109375 0.003125 0.0109375
2 0.68125 0.6421875 0.015625 0.053125
2 0.690625 0.1140625 0.003125 0.0078125
2 0.1515625 0.109375 0.0046875 0.01875
2 0.2546875 0.10625 0.003125 0.009375
2 0.15625 0.1328125 0.0046875 0.0109375
2 0.084375 0.1140625 0.0046875 0.0171875
2 0.890625 0.128125 0.003125 0.009375
2 0.709375 0.1109375 0.003125 0.009375
2 0.1359375 0.1125 0.0046875 0.0171875
2 0.090625 0.1140625 0.0046875 0.01875
2 0.2125 0.10625 0.0046875 0.0125
2 0.4859375 0.1046875 0.003125 0.0078125
2 0.496875 0.525 0.021875 0.0421875
2 0.5265625 0.1046875 0.003125 0.0078125
2 0.3046875 0.115625 0.00625 0.015625
2 0.1015625 0.1125 0.0046875 0.021875
2 0.1140625 0.115625 0.00625 0.015625
2 0.040625 0.125 0.0046875 0.01875
2 0.2875 0.10625 0.00625 0.0328125
2 0.203125 0.13125 0.009375 0.015625
2 0.1078125 0.1109375 0.0046875 0.0234375
2 0.7828125 0.1171875 0.003125 0.0125
2 0.06875 0.115625 0.0046875 0.015625
2 0.490625 0.54375 0.03125 0.0796875
2 0.05625 0.1171875 0.003125 0.0171875
2 0.66875 0.6765625 0.040625 0.196875
2 0.7671875 0.1109375 0.003125 0.0125