2 0.6109375 0.4453125 0.0109375 0.028125
2 0.525 0.4359375 0.0078125 0.0265625
2 0.596875 0.4546875 0.009375 0.028125
2 0.6515625 0.471875 0.0390625 0.1234375
2 0.496875 0.51875 0.009375 0.0625
2 0.6609375 0.5015625 0.0171875 0.0546875
2 0.5046875 0.4515625 0.0078125 0.0234375
2 0.3421875 0.0421875 0.0015625 0.009375
2 0.6515625 0.5046875 0.0375 0.0609375
2 0.5046875 0.4359375 0.009375 0.0546875
2 0.5109375 0.04375 0.0046875 0.009375
2 0.5125 0.41875 0.009375 0.025
2 0.5046875 0.4953125 0.00625 0.021875
2 0.50625 0.515625 0.0109375 0.0625
2 0.353125 0.0453125 0.003125 0.0078125
2 0.5078125 0.5390625 0.00625 0.01875
2 0.5390625 0.4140625 0.0109375 0.0140625
2 0.4953125 0.5 0.00625 0.0234375
2 0.2265625 0.0453125 0.003125 0.009375
2 0.5046875 0.421875 0.00625 0.0265625
2 0.9953125 0.2625 0.0078125 0.03125