2 0.0921875 0.4765625 0.0328125 0.146875
2 0.4453125 0.9046875 0.090625 0.1890625
2 0.696875 0.596875 0.03125 0.1984375
2 0.9546875 0.30625 0.0171875 0.0859375
2 0.5984375 0.5703125 0.04375 0.15
2 0.65 0.6265625 0.0421875 0.2109375
2 0.4609375 0.4703125 0.0296875 0.0796875
2 0.0890625 0.325 0.0234375 0.0921875
2 0.046875 0.31875 0.0203125 0.0921875
2 0.0140625 0.4140625 0.0265625 0.121875
2 0.69375 0.9390625 0.05625 0.11875
2 0.159375 0.3015625 0.015625 0.046875
2 0.7625 0.6609375 0.0390625 0.171875
2 0.7265625 0.928125 0.0453125 0.1421875
2 0.0265625 0.2484375 0.0140625 0.06875
2 0.0953125 0.2609375 0.0171875 0.0625
2 0.625 0.6 0.04375 0.15625
2 0.409375 0.15625 0.00625 0.01875
2 0.6109375 0.1921875 0.009375 0.046875
2 0.9625 0.1890625 0.0125 0.01875
2 0.5828125 0.1375 0.0046875 0.0140625
2 0.7375 0.6375 0.025 0.09375
2 0.60625 0.1921875 0.009375 0.046875
2 0.221875 0.1453125 0.00625 0.021875
2 0.675 0.1296875 0.0140625 0.034375
2 0.6015625 0.1890625 0.009375 0.0515625
2 0.2015625 0.1390625 0.009375 0.0375
2 0.265625 0.1203125 0.00625 0.0140625
2 0.4125 0.2078125 0.0078125 0.025
2 0.021875 0.2234375 0.0078125 0.028125
2 0.390625 0.48125 0.01875 0.0609375
2 0.0125 0.0640625 0.0125 0.059375
2 0.0125 0.2171875 0.0109375 0.0328125
2 0.2203125 0.1359375 0.0078125 0.0359375
2 0.5328125 0.1125 0.003125 0.0140625
2 0.9546875 0.184375 0.0078125 0.0234375
2 0.7234375 0.15625 0.0078125 0.0234375
2 0.4890625 0.1296875 0.0046875 0.0125
2 0.425 0.13125 0.00625 0.01875
2 0.2078125 0.14375 0.009375 0.025
2 0.0390625 0.2921875 0.0109375 0.0421875
2 0.178125 0.33125 0.015625 0.0296875
2 0.0203125 0.2171875 0.009375 0.0359375
2 0.44375 0.13125 0.0078125 0.0140625
2 0.5609375 0.1125 0.0046875 0.0140625
2 0.565625 0.1125 0.003125 0.0140625
2 0.434375 0.1296875 0.00625 0.01875
2 0.240625 0.378125 0.009375 0.0265625
2 0.2125 0.14375 0.00625 0.0203125
2 0.4125 0.1328125 0.0046875 0.015625
2 0.6703125 0.128125 0.00625 0.028125
2 0.73125 0.11875 0.00625 0.021875
2 0.009375 0.3296875 0.0171875 0.078125
2 0.5234375 0.1359375 0.0046875 0.0109375
2 0.2484375 0.1234375 0.003125 0.0125
2 0.6359375 0.5578125 0.0203125 0.0734375
2 0.60625 0.11875 0.0046875 0.01875
2 0.1578125 0.3234375 0.0203125 0.0875
2 0.2734375 0.1515625 0.00625 0.015625
2 0.46875 0.5078125 0.046875 0.15625
2 0.45625 0.13125 0.0046875 0.0171875
2 0.7453125 0.6234375 0.0390625 0.1234375