2 0.209375 0.8953125 0.084375 0.20625
2 0.296875 0.6859375 0.046875 0.2390625
2 0.3546875 0.6921875 0.0484375 0.225
2 0.465625 0.9046875 0.075 0.1890625
2 0.1015625 0.94375 0.0671875 0.1109375
2 0.4109375 0.640625 0.04375 0.20625
2 0.2125 0.9703125 0.0421875 0.0578125
2 0.509375 0.4640625 0.025 0.1375
2 0.4375 0.5453125 0.0359375 0.165625
2 0.628125 0.525 0.0359375 0.1296875
2 0.6875 0.409375 0.0265625 0.11875
2 0.06875 0.5875 0.04375 0.1
2 0.7078125 0.6140625 0.0390625 0.1921875
2 0.5375 0.465625 0.0296875 0.13125
2 0.603125 0.5546875 0.03125 0.05625
2 0.134375 0.5890625 0.03125 0.0921875
2 0.571875 0.8671875 0.078125 0.2625
2 0.553125 0.43125 0.0296875 0.1265625
2 0.165625 0.5890625 0.0359375 0.09375
2 0.8125 0.5234375 0.0390625 0.1
2 0.8734375 0.5296875 0.025 0.1109375
2 0.2234375 0.584375 0.0140625 0.0515625
2 0.65625 0.55625 0.0265625 0.0796875
2 0.446875 0.2546875 0.0109375 0.0421875
2 0.6546875 0.41875 0.0234375 0.115625
2 0.7140625 0.5140625 0.0296875 0.0984375
2 0.6515625 0.34375 0.021875 0.0609375
2 0.4046875 0.528125 0.034375 0.1375
2 0.0921875 0.5921875 0.0203125 0.0765625
2 0.675 0.63125 0.04375 0.196875
2 0.7375 0.4125 0.021875 0.109375
2 0.596875 0.4171875 0.0265625 0.1109375
2 0.803125 0.725 0.0609375 0.1203125
2 0.6328125 0.8765625 0.0609375 0.24375
2 0.2140625 0.3671875 0.0109375 0.0234375
2 0.6546875 0.76875 0.0453125 0.184375
2 0.0890625 0.3421875 0.0078125 0.059375
2 0.825 0.478125 0.03125 0.1625
2 0.628125 0.4140625 0.028125 0.11875
2 0.578125 0.3640625 0.015625 0.0484375
2 0.61875 0.421875 0.0125 0.103125
2 0.6484375 0.3703125 0.01875 0.0625
2 0.584375 0.415625 0.0125 0.0984375
2 0.178125 0.4125 0.0109375 0.01875
2 0.59375 0.659375 0.071875 0.265625
2 0.684375 0.3109375 0.009375 0.0484375
2 0.19375 0.6984375 0.025 0.0828125
2 0.3765625 0.7 0.00625 0.03125
2 0.75625 0.3734375 0.01875 0.09375
2 0.525 0.434375 0.015625 0.0765625
2 0.59375 0.746875 0.0703125 0.10625
2 0.8421875 0.7453125 0.0234375 0.0546875
2 0.7875 0.353125 0.0171875 0.053125
2 0.8421875 0.2984375 0.0140625 0.0375
2 0.78125 0.4625 0.0234375 0.0921875
2 0.7328125 0.3484375 0.0140625 0.0515625
2 0.8359375 0.7140625 0.0375 0.11875
2 0.271875 0.478125 0.040625 0.0484375
2 0.78125 0.5359375 0.028125 0.08125
2 0.578125 0.3859375 0.01875 0.0921875
2 0.240625 0.575 0.0125 0.05
2 0.7140625 0.325 0.0140625 0.0734375
2 0.0671875 0.65 0.05625 0.0859375
2 0.821875 0.3078125 0.0140625 0.0625
2 0.6953125 0.2046875 0.0125 0.03125
2 0.746875 0.346875 0.015625 0.059375
2 0.803125 0.3484375 0.01875 0.0625
2 0.8 0.45625 0.0234375 0.1078125
2 0.675 0.5796875 0.04375 0.09375
2 0.803125 0.3140625 0.015625 0.034375
2 0.7265625 0.2890625 0.0140625 0.0828125
2 0.321875 0.2578125 0.0109375 0.0265625
2 0.7546875 0.5078125 0.0328125 0.1296875
2 0.2875 0.4796875 0.0140625 0.046875
2 0.7828125 0.340625 0.01875 0.0625
2 0.8359375 0.34375 0.0140625 0.0328125
2 0.8578125 0.2859375 0.0171875 0.0453125
2 0.88125 0.4640625 0.0171875 0.0828125
2 0.053125 0.69375 0.0328125 0.1734375
2 0.7375 0.3046875 0.015625 0.053125
2 0.4125 0.334375 0.0125 0.0328125
2 0.7703125 0.3515625 0.0140625 0.046875
2 0.575 0.2015625 0.0078125 0.03125
2 0.6109375 0.6359375 0.0484375 0.2203125
2 0.525 0.2625 0.0078125 0.0359375
2 0.8578125 0.475 0.0265625 0.128125
2 0.85625 0.740625 0.0515625 0.0640625
2 0.7515625 0.296875 0.0140625 0.0625
2 0.80625 0.3015625 0.015625 0.046875
2 0.5265625 0.1984375 0.009375 0.025
2 0.6921875 0.28125 0.0109375 0.034375
2 0.575 0.7421875 0.0359375 0.0921875
2 0.253125 0.3359375 0.009375 0.04375
2 0.6625 0.621875 0.0390625 0.2109375
2 0.7453125 0.475 0.0125 0.065625
2 0.0546875 0.64375 0.0296875 0.071875
2 0.759375 0.4578125 0.0265625 0.096875
2 0.1765625 0.6390625 0.0578125 0.2015625
2 0.05 0.83125 0.0515625 0.1265625