2 0.71875 0.6203125 0.05625 0.2625
2 0.640625 0.5875 0.0546875 0.2734375
2 0.5609375 0.5078125 0.0328125 0.19375
2 0.8078125 0.23125 0.01875 0.084375
2 0.5296875 0.509375 0.046875 0.1890625
2 0.8984375 0.8875 0.0609375 0.2234375
2 0.771875 0.871875 0.05625 0.2546875
2 0.2234375 0.44375 0.040625 0.165625
2 0.81875 0.88125 0.09375 0.2359375
2 0.290625 0.29375 0.021875 0.1140625
2 0.18125 0.4640625 0.0453125 0.1984375
2 0.2703125 0.2875 0.025 0.1234375
2 0.878125 0.653125 0.0421875 0.115625
2 0.078125 0.2453125 0.0203125 0.1078125
2 0.6546875 0.2109375 0.0109375 0.075
2 0.9671875 0.903125 0.0640625 0.1921875
2 0.9625 0.8015625 0.075 0.2125
2 0.66875 0.903125 0.0578125 0.1921875
2 0.878125 0.7125 0.0421875 0.234375
2 0.834375 0.5109375 0.0296875 0.0421875
2 0.1828125 0.246875 0.0171875 0.0984375
2 0.6203125 0.7703125 0.075 0.225
2 0.2046875 0.303125 0.028125 0.128125
2 0.1421875 0.2265625 0.021875 0.0875
2 0.23125 0.3140625 0.025 0.1046875
2 0.628125 0.265625 0.0109375 0.021875
2 0.5078125 0.7265625 0.025 0.15625
2 0.725 0.9046875 0.059375 0.1890625
2 0.509375 0.809375 0.0390625 0.1328125
2 0.2171875 0.371875 0.0375 0.0984375
2 0.5359375 0.8890625 0.0359375 0.0671875
2 0.1640625 0.2390625 0.0203125 0.096875
2 0.2484375 0.2453125 0.01875 0.0984375
2 0.1328125 0.8578125 0.0328125 0.0703125
2 0.578125 0.8859375 0.053125 0.1796875
2 0.425 0.2640625 0.01875 0.0484375
2 0.609375 0.9015625 0.0421875 0.19375
2 0.440625 0.2625 0.0171875 0.040625
2 0.2328125 0.2390625 0.0171875 0.0953125
2 0.125 0.8765625 0.05 0.1078125
2 0.571875 0.8375 0.0515625 0.1375
2 0.8875 0.56875 0.0203125 0.0734375
2 0.1625 0.196875 0.0203125 0.0453125
2 0.2625 0.1671875 0.0125 0.0703125
2 0.9125 0.5859375 0.0359375 0.1109375
2 0.278125 0.228125 0.0171875 0.053125
2 0.590625 0.36875 0.0171875 0.0390625
2 0.903125 0.5875 0.0171875 0.1078125
2 0.8640625 0.225 0.009375 0.0359375
2 0.2125 0.2140625 0.0140625 0.084375
2 0.68125 0.53125 0.0109375 0.0234375
2 0.228125 0.2171875 0.015625 0.0890625
2 0.096875 0.2015625 0.015625 0.028125
2 0.3140625 0.2203125 0.0109375 0.03125
2 0.3953125 0.471875 0.0078125 0.0375
2 0.3890625 0.146875 0.0125 0.0359375
2 0.6546875 0.184375 0.009375 0.021875
2 0.228125 0.190625 0.0140625 0.0359375
2 0.5890625 0.884375 0.084375 0.2296875
2 0.546875 0.3859375 0.0109375 0.0359375
2 0.253125 0.15625 0.009375 0.046875
2 0.396875 0.528125 0.009375 0.15
2 0.6859375 0.25 0.0125 0.0578125
2 0.5609375 0.846875 0.028125 0.11875
2 0.24375 0.1515625 0.0109375 0.0328125
2 0.246875 0.165625 0.0171875 0.065625
2 0.2578125 0.2078125 0.0125 0.0640625
2 0.4796875 0.3640625 0.009375 0.03125
2 0.240625 0.175 0.0109375 0.0546875
2 0.6296875 0.2140625 0.0078125 0.0140625
2 0.4140625 0.365625 0.04375 0.246875
2 0.4296875 0.2640625 0.0109375 0.0453125
2 0.6828125 0.2515625 0.00625 0.05625
2 0.0078125 0.4984375 0.0140625 0.10625