2 0.3578125 0.6734375 0.040625 0.1546875
2 0.625 0.6640625 0.025 0.1359375
2 0.209375 0.7046875 0.046875 0.1609375
2 0.55 0.65 0.0578125 0.2328125
2 0.46875 0.6703125 0.059375 0.1859375
2 0.2 0.353125 0.01875 0.0671875
2 0.1765625 0.2921875 0.0078125 0.034375
2 0.528125 0.671875 0.03125 0.128125
2 0.7484375 0.3625 0.0046875 0.046875
2 0.0375 0.296875 0.0046875 0.0125
2 0.3640625 0.7375 0.028125 0.028125
2 0.978125 0.51875 0.0421875 0.0484375
2 0.4578125 0.303125 0.0078125 0.0359375
2 0.08125 0.303125 0.0078125 0.0234375
2 0.134375 0.296875 0.0046875 0.0234375
2 0.4921875 0.3609375 0.00625 0.0515625
2 0.009375 0.2953125 0.0046875 0.0203125
2 0.096875 0.2984375 0.003125 0.0125
2 0.0453125 0.2984375 0.0046875 0.009375