2 0.20625 0.803125 0.06875 0.2984375
2 0.68125 0.8296875 0.053125 0.2921875
2 0.425 0.8359375 0.0625 0.3265625
2 0.290625 0.65625 0.040625 0.228125
2 0.41875 0.63125 0.028125 0.2078125
2 0.34375 0.58125 0.046875 0.2
2 0.528125 0.7171875 0.053125 0.2859375
2 0.4859375 0.7578125 0.05625 0.271875
2 0.5890625 0.490625 0.03125 0.15625
2 0.49375 0.5921875 0.0390625 0.1203125
2 0.425 0.5046875 0.0390625 0.178125
2 0.4578125 0.5203125 0.028125 0.1515625
2 0.575 0.4875 0.028125 0.1625
2 0.121875 0.5953125 0.025 0.103125
2 0.453125 0.73125 0.046875 0.2578125
2 0.23125 0.5640625 0.034375 0.165625
2 0.4609375 0.43125 0.0265625 0.09375
2 0.5125 0.4375 0.0296875 0.071875
2 0.321875 0.6546875 0.0328125 0.20625
2 0.634375 0.40625 0.01875 0.09375
2 0.2671875 0.5359375 0.0375 0.1640625
2 0.5734375 0.878125 0.0765625 0.2421875
2 0.7484375 0.6484375 0.025 0.178125
2 0.721875 0.628125 0.0390625 0.221875
2 0.103125 0.778125 0.0140625 0.0515625
2 0.009375 0.9109375 0.01875 0.175
2 0.80625 0.553125 0.0171875 0.0359375
2 0.6328125 0.878125 0.065625 0.2421875
2 0.1953125 0.6015625 0.034375 0.115625
2 0.8578125 0.4734375 0.028125 0.1328125
2 0.4875 0.465625 0.028125 0.0671875
2 0.603125 0.3703125 0.0203125 0.0953125
2 0.2125 0.1953125 0.0140625 0.0734375
2 0.0609375 0.621875 0.025 0.03125
2 0.1796875 0.4109375 0.009375 0.0234375
2 0.5796875 0.2140625 0.0109375 0.0671875
2 0.65 0.4046875 0.01875 0.0984375
2 0.765625 0.3703125 0.0171875 0.0890625
2 0.734375 0.49375 0.0375 0.1390625
2 0.55625 0.3609375 0.0140625 0.053125
2 0.05625 0.7984375 0.0390625 0.1890625
2 0.6703125 0.4046875 0.0234375 0.1265625
2 0.59375 0.3671875 0.0171875 0.096875
2 0.2171875 0.3703125 0.0125 0.028125
2 0.6765625 0.540625 0.0140625 0.1015625
2 0.6859375 0.4140625 0.0171875 0.103125
2 0.7171875 0.4109375 0.0265625 0.103125
2 0.7375 0.403125 0.0203125 0.1109375
2 0.090625 0.584375 0.0234375 0.05
2 0.809375 0.6609375 0.0265625 0.2546875
2 0.053125 0.74375 0.028125 0.078125
2 0.8828125 0.5 0.0203125 0.1734375
2 0.6984375 0.4015625 0.0171875 0.1125
2 0.075 0.7 0.0609375 0.1890625
2 0.690625 0.525 0.0296875 0.15625
2 0.7453125 0.3671875 0.0203125 0.0984375
2 0.7046875 0.6046875 0.0296875 0.20625
2 0.6328125 0.3328125 0.0140625 0.065625
2 0.8265625 0.475 0.0328125 0.1640625
2 0.6578125 0.3390625 0.0171875 0.046875
2 0.2125 0.5703125 0.06875 0.18125
2 0.575 0.7421875 0.0296875 0.090625
2 0.325 0.25625 0.0109375 0.0265625
2 0.825 0.3046875 0.0140625 0.046875
2 0.7703125 0.30625 0.015625 0.065625
2 0.0875 0.5765625 0.015625 0.03125
2 0.50625 0.440625 0.015625 0.0609375
2 0.228125 0.5953125 0.0234375 0.1015625
2 0.625 0.740625 0.03125 0.0890625
2 0.8 0.4734375 0.0234375 0.134375
2 0.6140625 0.746875 0.05 0.103125
2 0.55625 0.38125 0.015625 0.0921875
2 0.5578125 0.7390625 0.025 0.0921875
2 0.490625 0.4796875 0.021875 0.0421875
2 0.7109375 0.340625 0.015625 0.08125
2 0.084375 0.5734375 0.034375 0.040625
2 0.0859375 0.2921875 0.0125 0.053125
2 0.78125 0.3453125 0.015625 0.0609375
2 0.0859375 0.59375 0.0359375 0.08125
2 0.4484375 0.265625 0.0078125 0.0234375
2 0.053125 0.8484375 0.0546875 0.1625
2 0.7796875 0.453125 0.021875 0.1171875
2 0.815625 0.4125 0.0171875 0.05
2 0.725 0.35 0.0171875 0.0546875
2 0.3125 0.5796875 0.015625 0.053125
2 0.7359375 0.30625 0.0140625 0.0703125
2 0.059375 0.653125 0.028125 0.09375
2 0.85 0.3328125 0.01875 0.0421875
2 0.05625 0.6984375 0.0359375 0.1828125
2 0.896875 0.85625 0.06875 0.28125
2 0.875 0.534375 0.025 0.103125
2 0.784375 0.528125 0.028125 0.096875
2 0.4359375 0.490625 0.0203125 0.153125
2 0.45625 0.44375 0.0171875 0.0578125