2 0.7953125 0.321875 0.021875 0.1125
2 0.734375 0.3109375 0.015625 0.084375
2 0.71875 0.303125 0.0171875 0.09375
2 0.30625 0.45 0.03125 0.1140625
2 0.79375 0.2484375 0.0171875 0.0734375
2 0.8390625 0.1765625 0.009375 0.040625
2 0.821875 0.3296875 0.021875 0.0984375
2 0.78125 0.25625 0.009375 0.0578125
2 0.8296875 0.171875 0.009375 0.046875
2 0.84375 0.5953125 0.0265625 0.2265625
2 0.8953125 0.3734375 0.0453125 0.159375
2 0.9 0.1484375 0.0078125 0.0359375
2 0.190625 0.4359375 0.0078125 0.0265625
2 0.809375 0.6046875 0.021875 0.078125
2 0.8140625 0.753125 0.0359375 0.1296875
2 0.9328125 0.1421875 0.009375 0.03125
2 0.9171875 0.1515625 0.00625 0.0328125
2 0.890625 0.1328125 0.00625 0.0234375
2 0.8796875 0.4140625 0.0140625 0.08125
2 0.909375 0.1515625 0.0078125 0.0328125
2 0.6921875 0.2453125 0.00625 0.025
2 0.9359375 0.6796875 0.0109375 0.046875
2 0.9234375 0.459375 0.0265625 0.0359375
2 0.8296875 0.1578125 0.00625 0.0203125
2 0.865625 0.134375 0.00625 0.025
2 0.8171875 0.7078125 0.0484375 0.178125
2 0.7375 0.153125 0.0078125 0.028125
2 0.859375 0.1390625 0.0046875 0.0234375
2 0.1828125 0.53125 0.0078125 0.0171875
2 0.8234375 0.66875 0.0375 0.1015625
2 0.2703125 0.4296875 0.009375 0.025
2 0.175 0.4515625 0.0078125 0.021875
2 0.80625 0.653125 0.03125 0.1765625
2 0.9265625 0.1375 0.00625 0.0234375
2 0.25625 0.4421875 0.0078125 0.0265625
2 0.646875 0.290625 0.0125 0.04375
2 0.8375 0.1390625 0.00625 0.025
2 0.6921875 0.25625 0.0078125 0.0484375
2 0.759375 0.8859375 0.1046875 0.2265625
2 0.1765625 0.4359375 0.0140625 0.053125
2 0.9234375 0.5015625 0.028125 0.1234375
2 0.1671875 0.4984375 0.00625 0.021875
2 0.9328125 0.34375 0.03125 0.1234375
2 0.2828125 0.4390625 0.0109375 0.0546875
2 0.171875 0.5359375 0.00625 0.0171875
2 0.7875 0.25625 0.009375 0.053125
2 0.1765625 0.490625 0.00625 0.0171875
2 0.171875 0.4265625 0.00625 0.025
2 0.7859375 0.8359375 0.0421875 0.128125
2 0.178125 0.421875 0.009375 0.0234375
2 0.9125 0.1484375 0.0078125 0.0390625
2 0.8640625 0.1359375 0.0046875 0.0265625