2 0.4875 0.4796875 0.0265625 0.1296875
2 0.1796875 0.8140625 0.04375 0.246875
2 0.4984375 0.71875 0.0421875 0.228125
2 0.30625 0.7015625 0.046875 0.221875
2 0.6015625 0.4296875 0.0265625 0.11875
2 0.271875 0.8140625 0.0421875 0.2484375
2 0.2328125 0.8359375 0.0734375 0.3140625
2 0.371875 0.79375 0.0546875 0.278125
2 0.275 0.56875 0.0328125 0.1671875
2 0.6484375 0.9265625 0.071875 0.1453125
2 0.4578125 0.40625 0.01875 0.0515625
2 0.6421875 0.74375 0.0234375 0.0921875
2 0.58125 0.5515625 0.0390625 0.0796875
2 0.0890625 0.6796875 0.0515625 0.228125
2 0.34375 0.7046875 0.0296875 0.2046875
2 0.628125 0.5390625 0.0265625 0.1078125
2 0.7109375 0.56875 0.0375 0.1578125
2 0.446875 0.2515625 0.009375 0.0484375
2 0.4 0.6984375 0.0390625 0.2328125
2 0.5609375 0.4328125 0.0265625 0.1140625
2 0.521875 0.5109375 0.034375 0.1171875
2 0.5515625 0.5109375 0.034375 0.16875
2 0.753125 0.4140625 0.0171875 0.0921875
2 0.575 0.21875 0.009375 0.046875
2 0.45 0.25625 0.00625 0.0375
2 0.534375 0.63125 0.040625 0.1984375
2 0.425 0.7015625 0.0515625 0.25625
2 0.8546875 0.484375 0.028125 0.134375
2 0.746875 0.5546875 0.034375 0.1109375
2 0.059375 0.6328125 0.0234375 0.0296875
2 0.88125 0.4890625 0.01875 0.1109375
2 0.6546875 0.4859375 0.025 0.096875
2 0.565625 0.5875 0.0203125 0.0328125
2 0.234375 0.6015625 0.025 0.046875
2 0.1515625 0.596875 0.040625 0.09375
2 0.753125 0.346875 0.0203125 0.0765625
2 0.559375 0.690625 0.0390625 0.2390625
2 0.646875 0.56875 0.0421875 0.0890625
2 0.221875 0.5953125 0.0125 0.05
2 0.6734375 0.553125 0.0375 0.14375
2 0.771875 0.346875 0.0171875 0.0734375
2 0.8140625 0.353125 0.01875 0.0578125
2 0.178125 0.4234375 0.0109375 0.0203125
2 0.796875 0.7328125 0.04375 0.121875
2 0.6328125 0.8859375 0.065625 0.2234375
2 0.728125 0.3671875 0.0140625 0.0875
2 0.2125 0.20625 0.0125 0.0734375
2 0.7046875 0.36875 0.015625 0.0921875
2 0.646875 0.4046875 0.025 0.1234375
2 0.0125 0.5609375 0.0234375 0.0421875
2 0.6875 0.434375 0.025 0.109375
2 0.7359375 0.2875 0.0125 0.0625
2 0.3859375 0.640625 0.015625 0.046875
2 0.525 0.4515625 0.015625 0.04375
2 0.784375 0.5375 0.03125 0.0984375
2 0.684375 0.5109375 0.03125 0.178125
2 0.090625 0.5875 0.021875 0.04375
2 0.690625 0.3703125 0.01875 0.0921875
2 0.66875 0.4078125 0.0203125 0.1140625
2 0.8015625 0.3328125 0.015625 0.078125
2 0.646875 0.6546875 0.0421875 0.2625
2 0.79375 0.3875 0.0203125 0.065625
2 0.525 0.4203125 0.0203125 0.0734375
2 0.8421875 0.3078125 0.015625 0.0484375
2 0.0546875 0.8203125 0.040625 0.1875
2 0.271875 0.4890625 0.040625 0.0515625
2 0.20625 0.2109375 0.00625 0.0359375
2 0.215625 0.378125 0.0109375 0.021875
2 0.6953125 0.2140625 0.009375 0.0296875
2 0.7921875 0.3703125 0.0171875 0.03125
2 0.3578125 0.7125 0.034375 0.1828125
2 0.559375 0.759375 0.0390625 0.1015625
2 0.56875 0.88125 0.078125 0.2328125
2 0.8 0.4875 0.025 0.1578125
2 0.8734375 0.5421875 0.021875 0.10625
2 0.8203125 0.3046875 0.0125 0.04375
2 0.20625 0.4203125 0.0125 0.0234375
2 0.74375 0.4796875 0.0125 0.0546875
2 0.240625 0.7953125 0.0390625 0.2828125
2 0.7515625 0.3 0.0140625 0.046875
2 0.359375 0.46875 0.0171875 0.01875
2 0.05 0.753125 0.028125 0.08125
2 0.253125 0.3484375 0.0078125 0.04375
2 0.83125 0.30625 0.0125 0.0421875
2 0.81875 0.5078125 0.01875 0.1203125
2 0.321875 0.265625 0.0125 0.0296875
2 0.0671875 0.6171875 0.0109375 0.028125
2 0.525 0.2125 0.009375 0.0234375
2 0.675 0.3484375 0.0125 0.040625
2 0.6875 0.3 0.0140625 0.0328125
2 0.6359375 0.3859375 0.0140625 0.08125
2 0.1625 0.603125 0.0203125 0.078125
2 0.403125 0.4453125 0.0296875 0.0390625
2 0.784375 0.3125 0.0109375 0.0375
2 0.540625 0.95625 0.05 0.0859375
2 0.071875 0.70625 0.0515625 0.1765625
2 0.3890625 0.715625 0.021875 0.196875
2 0.5296875 0.4546875 0.0265625 0.0484375
2 0.721875 0.36875 0.025 0.0921875
2 0.4453125 0.240625 0.009375 0.025
2 0.56875 0.2265625 0.0078125 0.0359375
2 0.75625 0.2953125 0.009375 0.04375
2 0.51875 0.2125 0.0109375 0.0234375
2 0.6015625 0.33125 0.0109375 0.01875
2 0.5546875 0.215625 0.00625 0.028125
2 0.659375 0.353125 0.0125 0.0390625
2 0.778125 0.4640625 0.0234375 0.109375
2 0.8328125 0.4984375 0.01875 0.1390625
2 0.8390625 0.4625 0.0140625 0.109375
2 0.2421875 0.7015625 0.0375 0.0953125
2 0.6390625 0.2578125 0.00625 0.0375