2 0.315625 0.825 0.0828125 0.2859375
2 0.8109375 0.3828125 0.0296875 0.1359375
2 0.771875 0.3109375 0.0234375 0.1140625
2 0.31875 0.2734375 0.0171875 0.078125
2 0.240625 0.509375 0.046875 0.1140625
2 0.759375 0.2359375 0.0125 0.0578125
2 0.746875 0.228125 0.015625 0.0703125
2 0.8484375 0.19375 0.009375 0.046875
2 0.8953125 0.175 0.0078125 0.040625
2 0.7625 0.128125 0.00625 0.0234375
2 0.84375 0.590625 0.0265625 0.21875
2 0.8390625 0.19375 0.009375 0.04375
2 0.6421875 0.271875 0.0421875 0.0640625
2 0.909375 0.18125 0.0125 0.0421875
2 0.63125 0.2546875 0.0203125 0.0328125
2 0.8953125 0.3734375 0.0453125 0.1640625
2 0.684375 0.2625 0.015625 0.0453125
2 0.75625 0.1296875 0.0046875 0.025
2 0.19375 0.434375 0.009375 0.0234375
2 0.94375 0.48125 0.03125 0.1015625
2 0.809375 0.6046875 0.0234375 0.0796875
2 0.23125 0.5125 0.0171875 0.0625
2 0.8140625 0.753125 0.0359375 0.1296875
2 0.6953125 0.25625 0.0140625 0.0484375
2 0.8375 0.1390625 0.00625 0.028125
2 0.2578125 0.4421875 0.0078125 0.0234375
2 0.85625 0.1484375 0.0078125 0.03125
2 0.88125 0.1328125 0.00625 0.028125
2 0.8828125 0.15625 0.0078125 0.03125
2 0.815625 0.709375 0.05 0.18125
2 0.1796875 0.5109375 0.0140625 0.0578125
2 0.228125 0.5 0.0234375 0.0921875
2 0.9375 0.6796875 0.0109375 0.046875
2 0.890625 0.43125 0.025 0.0484375
2 0.2703125 0.4296875 0.009375 0.025
2 0.759375 0.8859375 0.1015625 0.228125
2 0.1765625 0.4515625 0.0078125 0.021875
2 0.7515625 0.2125 0.009375 0.040625
2 0.6515625 0.2859375 0.0203125 0.034375
2 0.7703125 0.1046875 0.003125 0.0125
2 0.7359375 0.1484375 0.00625 0.021875
2 0.1734375 0.4265625 0.00625 0.0234375
2 0.7859375 0.834375 0.0421875 0.125
2 0.80625 0.653125 0.03125 0.1765625
2 0.821875 0.6703125 0.0390625 0.103125
2 0.1796875 0.421875 0.009375 0.0234375
2 0.8625 0.1453125 0.0078125 0.0359375
2 0.8046875 0.8 0.0328125 0.15625
2 0.3515625 0.3859375 0.0078125 0.01875
2 0.75 0.2015625 0.0078125 0.021875
2 0.253125 0.5140625 0.021875 0.1015625
2 0.178125 0.5015625 0.0109375 0.0390625
2 0.78125 0.1140625 0.00625 0.0171875
2 0.8703125 0.15 0.009375 0.0390625
2 0.6953125 0.2453125 0.0125 0.0234375
2 0.1828125 0.5328125 0.0078125 0.0171875
2 0.84375 0.5140625 0.025 0.0640625
2 0.9359375 0.1421875 0.0046875 0.0203125
2 0.884375 0.303125 0.015625 0.04375
2 0.9171875 0.1390625 0.0046875 0.0234375
2 0.9109375 0.1390625 0.0046875 0.0203125
2 0.8796875 0.4140625 0.015625 0.08125
2 0.9265625 0.5140625 0.065625 0.1640625
2 0.759375 0.1296875 0.0109375 0.028125
2 0.8234375 0.6015625 0.0234375 0.0765625
2 0.8875 0.415625 0.03125 0.0828125
2 0.759375 0.1296875 0.003125 0.0234375