2 0.2296875 0.4203125 0.034375 0.159375
2 0.9734375 0.7765625 0.0515625 0.1640625
2 0.3609375 0.4625 0.0328125 0.18125
2 0.696875 0.6953125 0.0453125 0.2359375
2 0.403125 0.8328125 0.0515625 0.33125
2 0.390625 0.4640625 0.0359375 0.1796875
2 0.5359375 0.8234375 0.0609375 0.3484375
2 0.884375 0.721875 0.05625 0.1296875
2 0.675 0.928125 0.078125 0.140625
2 0.365625 0.31875 0.021875 0.10625
2 0.453125 0.8359375 0.0515625 0.3265625
2 0.7453125 0.9375 0.06875 0.121875
2 0.590625 0.8359375 0.0546875 0.3203125
2 0.38125 0.8890625 0.05625 0.21875
2 0.175 0.3953125 0.0328125 0.0453125
2 0.478125 0.8484375 0.0296875 0.271875
2 0.6484375 0.7015625 0.05 0.2359375
2 0.640625 0.55625 0.04375 0.1296875
2 0.4078125 0.35625 0.0203125 0.046875
2 0.615625 0.6890625 0.0328125 0.24375
2 0.575 0.6484375 0.05625 0.1578125
2 0.121875 0.2046875 0.0125 0.065625
2 0.8765625 0.4515625 0.0171875 0.0640625
2 0.4765625 0.15625 0.0078125 0.0421875
2 0.053125 0.2234375 0.025 0.0765625
2 0.634375 0.128125 0.00625 0.03125
2 0.096875 0.1859375 0.0125 0.0609375
2 0.075 0.190625 0.015625 0.065625
2 0.921875 0.775 0.0171875 0.053125
2 0.2859375 0.2015625 0.0078125 0.0359375
2 0.3109375 0.2921875 0.0140625 0.0390625
2 0.3546875 0.159375 0.0078125 0.0265625
2 0.4875 0.15 0.00625 0.0359375
2 0.30625 0.31875 0.0234375 0.0890625
2 0.1484375 0.1953125 0.0109375 0.0625
2 0.759375 0.14375 0.0078125 0.0234375
2 0.625 0.1265625 0.00625 0.03125
2 0.3453125 0.38125 0.0234375 0.0671875
2 0.3421875 0.15625 0.0125 0.03125
2 0.6515625 0.1296875 0.00625 0.0328125
2 0.2078125 0.2515625 0.0078125 0.028125
2 0.465625 0.1703125 0.00625 0.0359375
2 0.290625 0.3140625 0.015625 0.1015625
2 0.440625 0.125 0.00625 0.025
2 0.09375 0.146875 0.00625 0.0234375
2 0.528125 0.4015625 0.021875 0.0421875
2 0.6859375 0.584375 0.05 0.1109375
2 0.284375 0.153125 0.0046875 0.0234375
2 0.9171875 0.784375 0.0328125 0.0703125
2 0.0546875 0.140625 0.009375 0.0421875
2 0.4921875 0.1609375 0.00625 0.0359375
2 0.1421875 0.196875 0.009375 0.0578125
2 0.4359375 0.121875 0.0046875 0.0234375
2 0.04375 0.1375 0.0125 0.040625
2 0.8515625 0.1421875 0.00625 0.0328125
2 0.0921875 0.1546875 0.0078125 0.0375
2 0.1640625 0.20625 0.0078125 0.0421875
2 0.49375 0.16875 0.0046875 0.0234375
2 0.075 0.153125 0.009375 0.021875
2 0.828125 0.15625 0.00625 0.0234375
2 0.5625 0.4609375 0.009375 0.0640625
2 0.8703125 0.721875 0.0265625 0.128125
2 0.684375 0.1421875 0.0046875 0.0203125
2 0.0140625 0.2171875 0.0140625 0.0796875
2 0.3953125 0.11875 0.0046875 0.021875
2 0.2890625 0.1578125 0.00625 0.01875
2 0.0140625 0.15 0.0140625 0.053125
2 0.45 0.1140625 0.0046875 0.0171875
2 0.6140625 0.1234375 0.0046875 0.0296875
2 0.2875 0.1328125 0.0046875 0.0140625
2 0.2625 0.28125 0.025 0.0625
2 0.66875 0.115625 0.0046875 0.021875
2 0.4453125 0.3953125 0.0203125 0.0484375
2 0.03125 0.1484375 0.0109375 0.0546875
2 0.925 0.0796875 0.0109375 0.0265625
2 0.7546875 0.165625 0.00625 0.0265625
2 0.1859375 0.2359375 0.0109375 0.053125
2 0.5328125 0.4015625 0.0109375 0.0421875
2 0.75625 0.15625 0.0125 0.046875
2 0.3203125 0.153125 0.0046875 0.0234375
2 0.34375 0.125 0.0078125 0.0265625
2 0.2875 0.146875 0.009375 0.0390625
2 0.3859375 0.121875 0.00625 0.0265625
2 0.8734375 0.4359375 0.021875 0.1
2 0.3671875 0.29375 0.0171875 0.05625
2 0.00625 0.3609375 0.0125 0.01875
2 0.203125 0.1390625 0.00625 0.0140625
2 0.93125 0.784375 0.0390625 0.06875
2 0.00625 0.1953125 0.0125 0.06875
2 0.403125 0.36875 0.034375 0.071875