2 0.9140625 0.753125 0.0640625 0.134375
2 0.6015625 0.5484375 0.0515625 0.18125
2 0.2390625 0.425 0.034375 0.1015625
2 0.2078125 0.4234375 0.0328125 0.103125
2 0.621875 0.303125 0.0234375 0.090625
2 0.4703125 0.5390625 0.046875 0.153125
2 0.54375 0.6359375 0.0375 0.2140625
2 0.70625 0.58125 0.046875 0.1703125
2 0.3640625 0.446875 0.034375 0.1734375
2 0.3046875 0.44375 0.0375 0.1765625
2 0.6890625 0.4734375 0.03125 0.05
2 0.18125 0.26875 0.01875 0.0953125
2 0.378125 0.321875 0.0171875 0.10625
2 0.4734375 0.2234375 0.0140625 0.0640625
2 0.5046875 0.634375 0.0453125 0.2140625
2 0.128125 0.28125 0.025 0.08125
2 0.334375 0.4625 0.028125 0.15625
2 0.853125 0.40625 0.0203125 0.0390625
2 0.4 0.38125 0.0359375 0.09375
2 0.10625 0.24375 0.0203125 0.059375
2 0.590625 0.4703125 0.01875 0.0515625
2 0.0890625 0.2421875 0.0171875 0.071875
2 0.853125 0.4296875 0.0203125 0.0859375
2 0.6890625 0.4234375 0.0328125 0.153125
2 0.1234375 0.1921875 0.0125 0.0640625
2 0.875 0.4546875 0.015625 0.065625
2 0.025 0.2421875 0.015625 0.03125
2 0.165625 0.2015625 0.0125 0.05625
2 0.040625 0.2375 0.0171875 0.0484375
2 0.4390625 0.3796875 0.0296875 0.078125
2 0.734375 0.21875 0.0109375 0.0578125
2 0.7578125 0.21875 0.0125 0.0578125
2 0.9859375 0.1359375 0.00625 0.0234375
2 0.0359375 0.3484375 0.0140625 0.0171875
2 0.40625 0.3625 0.025 0.05625
2 0.065625 0.1828125 0.0140625 0.0578125
2 0.8984375 0.2828125 0.021875 0.0265625
2 0.4859375 0.16875 0.009375 0.0265625
2 0.3453125 0.3796875 0.021875 0.0640625
2 0.7453125 0.21875 0.0109375 0.05625
2 0.9578125 0.13125 0.0078125 0.0203125
2 0.4828125 0.1546875 0.0109375 0.0359375
2 0.0703125 0.221875 0.009375 0.0203125
2 0.5265625 0.4046875 0.0234375 0.0421875
2 0.20625 0.2515625 0.009375 0.0296875
2 0.740625 0.2171875 0.009375 0.0578125
2 0.06875 0.15 0.0109375 0.028125
2 0.09375 0.1734375 0.0078125 0.03125
2 0.4453125 0.39375 0.0234375 0.0625
2 0.465625 0.1359375 0.00625 0.0359375
2 0.4390625 0.128125 0.0046875 0.0265625
2 0.0484375 0.1828125 0.0125 0.0578125
2 0.30625 0.2796875 0.0234375 0.059375
2 0.925 0.0828125 0.009375 0.0265625
2 0.6828125 0.5578125 0.04375 0.1296875
2 0.49375 0.1671875 0.00625 0.0265625
2 0.53125 0.16875 0.009375 0.0234375
2 0.13125 0.3515625 0.0125 0.0265625
2 0.103125 0.1703125 0.0109375 0.0359375
2 0.8625 0.434375 0.0390625 0.0953125
2 0.390625 0.1203125 0.0046875 0.0171875
2 0.1328125 0.1984375 0.009375 0.0390625
2 0.4390625 0.3609375 0.028125 0.0390625
2 0.034375 0.1953125 0.0125 0.0515625
2 0.3390625 0.303125 0.0140625 0.0421875
2 0.159375 0.365625 0.01875 0.0296875
2 0.4671875 0.159375 0.00625 0.03125
2 0.3171875 0.28125 0.0171875 0.0609375
2 0.4765625 0.153125 0.00625 0.01875
2 0.2546875 0.2453125 0.0125 0.0625
2 0.85 0.140625 0.00625 0.0359375
2 0.7515625 0.2203125 0.009375 0.0546875
2 0.6171875 0.146875 0.0109375 0.0671875
2 0.4671875 0.146875 0.0078125 0.0578125
2 0.290625 0.1234375 0.0078125 0.0359375
2 0.15625 0.1984375 0.009375 0.059375
2 0.0046875 0.3671875 0.009375 0.028125
2 0.509375 0.5890625 0.0359375 0.125
2 0.9890625 0.1359375 0.0109375 0.0265625
2 0.990625 0.465625 0.0125 0.0734375
2 0.9921875 0.134375 0.00625 0.025
2 0.5171875 0.41875 0.04375 0.06875