2 0.753125 0.571875 0.0328125 0.1734375
2 0.246875 0.684375 0.0515625 0.1765625
2 0.49375 0.79375 0.0546875 0.2609375
2 0.4515625 0.784375 0.04375 0.2671875
2 0.659375 0.7328125 0.0375 0.2828125
2 0.315625 0.3328125 0.0125 0.0609375
2 0.6375 0.7703125 0.0484375 0.253125
2 0.3140625 0.24375 0.009375 0.0390625
2 0.61875 0.3828125 0.021875 0.028125
2 0.890625 0.465625 0.025 0.121875
2 0.9265625 0.4484375 0.028125 0.090625
2 0.6109375 0.2625 0.015625 0.021875
2 0.7140625 0.41875 0.0203125 0.1078125
2 0.85 0.4140625 0.0203125 0.1078125
2 0.8140625 0.415625 0.0171875 0.103125
2 0.0453125 0.4671875 0.01875 0.021875
2 0.83125 0.425 0.0234375 0.1171875
2 0.7546875 0.36875 0.0140625 0.0859375
2 0.740625 0.38125 0.015625 0.0875
2 0.8359375 0.3484375 0.0171875 0.0734375
2 0.825 0.3125 0.0140625 0.0625
2 0.85 0.3171875 0.009375 0.06875
2 0.728125 0.3921875 0.01875 0.1015625
2 0.8015625 0.440625 0.0125 0.08125
2 0.7109375 0.3609375 0.0171875 0.0421875
2 0.9015625 0.2671875 0.009375 0.0390625
2 0.784375 0.4265625 0.015625 0.0890625
2 0.975 0.403125 0.0234375 0.0890625
2 0.790625 0.3234375 0.0140625 0.0671875
2 0.771875 0.4078125 0.0203125 0.096875
2 0.796875 0.3265625 0.00625 0.0375
2 0.815625 0.3484375 0.0140625 0.0625
2 0.7546875 0.3078125 0.0140625 0.0375
2 0.7640625 0.2296875 0.0046875 0.03125
2 0.7953125 0.4234375 0.015625 0.0984375
2 0.91875 0.290625 0.0109375 0.028125
2 0.7875 0.4140625 0.0140625 0.1109375
2 0.61875 0.4015625 0.021875 0.0671875
2 0.9109375 0.253125 0.00625 0.0375
2 0.9296875 0.29375 0.009375 0.0375
2 0.875 0.35625 0.009375 0.046875
2 0.8875 0.396875 0.0234375 0.078125
2 0.8625 0.303125 0.0109375 0.0703125
2 0.0734375 0.23125 0.0125 0.028125
2 0.7890625 0.3765625 0.0109375 0.0359375
2 0.9296875 0.2640625 0.0109375 0.040625
2 0.8578125 0.39375 0.015625 0.0875
2 0.6765625 0.184375 0.0046875 0.021875
2 0.909375 0.3859375 0.01875 0.075
2 0.7265625 0.3453125 0.009375 0.021875
2 0.721875 0.34375 0.009375 0.0265625
2 0.7515625 0.303125 0.0125 0.0296875
2 0.91875 0.30625 0.0109375 0.0609375
2 0.94375 0.275 0.0125 0.04375
2 0.253125 0.6546875 0.0296875 0.0890625
2 0.25625 0.6984375 0.03125 0.1140625