2 0.3890625 0.8578125 0.0765625 0.2828125
2 0.371875 0.621875 0.0453125 0.23125
2 0.30625 0.88125 0.0625 0.2359375
2 0.3234375 0.7921875 0.053125 0.303125
2 0.2828125 0.8015625 0.05 0.3015625
2 0.4703125 0.515625 0.028125 0.1453125
2 0.3125 0.621875 0.065625 0.153125
2 0.653125 0.4703125 0.0484375 0.1671875
2 0.6953125 0.7328125 0.01875 0.109375
2 0.671875 0.6765625 0.04375 0.25625
2 0.5625 0.4859375 0.0375 0.1765625
2 0.5296875 0.5046875 0.028125 0.165625
2 0.5765625 0.415625 0.0171875 0.1015625
2 0.7921875 0.5296875 0.0671875 0.090625
2 0.5625 0.3875 0.021875 0.0625
2 0.6953125 0.525 0.0390625 0.1515625
2 0.6390625 0.659375 0.028125 0.2265625
2 0.3921875 0.53125 0.0296875 0.159375
2 0.6046875 0.41875 0.025 0.10625
2 0.178125 0.409375 0.009375 0.021875
2 0.2171875 0.3625 0.009375 0.0265625
2 0.85625 0.46875 0.0296875 0.1375
2 0.621875 0.4984375 0.0296875 0.1578125
2 0.4890625 0.5171875 0.0171875 0.1375
2 0.50625 0.5078125 0.0328125 0.1625
2 0.3 0.559375 0.0421875 0.1765625
2 0.578125 0.5671875 0.0140625 0.028125
2 0.703125 0.43125 0.025 0.0890625
2 0.43125 0.46875 0.0125 0.053125
2 0.70625 0.3359375 0.015625 0.084375
2 0.7984375 0.7203125 0.0453125 0.125
2 0.5734375 0.665625 0.0296875 0.2265625
2 0.6390625 0.5703125 0.025 0.0484375
2 0.6078125 0.5203125 0.04375 0.1140625
2 0.121875 0.6140625 0.021875 0.0515625
2 0.553125 0.3515625 0.0140625 0.0546875
2 0.75 0.334375 0.0171875 0.071875
2 0.753125 0.3828125 0.028125 0.0671875
2 0.5203125 0.29375 0.0125 0.0328125
2 0.728125 0.4453125 0.028125 0.0984375
2 0.6359375 0.8828125 0.0640625 0.23125
2 0.875 0.528125 0.025 0.10625
2 0.103125 0.6359375 0.0578125 0.0921875
2 0.6296875 0.371875 0.015625 0.0890625
2 0.390625 0.4984375 0.0234375 0.096875
2 0.6734375 0.3703125 0.021875 0.1109375
2 0.3296875 0.53125 0.0296875 0.115625
2 0.6875 0.45625 0.0203125 0.1
2 0.6984375 0.340625 0.015625 0.0921875
2 0.640625 0.390625 0.0203125 0.0640625
2 0.76875 0.3515625 0.01875 0.0390625
2 0.8 0.4515625 0.021875 0.10625
2 0.684375 0.359375 0.0140625 0.103125
2 0.103125 0.690625 0.0578125 0.203125
2 0.6515625 0.3578125 0.0203125 0.0703125
2 0.75625 0.496875 0.03125 0.14375
2 0.71875 0.3890625 0.025 0.0625
2 0.696875 0.6921875 0.0234375 0.19375
2 0.728125 0.25625 0.009375 0.021875
2 0.7609375 0.2984375 0.015625 0.071875
2 0.5703125 0.8765625 0.0765625 0.246875
2 0.8046875 0.303125 0.0140625 0.046875
2 0.8671875 0.328125 0.0109375 0.03125
2 0.6734375 0.7421875 0.0359375 0.1234375
2 0.834375 0.3171875 0.0203125 0.0734375
2 0.7890625 0.31875 0.0171875 0.0609375
2 0.8171875 0.4203125 0.01875 0.06875
2 0.515625 0.4859375 0.01875 0.1734375
2 0.721875 0.3359375 0.0171875 0.075
2 0.1109375 0.6171875 0.0453125 0.0578125
2 0.73125 0.3375 0.0140625 0.08125
2 0.515625 0.4234375 0.01875 0.0515625
2 0.4421875 0.4484375 0.0234375 0.0875
2 0.7046875 0.290625 0.0125 0.0359375
2 0.81875 0.290625 0.0125 0.046875
2 0.4109375 0.4734375 0.015625 0.0453125
2 0.0203125 0.55625 0.009375 0.0234375
2 0.3640625 0.49375 0.021875 0.084375
2 0.71875 0.2984375 0.0140625 0.04375
2 0.7859375 0.3515625 0.021875 0.046875
2 0.834375 0.2984375 0.01875 0.0359375
2 0.7421875 0.3078125 0.0140625 0.06875
2 0.646875 0.73125 0.0140625 0.0875
2 0.8796875 0.49375 0.0265625 0.178125
2 0.81875 0.325 0.0140625 0.0390625
2 0.834375 0.484375 0.021875 0.1421875
2 0.3171875 0.559375 0.0375 0.0640625
2 0.2859375 0.5609375 0.01875 0.1703125
2 0.8140625 0.3515625 0.0234375 0.0484375
2 0.78125 0.453125 0.0234375 0.103125
2 0.771875 0.321875 0.0140625 0.0390625
2 0.75 0.4390625 0.0203125 0.0875
2 0.590625 0.6734375 0.065625 0.240625
2 0.6671875 0.35625 0.0140625 0.0953125
2 0.6921875 0.6390625 0.034375 0.296875