2 0.4171875 0.4390625 0.028125 0.1375
2 0.509375 0.45625 0.0328125 0.1296875
2 0.809375 0.609375 0.05 0.15625
2 0.346875 0.4515625 0.034375 0.1484375
2 0.3078125 0.4515625 0.03125 0.1515625
2 0.9109375 0.5921875 0.040625 0.1140625
2 0.1015625 0.4234375 0.03125 0.125
2 0.85 0.6359375 0.05625 0.1546875
2 0.3765625 0.3734375 0.0203125 0.1171875
2 0.3984375 0.29375 0.015625 0.0453125
2 0.321875 0.36875 0.0203125 0.0921875
2 0.2625 0.3375 0.021875 0.096875
2 0.628125 0.16875 0.00625 0.015625
2 0.4375 0.1359375 0.015625 0.0390625
2 0.2125 0.21875 0.009375 0.05
2 0.971875 0.5984375 0.0390625 0.1171875
2 0.2875 0.1359375 0.0046875 0.01875
2 0.28125 0.334375 0.01875 0.096875
2 0.203125 0.2359375 0.015625 0.0578125
2 0.25625 0.2 0.0125 0.028125
2 0.1875 0.2390625 0.0109375 0.05625
2 0.3578125 0.1953125 0.0078125 0.0265625
2 0.8171875 0.15625 0.00625 0.01875
2 0.909375 0.3125 0.01875 0.05625
2 0.165625 0.2015625 0.0125 0.040625
2 0.6625 0.1640625 0.0078125 0.01875
2 0.55625 0.4328125 0.0109375 0.025
2 0.9640625 0.6375 0.0546875 0.196875
2 0.91875 0.15625 0.009375 0.03125
2 0.1765625 0.2375 0.0109375 0.059375
2 0.271875 0.275 0.015625 0.0546875
2 0.4078125 0.321875 0.0171875 0.0390625
2 0.1734375 0.24375 0.0140625 0.0703125
2 0.2890625 0.2859375 0.01875 0.078125
2 0.084375 0.1359375 0.0140625 0.04375
2 0.3234375 0.25 0.0125 0.046875
2 0.91875 0.325 0.021875 0.0328125
2 0.3109375 0.228125 0.0125 0.03125
2 0.371875 0.2921875 0.0078125 0.0171875
2 0.8859375 0.66875 0.0453125 0.125
2 0.3125 0.2875 0.0203125 0.0796875
2 0.303125 0.2609375 0.0109375 0.0515625
2 0.284375 0.228125 0.0078125 0.040625
2 0.696875 0.565625 0.0265625 0.084375
2 0.6390625 0.2171875 0.0078125 0.0265625
2 0.54375 0.4359375 0.009375 0.0265625
2 0.953125 0.15625 0.00625 0.0203125
2 0.6734375 0.140625 0.00625 0.0109375
2 0.3515625 0.1359375 0.0046875 0.0171875
2 0.728125 0.146875 0.0046875 0.0171875
2 0.5953125 0.1453125 0.0046875 0.0140625
2 0.9765625 0.1484375 0.0046875 0.0171875
2 0.765625 0.134375 0.00625 0.0265625
2 0.203125 0.1765625 0.0078125 0.04375
2 0.153125 0.1546875 0.00625 0.0328125
2 0.453125 0.1203125 0.0046875 0.01875
2 0.3953125 0.1390625 0.00625 0.025
2 0.31875 0.109375 0.0046875 0.01875
2 0.159375 0.15625 0.00625 0.0375
2 0.659375 0.1625 0.0046875 0.01875
2 0.0859375 0.3375 0.009375 0.0609375
2 0.6859375 0.1484375 0.00625 0.0140625
2 0.2828125 0.26875 0.0109375 0.0421875
2 0.096875 0.1359375 0.009375 0.0359375
2 0.321875 0.2359375 0.0078125 0.021875
2 0.2765625 0.134375 0.00625 0.021875
2 0.365625 0.29375 0.0078125 0.01875
2 0.046875 0.1484375 0.009375 0.0484375
2 0.359375 0.1359375 0.00625 0.0171875
2 0.4796875 0.1234375 0.0046875 0.0140625
2 0.203125 0.1875 0.00625 0.0265625
2 0.159375 0.1609375 0.0046875 0.0265625
2 0.8390625 0.1390625 0.00625 0.0203125
2 0.7203125 0.134375 0.003125 0.0140625
2 0.7109375 0.134375 0.003125 0.015625
2 0.2171875 0.16875 0.0109375 0.0328125
2 0.5125 0.15 0.00625 0.028125
2 0.884375 0.1390625 0.0046875 0.0234375
2 0.4703125 0.125 0.0046875 0.0140625
2 0.409375 0.1140625 0.0046875 0.0171875
2 0.4171875 0.140625 0.0078125 0.03125
2 0.3171875 0.26875 0.0125 0.0453125
2 0.653125 0.140625 0.0046875 0.021875
2 0.30625 0.1109375 0.0046875 0.0140625
2 0.7125 0.1515625 0.003125 0.0125
2 0.1 0.1375 0.00625 0.0359375
2 0.2578125 0.1140625 0.0046875 0.01875
2 0.7546875 0.1515625 0.0046875 0.0125
2 0.6078125 0.48125 0.0140625 0.071875
2 0.4390625 0.1234375 0.00625 0.015625
2 0.065625 0.1515625 0.0140625 0.04375
2 0.36875 0.29375 0.0125 0.021875
2 0.95625 0.153125 0.009375 0.025