2 0.5203125 0.85 0.05 0.2984375
2 0.3390625 0.590625 0.04375 0.1984375
2 0.071875 0.6859375 0.05625 0.20625
2 0.590625 0.3625 0.025 0.128125
2 0.659375 0.35625 0.03125 0.1234375
2 0.4796875 0.3421875 0.03125 0.0796875
2 0.578125 0.596875 0.040625 0.15
2 0.56875 0.321875 0.0203125 0.10625
2 0.73125 0.4484375 0.0265625 0.1703125
2 0.746875 0.2703125 0.0140625 0.0828125
2 0.4671875 0.1921875 0.0109375 0.05625
2 0.78125 0.3640625 0.0203125 0.1234375
2 0.7703125 0.5421875 0.0359375 0.175
2 0.6859375 0.35625 0.01875 0.1125
2 0.2546875 0.5109375 0.01875 0.103125
2 0.803125 0.5390625 0.0359375 0.2015625
2 0.48125 0.1796875 0.0109375 0.053125
2 0.478125 0.1578125 0.009375 0.0484375
2 0.7671875 0.3734375 0.0203125 0.1015625
2 0.878125 0.153125 0.0078125 0.0359375
2 0.84375 0.596875 0.0265625 0.2296875
2 0.6265625 0.253125 0.0125 0.0390625
2 0.796875 0.19375 0.00625 0.034375
2 0.8953125 0.36875 0.0453125 0.1640625
2 0.7921875 0.4859375 0.0234375 0.1734375
2 0.90625 0.16875 0.0078125 0.0359375
2 0.734375 0.35625 0.0265625 0.115625
2 0.815625 0.18125 0.0109375 0.0609375
2 0.8328125 0.5 0.0171875 0.1546875
2 0.80625 0.1890625 0.0078125 0.040625
2 0.19375 0.434375 0.0078125 0.021875
2 0.7953125 0.4390625 0.0171875 0.078125
2 0.240625 0.5078125 0.0453125 0.1109375
2 0.9375 0.678125 0.009375 0.0484375
2 0.8796875 0.4140625 0.0140625 0.0796875
2 0.7859375 0.834375 0.0421875 0.1265625
2 0.809375 0.6046875 0.0234375 0.08125
2 0.1796875 0.5109375 0.0125 0.0578125
2 0.865625 0.1453125 0.00625 0.028125
2 0.759375 0.8859375 0.1 0.228125
2 0.821875 0.1671875 0.0046875 0.028125
2 0.859375 0.14375 0.00625 0.028125
2 0.8421875 0.4984375 0.0359375 0.1578125
2 0.878125 0.3890625 0.009375 0.03125
2 0.8359375 0.140625 0.00625 0.0265625
2 0.540625 0.2703125 0.0078125 0.05
2 0.8140625 0.753125 0.0359375 0.128125
2 0.6484375 0.290625 0.0109375 0.04375
2 0.2703125 0.43125 0.009375 0.0234375
2 0.9140625 0.14375 0.0078125 0.0359375
2 0.603125 0.284375 0.0109375 0.0265625
2 0.8921875 0.428125 0.0234375 0.0421875
2 0.16875 0.515625 0.0109375 0.0578125
2 0.9421875 0.1265625 0.0109375 0.04375
2 0.7546875 0.20625 0.009375 0.03125
2 0.884375 0.30625 0.015625 0.0390625
2 0.921875 0.1484375 0.00625 0.03125
2 0.815625 0.7125 0.05 0.1859375
2 0.6796875 0.2515625 0.00625 0.0296875
2 0.821875 0.6703125 0.0390625 0.1015625
2 0.871875 0.415625 0.0265625 0.0828125
2 0.2359375 0.5140625 0.0234375 0.075
2 0.1796875 0.421875 0.009375 0.0234375
2 0.8875 0.4140625 0.0296875 0.08125
2 0.9359375 0.140625 0.0046875 0.0234375
2 0.8234375 0.6015625 0.025 0.0765625
2 0.1734375 0.4265625 0.00625 0.0234375
2 0.815625 0.6515625 0.05 0.1765625
2 0.9265625 0.140625 0.00625 0.0296875
2 0.8390625 0.140625 0.0046875 0.0265625
2 0.625 0.271875 0.0140625 0.075
2 0.8828125 0.346875 0.01875 0.1171875
2 0.8140625 0.190625 0.0078125 0.0390625