2 0.4125 0.85625 0.06875 0.284375
2 0.5765625 0.575 0.034375 0.171875
2 0.896875 0.5046875 0.021875 0.1078125
2 0.603125 0.6296875 0.0359375 0.203125
2 0.8484375 0.55625 0.03125 0.1375
2 0.875 0.5015625 0.0203125 0.0953125
2 0.6359375 0.6671875 0.0453125 0.20625
2 0.91875 0.2703125 0.009375 0.0375
2 0.8796875 0.4203125 0.0125 0.0421875
2 0.8578125 0.428125 0.009375 0.046875
2 0.9421875 0.453125 0.0140625 0.0390625
2 0.7890625 0.428125 0.0109375 0.053125
2 0.8015625 0.4203125 0.0125 0.071875
2 0.89375 0.4328125 0.0109375 0.0609375
2 0.93125 0.409375 0.0109375 0.059375
2 0.6328125 0.6 0.025 0.1015625
2 0.8109375 0.4140625 0.0109375 0.0515625
2 0.9078125 0.4015625 0.0109375 0.0546875
2 0.915625 0.4390625 0.0078125 0.03125
2 0.9625 0.4703125 0.0109375 0.0453125
2 0.953125 0.434375 0.0109375 0.0640625
2 0.9203125 0.40625 0.0109375 0.0515625
2 0.5640625 0.3953125 0.0109375 0.0328125
2 0.65 0.2640625 0.0171875 0.0609375
2 0.34375 0.54375 0.0390625 0.0578125
2 0.7875 0.3953125 0.009375 0.0453125
2 0.89375 0.41875 0.009375 0.03125
2 0.8890625 0.3546875 0.0109375 0.0421875
2 0.9796875 0.4984375 0.0140625 0.0875
2 0.565625 0.5 0.015625 0.0375
2 0.746875 0.440625 0.0109375 0.0609375
2 0.828125 0.3953125 0.0109375 0.0484375
2 0.8859375 0.2640625 0.009375 0.034375
2 0.8421875 0.5453125 0.0171875 0.115625
2 0.8046875 0.4296875 0.0125 0.0578125
2 0.809375 0.3953125 0.00625 0.0171875
2 0.2390625 0.7640625 0.0359375 0.065625
2 0.91875 0.45 0.0140625 0.0515625
2 0.6453125 0.646875 0.028125 0.1625
2 0.84375 0.31875 0.00625 0.0375
2 0.953125 0.4203125 0.0078125 0.0390625
2 0.90625 0.4109375 0.0078125 0.0359375