2 0.3796875 0.709375 0.0515625 0.2515625
2 0.45 0.7640625 0.05 0.2578125
2 0.521875 0.721875 0.0546875 0.3015625
2 0.4953125 0.44375 0.0265625 0.1375
2 0.3328125 0.45625 0.0421875 0.1859375
2 0.853125 0.421875 0.021875 0.096875
2 0.615625 0.5359375 0.053125 0.171875
2 0.5984375 0.2234375 0.0140625 0.0625
2 0.2984375 0.4640625 0.0328125 0.1609375
2 0.178125 0.3203125 0.025 0.115625
2 0.6890625 0.8703125 0.0640625 0.2578125
2 0.9390625 0.7609375 0.0484375 0.1375
2 0.484375 0.215625 0.0140625 0.0578125
2 0.4 0.4359375 0.0375 0.1453125
2 0.240625 0.4234375 0.034375 0.10625
2 0.76875 0.2921875 0.009375 0.059375
2 0.6265625 0.6890625 0.0421875 0.184375
2 0.59375 0.7125 0.053125 0.2546875
2 0.6234375 0.8609375 0.06875 0.275
2 0.3765625 0.315625 0.0203125 0.096875
2 0.55 0.5375 0.0296875 0.1875
2 0.859375 0.140625 0.0125 0.059375
2 0.9 0.896875 0.096875 0.20625
2 0.134375 0.23125 0.0171875 0.084375
2 0.7625 0.8578125 0.0703125 0.2796875
2 0.1625 0.2328125 0.0109375 0.08125
2 0.215625 0.4234375 0.03125 0.1015625
2 0.4765625 0.1546875 0.0078125 0.0390625
2 0.9328125 0.15 0.0109375 0.0453125
2 0.975 0.1140625 0.00625 0.0203125
2 0.1359375 0.3546875 0.0109375 0.0234375
2 0.0828125 0.2015625 0.0140625 0.0578125
2 0.8765625 0.4515625 0.0171875 0.0640625
2 0.040625 0.346875 0.0109375 0.0125
2 0.8171875 0.8671875 0.0515625 0.2625
2 0.325 0.15625 0.0109375 0.0234375
2 0.965625 0.1640625 0.0125 0.0265625
2 0.015625 0.3546875 0.0125 0.025
2 0.325 0.31875 0.0171875 0.090625
2 0.325 0.2984375 0.015625 0.0453125
2 0.321875 0.15625 0.00625 0.021875
2 0.85625 0.9046875 0.040625 0.1890625
2 0.9875 0.8703125 0.0234375 0.034375
2 0.0515625 0.21875 0.015625 0.0875
2 0.875 0.8125 0.0296875 0.0796875
2 0.390625 0.121875 0.009375 0.028125
2 0.4890625 0.165625 0.009375 0.028125
2 0.9078125 0.7921875 0.021875 0.0515625
2 0.1265625 0.3453125 0.0109375 0.01875
2 0.915625 0.8125 0.0375 0.090625
2 0.4421875 0.6671875 0.009375 0.021875
2 0.453125 0.1625 0.00625 0.0421875
2 0.5265625 0.4015625 0.0234375 0.0421875
2 0.0140625 0.21875 0.015625 0.075
2 0.20625 0.2515625 0.009375 0.0296875
2 0.465625 0.134375 0.0046875 0.028125
2 0.49375 0.16875 0.00625 0.0234375
2 0.196875 0.1390625 0.00625 0.0125
2 0.2875 0.13125 0.0046875 0.0140625
2 0.1421875 0.19375 0.009375 0.0328125
2 0.065625 0.2 0.0140625 0.05625
2 0.3859375 0.3859375 0.0171875 0.0734375
2 0.4484375 0.1734375 0.00625 0.0265625
2 0.55 0.4546875 0.0078125 0.0265625
2 0.36875 0.125 0.0046875 0.0171875
2 0.35 0.1234375 0.00625 0.0265625
2 0.25 0.2421875 0.0171875 0.06875
2 0.3890625 0.1234375 0.00625 0.0234375
2 0.159375 0.3625 0.0140625 0.0328125
2 0.0921875 0.1703125 0.0078125 0.0296875
2 0.8515625 0.1421875 0.0046875 0.0328125
2 0.465625 0.1484375 0.00625 0.0546875
2 0.203125 0.1390625 0.00625 0.0125
2 0.2953125 0.25625 0.0078125 0.025
2 0.0640625 0.16875 0.0125 0.0421875
2 0.525 0.228125 0.0125 0.0421875
2 0.925 0.08125 0.0109375 0.0265625
2 0.0375 0.2078125 0.0140625 0.053125
2 0.1078125 0.165625 0.009375 0.0421875
2 0.2828125 0.13125 0.0046875 0.0140625
2 0.4453125 0.384375 0.0234375 0.071875
2 0.4921875 0.1625 0.00625 0.0328125
2 0.684375 0.1421875 0.0046875 0.0203125
2 0.2 0.1390625 0.0125 0.0140625
2 0.409375 0.1203125 0.0046875 0.028125
2 0.640625 0.1390625 0.00625 0.0265625
2 0.3890625 0.3359375 0.0234375 0.0625
2 0.425 0.1140625 0.00625 0.01875
2 0.0109375 0.359375 0.021875 0.0375
2 0.9171875 0.140625 0.009375 0.0390625
2 0.871875 0.14375 0.0078125 0.021875
2 0.13125 0.35 0.0203125 0.028125
2 0.5484375 0.49375 0.028125 0.1015625
2 0.4671875 0.1609375 0.0046875 0.03125
2 0.3640625 0.7234375 0.0421875 0.1703125
2 0.39375 0.1234375 0.00625 0.0265625
2 0.1421875 0.2140625 0.009375 0.0734375
2 0.8078125 0.765625 0.0359375 0.084375
2 0.6671875 0.1234375 0.00625 0.0390625
2 0.296875 0.2734375 0.009375 0.05625
2 0.0046875 0.3671875 0.009375 0.0390625
2 0.9328125 0.1578125 0.00625 0.03125
2 0.00625 0.23125 0.0125 0.05625