2 0.0765625 0.78125 0.1109375 0.4359375
2 0.715625 0.4 0.0359375 0.1546875
2 0.196875 0.8 0.1109375 0.396875
2 0.553125 0.38125 0.0265625 0.1421875
2 0.559375 0.78125 0.09375 0.4328125
2 0.075 0.3 0.0171875 0.06875
2 0.0328125 0.2953125 0.0109375 0.05625
2 0.10625 0.2984375 0.0125 0.0609375
2 0.0515625 0.29375 0.0125 0.0578125
2 0.553125 0.6796875 0.08125 0.303125
2 0.48125 0.3484375 0.0234375 0.1171875
2 0.096875 0.3015625 0.0125 0.0640625
2 0.04375 0.29375 0.009375 0.0515625
2 0.840625 0.2875 0.0140625 0.0296875
2 0.0859375 0.29375 0.009375 0.0609375
2 0.0859375 0.128125 0.0109375 0.04375
2 0.05625 0.2984375 0.0078125 0.0421875
2 0.0171875 0.296875 0.009375 0.03125
2 0.11875 0.3046875 0.0078125 0.046875