2 0.3015625 0.54375 0.0484375 0.1921875
2 0.740625 0.7765625 0.0546875 0.2421875
2 0.40625 0.65625 0.046875 0.24375
2 0.971875 0.778125 0.0546875 0.1625
2 0.4890625 0.6484375 0.046875 0.2375
2 0.7359375 0.940625 0.0609375 0.1171875
2 0.36875 0.653125 0.040625 0.228125
2 0.5921875 0.6078125 0.0546875 0.13125
2 0.4453125 0.6375 0.0375 0.25625
2 0.6140625 0.91875 0.078125 0.1609375
2 0.1875 0.3828125 0.028125 0.075
2 0.659375 0.7828125 0.05625 0.28125
2 0.2078125 0.240625 0.0140625 0.0875
2 0.2328125 0.340625 0.025 0.1375
2 0.6953125 0.7703125 0.0421875 0.2578125
2 0.525 0.5703125 0.0390625 0.1875
2 0.28125 0.315625 0.0234375 0.10625
2 0.9875 0.1640625 0.0140625 0.0359375
2 0.396875 0.38125 0.0453125 0.09375
2 0.25 0.346875 0.0203125 0.11875
2 0.134375 0.3234375 0.0203125 0.0828125
2 0.6875 0.165625 0.009375 0.021875
2 0.875 0.4546875 0.015625 0.065625
2 0.525 0.515625 0.0375 0.078125
2 0.696875 0.1671875 0.00625 0.0203125
2 0.13125 0.3515625 0.0125 0.0234375
2 0.4703125 0.159375 0.0078125 0.0421875
2 0.478125 0.1546875 0.0078125 0.0390625
2 0.746875 0.1671875 0.0125 0.0265625
2 0.315625 0.2859375 0.0125 0.05
2 0.115625 0.1890625 0.0125 0.059375
2 0.3953125 0.125 0.00625 0.025
2 0.0984375 0.1796875 0.0140625 0.0625
2 0.1375 0.225 0.0125 0.071875
2 0.921875 0.7765625 0.0171875 0.0515625
2 0.9796875 0.1171875 0.0109375 0.01875
2 0.0703125 0.1765625 0.0140625 0.059375
2 0.446875 0.1265625 0.0078125 0.0328125
2 0.8515625 0.1421875 0.0078125 0.0359375
2 0.0859375 0.175 0.0125 0.05625
2 0.925 0.0828125 0.009375 0.0265625
2 0.7 0.6859375 0.028125 0.0921875
2 0.6796875 0.578125 0.0203125 0.04375
2 0.4265625 0.125 0.00625 0.03125
2 0.125 0.190625 0.0078125 0.0484375
2 0.9796875 0.1171875 0.00625 0.0140625
2 0.4890625 0.1546875 0.00625 0.0328125
2 0.1640625 0.2125 0.0078125 0.0328125
2 0.63125 0.128125 0.00625 0.0171875
2 0.4515625 0.1265625 0.00625 0.028125
2 0.690625 0.1265625 0.00625 0.021875
2 0.053125 0.1609375 0.0109375 0.053125
2 0.096875 0.190625 0.009375 0.040625
2 0.915625 0.7890625 0.03125 0.0734375
2 0.49375 0.1703125 0.00625 0.0234375
2 0.4453125 0.390625 0.0234375 0.0671875
2 0.2875 0.1328125 0.0046875 0.0171875
2 0.1375 0.3578125 0.0234375 0.0359375
2 0.6234375 0.13125 0.0078125 0.0359375
2 0.490625 0.1609375 0.009375 0.0421875
2 0.4234375 0.125 0.00625 0.0328125
2 0.409375 0.121875 0.0046875 0.0328125
2 0.434375 0.1265625 0.0078125 0.0265625
2 0.0140625 0.159375 0.0125 0.0484375
2 0.4078125 0.3640625 0.0234375 0.0609375
2 0.2984375 0.2609375 0.0078125 0.0265625
2 0.66875 0.11875 0.0046875 0.01875
2 0.4203125 0.1234375 0.00625 0.03125
2 0.0078125 0.203125 0.0140625 0.0671875
2 0.528125 0.4046875 0.025 0.04375
2 0.03125 0.153125 0.0109375 0.059375
2 0.3453125 0.13125 0.00625 0.015625
2 0.346875 0.290625 0.0140625 0.071875
2 0.871875 0.146875 0.009375 0.0234375
2 0.834375 0.1515625 0.0046875 0.04375
2 0.2984375 0.275 0.0109375 0.05625
2 0.91875 0.084375 0.00625 0.0234375
2 0.359375 0.1234375 0.0046875 0.025
2 0.746875 0.159375 0.015625 0.0421875
2 0.7515625 0.1640625 0.00625 0.028125
2 0.00625 0.3625 0.0125 0.04375