2 0.63125 0.865625 0.059375 0.2671875
2 0.715625 0.8640625 0.065625 0.271875
2 0.403125 0.4890625 0.0359375 0.1421875
2 0.834375 0.653125 0.0421875 0.2203125
2 0.39375 0.296875 0.021875 0.0515625
2 0.9 0.6625 0.059375 0.228125
2 0.3984375 0.378125 0.028125 0.115625
2 0.1828125 0.2203125 0.0125 0.0625
2 0.9578125 0.2140625 0.0109375 0.0421875
2 0.8078125 0.609375 0.053125 0.1328125
2 0.265625 0.20625 0.0109375 0.0421875
2 0.9078125 0.5609375 0.034375 0.0765625
2 0.165625 0.171875 0.0078125 0.0375
2 0.2234375 0.26875 0.015625 0.0734375
2 0.3578125 0.196875 0.0078125 0.0265625
2 0.2359375 0.2703125 0.0140625 0.071875
2 0.984375 0.2140625 0.0109375 0.04375
2 0.4125 0.2015625 0.009375 0.021875
2 0.440625 0.203125 0.0109375 0.046875
2 0.1515625 0.1875 0.0078125 0.028125
2 0.565625 0.4984375 0.028125 0.0828125
2 0.6390625 0.2171875 0.0078125 0.0265625
2 0.4296875 0.2015625 0.0109375 0.040625
2 0.084375 0.1359375 0.0140625 0.0390625
2 0.8140625 0.13125 0.0046875 0.01875
2 0.815625 0.1578125 0.0046875 0.0171875
2 0.253125 0.2015625 0.009375 0.03125
2 0.240625 0.271875 0.00625 0.04375
2 0.4875 0.125 0.0046875 0.015625
2 0.6734375 0.1453125 0.0078125 0.01875
2 0.9140625 0.315625 0.028125 0.0578125
2 0.6703125 0.1453125 0.0046875 0.01875
2 0.4578125 0.1328125 0.00625 0.028125
2 0.7640625 0.134375 0.00625 0.0265625
2 0.6609375 0.146875 0.00625 0.0203125
2 0.153125 0.146875 0.00625 0.0265625
2 0.065625 0.153125 0.0140625 0.046875
2 0.8296875 0.1390625 0.0046875 0.021875
2 0.0953125 0.14375 0.009375 0.046875
2 0.965625 0.15625 0.0171875 0.021875
2 0.959375 0.153125 0.0078125 0.021875
2 0.8453125 0.1328125 0.00625 0.0203125
2 0.98125 0.140625 0.009375 0.0140625
2 0.259375 0.1984375 0.00625 0.0234375
2 0.465625 0.1640625 0.00625 0.0171875
2 0.453125 0.1390625 0.00625 0.0203125
2 0.653125 0.1421875 0.0046875 0.0203125
2 0.4421875 0.14375 0.00625 0.0203125
2 0.6546875 0.1671875 0.00625 0.0203125
2 0.421875 0.1421875 0.0078125 0.0296875
2 0.75625 0.1546875 0.00625 0.0125
2 0.0453125 0.1484375 0.009375 0.053125
2 0.14375 0.18125 0.0046875 0.021875
2 0.396875 0.1234375 0.00625 0.03125
2 0.5359375 0.125 0.003125 0.0140625
2 0.8171875 0.13125 0.0046875 0.01875
2 0.778125 0.13125 0.0046875 0.015625
2 0.959375 0.1484375 0.0046875 0.0140625
2 0.753125 0.1609375 0.0109375 0.0234375
2 0.6265625 0.14375 0.0046875 0.01875
2 0.415625 0.140625 0.00625 0.03125
2 0.0703125 0.1453125 0.00625 0.01875
2 0.675 0.1453125 0.0046875 0.01875
2 0.0765625 0.18125 0.0125 0.0375
2 0.446875 0.140625 0.0046875 0.01875
2 0.5578125 0.2109375 0.0046875 0.0265625
2 0.1203125 0.1546875 0.009375 0.0265625
2 0.7796875 0.13125 0.0046875 0.0171875
2 0.48125 0.125 0.0046875 0.0125
2 0.81875 0.1296875 0.0046875 0.015625
2 0.4953125 0.15 0.009375 0.021875
2 0.0953125 0.1546875 0.00625 0.028125
2 0.1265625 0.1453125 0.00625 0.034375
2 0.984375 0.20625 0.0078125 0.0265625
2 0.921875 0.159375 0.0046875 0.0265625
2 0.6375 0.21875 0.0046875 0.0234375