2 0.4234375 0.6859375 0.05 0.3203125
2 0.54375 0.4515625 0.0390625 0.1828125
2 0.3640625 0.69375 0.0515625 0.3015625
2 0.65625 0.153125 0.0125 0.0546875
2 0.3375 0.6375 0.0578125 0.2984375
2 0.4765625 0.45625 0.0375 0.171875
2 0.2203125 0.3859375 0.0296875 0.125
2 0.675 0.14375 0.0125 0.05625
2 0.1234375 0.1890625 0.0171875 0.0921875
2 0.2328125 0.2984375 0.0234375 0.121875
2 0.4640625 0.325 0.0265625 0.0609375
2 0.546875 0.103125 0.00625 0.03125
2 0.5671875 0.4328125 0.0296875 0.078125
2 0.415625 0.4078125 0.0296875 0.1734375
2 0.0578125 0.21875 0.0234375 0.09375
2 0.33125 0.45625 0.0328125 0.153125
2 0.2921875 0.434375 0.0328125 0.1734375
2 0.7046875 0.540625 0.0375 0.1609375
2 0.2625 0.428125 0.040625 0.18125
2 0.303125 0.4734375 0.0328125 0.1421875
2 0.0875 0.2015625 0.0203125 0.0765625
2 0.5109375 0.103125 0.0046875 0.0359375
2 0.4 0.5859375 0.040625 0.221875
2 0.2875 0.2421875 0.0296875 0.078125
2 0.2828125 0.3078125 0.0265625 0.125
2 0.5640625 0.4609375 0.0359375 0.1328125
2 0.659375 0.13125 0.009375 0.05625
2 0.2546875 0.303125 0.025 0.1125
2 0.3984375 0.4734375 0.046875 0.128125
2 0.746875 0.5375 0.0328125 0.1484375
2 0.5265625 0.1046875 0.00625 0.03125
2 0.2515625 0.45625 0.040625 0.128125
2 0.228125 0.4609375 0.021875 0.0421875
2 0.4078125 0.3546875 0.0203125 0.109375
2 0.63125 0.1640625 0.00625 0.0328125
2 0.284375 0.103125 0.00625 0.0375
2 0.0125 0.45 0.025 0.0625
2 0.36875 0.3515625 0.034375 0.1125
2 0.271875 0.3234375 0.025 0.0984375
2 0.08125 0.1328125 0.0125 0.0578125
2 0.09375 0.1546875 0.015625 0.0671875
2 0.0609375 0.1078125 0.0078125 0.0375
2 0.0421875 0.1875 0.0203125 0.0859375
2 0.06875 0.103125 0.009375 0.04375
2 0.478125 0.3328125 0.025 0.096875
2 0.0328125 0.1296875 0.0125 0.0609375
2 0.365625 0.5015625 0.0375 0.1265625
2 0.009375 0.440625 0.01875 0.0375
2 0.38125 0.3546875 0.0140625 0.09375
2 0.359375 0.4375 0.028125 0.1015625
2 0.0875 0.13125 0.0109375 0.0578125
2 0.378125 0.428125 0.0234375 0.0875
2 0.1359375 0.1703125 0.0078125 0.0390625
2 0.0375 0.234375 0.021875 0.1015625
2 0.415625 0.5015625 0.0140625 0.0578125
2 0.2734375 0.13125 0.00625 0.0125
2 0.0828125 0.2953125 0.009375 0.0375
2 0.4 0.1140625 0.0046875 0.025
2 0.46875 0.1109375 0.0078125 0.0234375
2 0.6046875 0.0859375 0.0046875 0.021875
2 0.23125 0.2234375 0.0109375 0.0453125
2 0.209375 0.228125 0.0078125 0.0390625
2 0.0265625 0.1015625 0.0109375 0.0359375
2 0.646875 0.153125 0.0078125 0.053125
2 0.6125 0.4578125 0.0484375 0.1265625
2 0.271875 0.2359375 0.0140625 0.0671875
2 0.73125 0.5296875 0.040625 0.11875
2 0.04375 0.1234375 0.0140625 0.0640625
2 0.3796875 0.31875 0.0078125 0.021875
2 0.434375 0.28125 0.0125 0.01875
2 0.4140625 0.2921875 0.0109375 0.0390625
2 0.621875 0.0875 0.0046875 0.021875
2 0.3609375 0.303125 0.0140625 0.0453125
2 0.6046875 0.4234375 0.03125 0.0640625
2 0.209375 0.41875 0.015625 0.0640625
2 0.371875 0.4015625 0.009375 0.0328125
2 0.73125 0.1625 0.00625 0.0359375
2 0.1078125 0.1515625 0.00625 0.0171875
2 0.725 0.5375 0.0765625 0.15625
2 0.6265625 0.08125 0.00625 0.028125
2 0.68125 0.1578125 0.00625 0.021875
2 0.5328125 0.0859375 0.003125 0.0171875
2 0.746875 0.159375 0.00625 0.0234375
2 0.1203125 0.1 0.0078125 0.0328125
2 0.64375 0.0828125 0.003125 0.0234375
2 0.471875 0.1109375 0.00625 0.0234375
2 0.0515625 0.23125 0.0359375 0.121875
2 0.4078125 0.315625 0.021875 0.0859375