2 0.246875 0.46875 0.028125 0.08125
2 0.959375 0.9015625 0.0609375 0.196875
2 0.1546875 0.48125 0.0234375 0.05625
2 0.409375 0.484375 0.028125 0.0859375
2 0.853125 0.5265625 0.025 0.059375
2 0.6875 0.5234375 0.034375 0.09375
2 0.6453125 0.50625 0.0296875 0.1125
2 0.44375 0.4359375 0.015625 0.05625
2 0.0109375 0.9234375 0.021875 0.15
2 0.9078125 0.921875 0.05 0.1546875
2 0.9 0.98125 0.0578125 0.0375
2 0.8 0.503125 0.0375 0.0578125
2 0.8828125 0.98125 0.025 0.0359375
2 0.3734375 0.309375 0.0078125 0.0421875
2 0.9203125 0.99375 0.01875 0.0125
2 0.990625 0.8984375 0.01875 0.1828125