2 0.321875 0.8921875 0.059375 0.2140625
2 0.196875 0.890625 0.0671875 0.215625
2 0.2734375 0.5828125 0.065625 0.196875
2 0.7953125 0.2234375 0.0140625 0.06875
2 0.765625 0.3171875 0.0234375 0.1171875
2 0.48125 0.1734375 0.0109375 0.0484375
2 0.0265625 0.9203125 0.053125 0.1578125
2 0.359375 0.484375 0.034375 0.146875
2 0.759375 0.8859375 0.103125 0.228125
2 0.79375 0.3296875 0.0203125 0.1078125
2 0.7359375 0.3171875 0.021875 0.1078125
2 0.859375 0.2078125 0.0109375 0.0515625
2 0.84375 0.5953125 0.0265625 0.2265625
2 0.8859375 0.221875 0.0125 0.065625
2 0.6078125 0.321875 0.0203125 0.1140625
2 0.8953125 0.359375 0.04375 0.134375
2 0.8703125 0.225 0.0125 0.05625
2 0.8796875 0.4140625 0.0140625 0.0796875
2 0.9375 0.6796875 0.009375 0.0484375
2 0.19375 0.4328125 0.009375 0.021875
2 0.646875 0.290625 0.0140625 0.04375
2 0.7296875 0.2765625 0.0078125 0.040625
2 0.16875 0.515625 0.0125 0.0578125
2 0.259375 0.440625 0.009375 0.025
2 0.178125 0.5125 0.0140625 0.059375
2 0.625 0.2546875 0.009375 0.0375
2 0.8953125 0.146875 0.00625 0.0375
2 0.684375 0.253125 0.009375 0.028125
2 0.8046875 0.8 0.0328125 0.1578125
2 0.8828125 0.734375 0.0234375 0.040625
2 0.8125 0.753125 0.0390625 0.128125
2 0.88125 0.20625 0.009375 0.05625
2 0.178125 0.5015625 0.009375 0.0375
2 0.721875 0.33125 0.0125 0.078125
2 0.815625 0.70625 0.05 0.1765625
2 0.809375 0.60625 0.0234375 0.0796875
2 0.725 0.3140625 0.0203125 0.1140625
2 0.640625 0.284375 0.025 0.0578125
2 0.8546875 0.1515625 0.0078125 0.03125
2 0.84375 0.146875 0.00625 0.0375
2 0.8703125 0.1484375 0.0078125 0.03125
2 0.821875 0.66875 0.0375 0.0984375
2 0.8359375 0.1484375 0.0078125 0.0390625
2 0.7296875 0.2953125 0.0109375 0.0765625
2 0.271875 0.43125 0.009375 0.0265625
2 0.809375 0.8421875 0.04375 0.30625
2 0.94375 0.5 0.0171875 0.053125
2 0.1671875 0.4984375 0.0078125 0.0234375
2 0.946875 0.4828125 0.025 0.0890625
2 0.1734375 0.4265625 0.0078125 0.0234375
2 0.9421875 0.1265625 0.0109375 0.0453125
2 0.896875 0.1359375 0.0046875 0.01875
2 0.9046875 0.1234375 0.0046875 0.0265625
2 0.1796875 0.4203125 0.009375 0.021875
2 0.175 0.4515625 0.0078125 0.0234375
2 0.80625 0.653125 0.0328125 0.1765625
2 0.175 0.4390625 0.009375 0.0484375
2 0.8875 0.1453125 0.00625 0.028125
2 0.9453125 0.5703125 0.03125 0.2640625
2 0.0109375 0.9203125 0.021875 0.15625
2 0.540625 0.2703125 0.0078125 0.0515625
2 0.625 0.2734375 0.0125 0.075
2 0.4484375 0.2875 0.0859375 0.1234375