2 0.440625 0.378125 0.0234375 0.125
2 0.6765625 0.6640625 0.0625 0.2125
2 0.89375 0.6609375 0.0453125 0.2265625
2 0.7109375 0.5609375 0.03125 0.1578125
2 0.834375 0.6515625 0.040625 0.21875
2 0.3890625 0.2921875 0.015625 0.04375
2 0.28125 0.3328125 0.0234375 0.1015625
2 0.9609375 0.2125 0.0125 0.046875
2 0.3015625 0.3328125 0.0203125 0.0984375
2 0.1953125 0.2578125 0.0171875 0.0765625
2 0.8109375 0.609375 0.04375 0.1328125
2 0.2234375 0.21875 0.0109375 0.0578125
2 0.265625 0.20625 0.009375 0.040625
2 0.2921875 0.278125 0.0171875 0.0578125
2 0.1953125 0.209375 0.0125 0.0375
2 0.35625 0.196875 0.009375 0.0265625
2 0.9125 0.5609375 0.0234375 0.08125
2 0.76875 0.71875 0.0296875 0.0578125
2 0.9125 0.6375 0.025 0.2328125
2 0.453125 0.1359375 0.009375 0.034375
2 0.065625 0.14375 0.0140625 0.0265625
2 0.1578125 0.1984375 0.009375 0.021875
2 0.6390625 0.2171875 0.0078125 0.0265625
2 0.6625 0.1484375 0.0046875 0.0140625
2 0.1578125 0.1609375 0.00625 0.028125
2 0.084375 0.1359375 0.0125 0.0390625
2 0.9671875 0.153125 0.0140625 0.0265625
2 0.6546875 0.1421875 0.00625 0.0203125
2 0.8296875 0.1390625 0.0046875 0.0234375
2 0.2578125 0.2 0.0078125 0.028125
2 0.7640625 0.1296875 0.00625 0.0171875
2 0.815625 0.134375 0.0046875 0.021875
2 0.421875 0.1421875 0.00625 0.0296875
2 0.8234375 0.14375 0.0046875 0.01875
2 0.3859375 0.3125 0.021875 0.0859375
2 0.40625 0.315625 0.0171875 0.0234375
2 0.215625 0.1953125 0.00625 0.0171875
2 0.465625 0.1640625 0.00625 0.0171875
2 0.203125 0.1890625 0.00625 0.0234375
2 0.75625 0.153125 0.0046875 0.0109375
2 0.446875 0.1421875 0.00625 0.0203125
2 0.81875 0.134375 0.00625 0.021875
2 0.2453125 0.115625 0.0046875 0.0234375
2 0.440625 0.14375 0.0078125 0.021875
2 0.3203125 0.1078125 0.00625 0.01875
2 0.3890625 0.203125 0.0046875 0.0171875
2 0.7296875 0.1546875 0.0078125 0.0265625
2 0.921875 0.1515625 0.0046875 0.0375
2 0.140625 0.15 0.00625 0.028125
2 0.0765625 0.18125 0.0140625 0.0328125
2 0.6671875 0.1109375 0.0046875 0.0234375
2 0.4171875 0.1390625 0.00625 0.0328125
2 0.2 0.1171875 0.0046875 0.021875
2 0.8359375 0.1515625 0.0078125 0.0359375
2 0.521875 0.1359375 0.0046875 0.01875
2 0.721875 0.1453125 0.003125 0.0109375
2 0.7265625 0.146875 0.003125 0.0125
2 0.1296875 0.1453125 0.00625 0.0328125
2 0.8453125 0.13125 0.0046875 0.021875
2 0.071875 0.146875 0.0046875 0.0140625
2 0.2171875 0.1671875 0.0109375 0.028125
2 0.4953125 0.1515625 0.009375 0.025
2 0.2484375 0.2 0.00625 0.0265625
2 0.871875 0.1359375 0.003125 0.015625
2 0.0953125 0.1359375 0.00625 0.03125
2 0.1453125 0.1515625 0.00625 0.0328125
2 0.821875 0.1390625 0.00625 0.0265625
2 0.959375 0.1515625 0.00625 0.021875
2 0.765625 0.1296875 0.0046875 0.0171875
2 0.546875 0.1140625 0.0046875 0.021875
2 0.146875 0.190625 0.0046875 0.0140625
2 0.753125 0.159375 0.0109375 0.0234375
2 0.321875 0.1078125 0.0046875 0.01875
2 0.2890625 0.26875 0.0109375 0.0359375
2 0.7625 0.1296875 0.003125 0.015625
2 0.4515625 0.134375 0.0046875 0.0328125