2 0.6296875 0.6921875 0.053125 0.2578125
2 0.2703125 0.4171875 0.025 0.10625
2 0.5671875 0.509375 0.034375 0.1421875
2 0.73125 0.8609375 0.0703125 0.278125
2 0.6828125 0.5375 0.0359375 0.1515625
2 0.88125 0.575 0.04375 0.125
2 0.2484375 0.41875 0.0140625 0.1
2 0.5671875 0.959375 0.0484375 0.0796875
2 0.68125 0.9703125 0.034375 0.0578125
2 0.34375 0.2875 0.0078125 0.065625
2 0.628125 0.528125 0.05 0.1609375
2 0.18125 0.253125 0.0109375 0.028125
2 0.4234375 0.3234375 0.0171875 0.053125
2 0.7921875 0.428125 0.0203125 0.1015625
2 0.60625 0.5015625 0.021875 0.1515625
2 0.315625 0.2515625 0.009375 0.025
2 0.69375 0.409375 0.025 0.1015625
2 0.928125 0.4515625 0.03125 0.0734375
2 0.896875 0.475 0.0375 0.1078125
2 0.6296875 0.271875 0.009375 0.0234375
2 0.8234375 0.4265625 0.0203125 0.1046875
2 0.803125 0.3375 0.015625 0.0734375
2 0.86875 0.2625 0.00625 0.0328125
2 0.615625 0.2640625 0.015625 0.01875
2 0.821875 0.34375 0.0125 0.065625
2 0.8546875 0.3171875 0.0140625 0.0609375
2 0.4171875 0.334375 0.0109375 0.03125
2 0.84375 0.3390625 0.0140625 0.071875
2 0.74375 0.975 0.0296875 0.046875
2 0.790625 0.34375 0.0140625 0.065625
2 0.40625 0.2390625 0.0078125 0.0265625
2 0.9234375 0.31875 0.0125 0.0640625
2 0.909375 0.3859375 0.01875 0.0828125
2 0.4140625 0.2375 0.00625 0.0234375
2 0.3953125 0.2375 0.0078125 0.0328125
2 0.740625 0.3625 0.0125 0.0625
2 0.746875 0.2984375 0.0140625 0.0265625
2 0.734375 0.3609375 0.025 0.06875
2 0.8875 0.3703125 0.0203125 0.0609375
2 0.390625 0.2375 0.00625 0.03125
2 0.9359375 0.315625 0.0125 0.06875
2 0.8296875 0.3203125 0.0140625 0.0625
2 0.54375 0.2125 0.0078125 0.053125
2 0.58125 0.434375 0.0109375 0.0390625
2 0.6765625 0.3921875 0.0125 0.0671875
2 0.8984375 0.31875 0.0125 0.0734375
2 0.7390625 0.3421875 0.0078125 0.0234375
2 0.8953125 0.2578125 0.009375 0.0421875
2 0.7828125 0.328125 0.0078125 0.040625
2 0.8421875 0.30625 0.009375 0.034375
2 0.91875 0.2859375 0.0125 0.0328125
2 0.3453125 0.315625 0.00625 0.0125
2 0.675 0.1828125 0.0046875 0.0203125
2 0.725 0.3421875 0.009375 0.0359375
2 0.8859375 0.2578125 0.009375 0.0390625
2 0.6765625 0.3734375 0.009375 0.028125
2 0.090625 0.16875 0.0046875 0.0140625
2 0.1765625 0.2515625 0.0046875 0.025
2 0.88125 0.31875 0.0125 0.06875
2 0.9078125 0.2859375 0.009375 0.028125
2 0.753125 0.3359375 0.009375 0.05
2 0.5421875 0.2921875 0.0078125 0.0171875
2 0.9140625 0.2484375 0.0078125 0.028125
2 0.834375 0.3203125 0.009375 0.053125
2 0.61875 0.2640625 0.0078125 0.01875