2 0.2 0.3296875 0.0265625 0.1234375
2 0.546875 0.5796875 0.0515625 0.1578125
2 0.328125 0.6859375 0.059375 0.1515625
2 0.16875 0.3234375 0.0265625 0.1328125
2 0.7890625 0.8671875 0.0515625 0.2625
2 0.425 0.5828125 0.0484375 0.2765625
2 0.3125 0.459375 0.028125 0.1875
2 0.85 0.2578125 0.0109375 0.0984375
2 0.484375 0.4453125 0.0234375 0.15
2 0.4484375 0.165625 0.0078125 0.04375
2 0.853125 0.8640625 0.0828125 0.2703125
2 0.8984375 0.8703125 0.034375 0.2484375
2 0.534375 0.2296875 0.0140625 0.0421875
2 0.9890625 0.8546875 0.021875 0.284375
2 0.3609375 0.4203125 0.0296875 0.171875
2 0.6515625 0.1484375 0.00625 0.053125
2 0.3984375 0.421875 0.034375 0.171875
2 0.9328125 0.1546875 0.009375 0.0359375
2 0.3765625 0.4203125 0.025 0.1515625
2 0.4390625 0.4375 0.0296875 0.184375
2 0.075 0.1640625 0.0109375 0.0625
2 0.86875 0.7421875 0.0328125 0.090625
2 0.4125 0.353125 0.0140625 0.046875
2 0.9890625 0.7875 0.0203125 0.15
2 0.0984375 0.1828125 0.0109375 0.05625
2 0.875 0.4515625 0.015625 0.0671875
2 0.021875 0.2265625 0.0203125 0.0484375
2 0.31875 0.1515625 0.00625 0.0265625
2 0.5640625 0.4 0.009375 0.025
2 0.8734375 0.84375 0.04375 0.2921875
2 0.6125 0.1296875 0.00625 0.0328125
2 0.440625 0.1265625 0.00625 0.0234375
2 0.3265625 0.1234375 0.0046875 0.0296875
2 0.3421875 0.378125 0.01875 0.0703125
2 0.0921875 0.165625 0.0125 0.059375
2 0.4359375 0.16875 0.0078125 0.040625
2 0.4125 0.3828125 0.0140625 0.1046875
2 0.0859375 0.18125 0.009375 0.0578125
2 0.628125 0.13125 0.00625 0.0328125
2 0.2875 0.1875 0.0109375 0.0625
2 0.2953125 0.2625 0.009375 0.0390625
2 0.346875 0.1203125 0.00625 0.028125
2 0.421875 0.4765625 0.028125 0.0734375
2 0.2875 0.2015625 0.009375 0.034375
2 0.0203125 0.1796875 0.0140625 0.05
2 0.1625 0.2109375 0.0078125 0.0328125
2 0.5390625 0.23125 0.0078125 0.040625
2 0.0453125 0.1234375 0.0125 0.0640625
2 0.621875 0.13125 0.00625 0.0328125
2 0.05 0.1359375 0.0078125 0.0390625
2 0.0296875 0.15 0.009375 0.0609375
2 0.428125 0.3859375 0.0109375 0.0515625
2 0.15625 0.340625 0.015625 0.075
2 0.20625 0.25 0.0078125 0.03125
2 0.490625 0.1609375 0.00625 0.0328125
2 0.478125 0.134375 0.009375 0.046875
2 0.4328125 0.378125 0.0171875 0.065625
2 0.471875 0.1234375 0.00625 0.01875
2 0.2875 0.1328125 0.00625 0.0140625
2 0.7640625 0.309375 0.0140625 0.0265625
2 0.446875 0.4171875 0.0140625 0.1375
2 0.4828125 0.1265625 0.0046875 0.0234375
2 0.434375 0.1109375 0.0046875 0.01875
2 0.8546875 0.8078125 0.0578125 0.221875
2 0.5328125 0.403125 0.0125 0.0421875
2 0.425 0.1125 0.00625 0.01875
2 0.2609375 0.1265625 0.00625 0.028125
2 0.5453125 0.4 0.0140625 0.0359375
2 0.8703125 0.14375 0.0078125 0.0265625
2 0.4484375 0.1265625 0.00625 0.021875
2 0.6390625 0.1375 0.00625 0.0265625
2 0.9234375 0.0796875 0.009375 0.0265625
2 0.1875 0.2296875 0.0078125 0.0390625
2 0.04375 0.1359375 0.00625 0.0375
2 0.0046875 0.3609375 0.009375 0.0203125
2 0.9171875 0.1421875 0.009375 0.0375
2 0.35 0.121875 0.0046875 0.0265625
2 0.6171875 0.13125 0.0046875 0.03125
2 0.0109375 0.25 0.021875 0.028125
2 0.009375 0.1328125 0.009375 0.0234375