2 0.29375 0.65 0.0546875 0.2234375
2 0.971875 0.775 0.053125 0.1671875
2 0.6609375 0.7625 0.0609375 0.30625
2 0.715625 0.759375 0.0609375 0.31875
2 0.5203125 0.696875 0.0578125 0.2484375
2 0.3484375 0.5328125 0.0375 0.2140625
2 0.60625 0.5625 0.0671875 0.203125
2 0.8640625 0.8703125 0.0421875 0.253125
2 0.184375 0.3828125 0.0328125 0.09375
2 0.8265625 0.8421875 0.0484375 0.2875
2 0.984375 0.2359375 0.01875 0.10625
2 0.484375 0.45 0.0234375 0.14375
2 0.4015625 0.421875 0.034375 0.1734375
2 0.6421875 0.1515625 0.0078125 0.05
2 0.4375 0.4234375 0.0296875 0.15625
2 0.3625 0.4171875 0.0296875 0.1671875
2 0.446875 0.1671875 0.009375 0.040625
2 0.4359375 0.16875 0.009375 0.0421875
2 0.51875 0.54375 0.028125 0.0828125
2 0.45 0.4609375 0.0328125 0.1328125
2 0.04375 0.1703125 0.0125 0.0515625
2 0.5796875 0.13125 0.0109375 0.0375
2 0.0234375 0.23125 0.01875 0.04375
2 0.625 0.13125 0.00625 0.03125
2 0.6078125 0.13125 0.00625 0.0296875
2 0.378125 0.4203125 0.0203125 0.153125
2 0.078125 0.16875 0.0125 0.0640625
2 0.10625 0.1875 0.0109375 0.0640625
2 0.2953125 0.2625 0.0078125 0.0375
2 0.3671875 0.121875 0.0046875 0.028125
2 0.2390625 0.15 0.00625 0.03125
2 0.440625 0.128125 0.00625 0.0234375
2 0.01875 0.1796875 0.0125 0.0609375
2 0.0984375 0.1734375 0.0109375 0.0609375
2 0.20625 0.2515625 0.00625 0.028125
2 0.3453125 0.11875 0.0046875 0.0296875
2 0.4125 0.384375 0.0140625 0.10625
2 0.875 0.4515625 0.01875 0.065625
2 0.1578125 0.2703125 0.0078125 0.071875
2 0.3421875 0.3765625 0.01875 0.078125
2 0.4125 0.3515625 0.0125 0.0421875
2 0.4765625 0.1484375 0.00625 0.021875
2 0.046875 0.121875 0.009375 0.0640625
2 0.159375 0.2546875 0.00625 0.0375
2 0.090625 0.1890625 0.0109375 0.0578125
2 0.159375 0.240625 0.009375 0.0578125
2 0.3546875 0.1234375 0.009375 0.0265625
2 0.29375 0.1265625 0.0078125 0.0265625
2 0.428125 0.384375 0.0109375 0.0546875
2 0.45 0.1234375 0.00625 0.021875
2 0.6203125 0.13125 0.00625 0.0296875
2 0.4453125 0.359375 0.009375 0.021875
2 0.259375 0.128125 0.0046875 0.028125
2 0.5640625 0.403125 0.009375 0.01875
2 0.396875 0.125 0.003125 0.025
2 0.446875 0.3734375 0.0125 0.0484375
2 0.2921875 0.1265625 0.00625 0.0234375
2 0.1140625 0.16875 0.0078125 0.046875
2 0.51875 0.6453125 0.034375 0.284375
2 0.434375 0.1125 0.0046875 0.0234375
2 0.578125 0.13125 0.00625 0.0359375
2 0.284375 0.13125 0.00625 0.015625
2 0.38125 0.09375 0.0046875 0.0171875
2 0.4234375 0.1125 0.00625 0.01875
2 0.490625 0.159375 0.00625 0.034375
2 0.446875 0.1265625 0.00625 0.0171875
2 0.0046875 0.3703125 0.009375 0.0375
2 0.4328125 0.378125 0.01875 0.06875
2 0.1984375 0.20625 0.00625 0.028125
2 0.3578125 0.1234375 0.00625 0.025
2 0.3 0.259375 0.00625 0.03125
2 0.4953125 0.1609375 0.0046875 0.0359375
2 0.4859375 0.121875 0.0078125 0.028125
2 0.046875 0.1375 0.0078125 0.0328125
2 0.6109375 0.13125 0.0046875 0.0296875
2 0.6265625 0.13125 0.0046875 0.0296875
2 0.525 0.5734375 0.040625 0.1421875
2 0.296875 0.1265625 0.00625 0.025