2 0.2734375 0.575 0.0375 0.1828125
2 0.971875 0.7765625 0.0546875 0.1640625
2 0.35 0.43125 0.034375 0.15625
2 0.7234375 0.85625 0.0875 0.2859375
2 0.496875 0.846875 0.0640625 0.3046875
2 0.403125 0.746875 0.0609375 0.290625
2 0.3234375 0.4265625 0.03125 0.1671875
2 0.5671875 0.8546875 0.059375 0.2875
2 0.371875 0.3125 0.025 0.1046875
2 0.5171875 0.715625 0.0546875 0.2671875
2 0.2890625 0.30625 0.0296875 0.109375
2 0.59375 0.696875 0.059375 0.2484375
2 0.4765625 0.15625 0.009375 0.04375
2 0.3140625 0.2859375 0.015625 0.0453125
2 0.5234375 0.4921875 0.0484375 0.1125
2 0.396875 0.3796875 0.04375 0.09375
2 0.875 0.4515625 0.015625 0.065625
2 0.446875 0.75 0.0515625 0.2984375
2 0.09375 0.24375 0.015625 0.090625
2 0.428125 0.159375 0.009375 0.028125
2 0.465625 0.7203125 0.0484375 0.2953125
2 0.9203125 0.775 0.0203125 0.053125
2 0.578125 0.6421875 0.028125 0.1421875
2 0.0140625 0.21875 0.0140625 0.0796875
2 0.7 0.125 0.0078125 0.0265625
2 0.665625 0.7078125 0.0484375 0.246875
2 0.6421875 0.68125 0.0421875 0.2296875
2 0.2078125 0.2515625 0.0078125 0.0296875
2 0.0703125 0.1984375 0.015625 0.0625
2 0.0625 0.1640625 0.0125 0.0578125
2 0.41875 0.1640625 0.00625 0.0265625
2 0.4078125 0.35625 0.0234375 0.0484375
2 0.10625 0.18125 0.0125 0.05625
2 0.775 0.1453125 0.0078125 0.0234375
2 0.315625 0.3109375 0.0171875 0.09375
2 0.690625 0.596875 0.025 0.090625
2 0.078125 0.178125 0.009375 0.0546875
2 0.8859375 0.15625 0.00625 0.025
2 0.490625 0.15625 0.0078125 0.0328125
2 0.34375 0.1265625 0.0078125 0.0234375
2 0.3453125 0.3703125 0.015625 0.0390625
2 0.146875 0.2640625 0.0234375 0.21875
2 0.8234375 0.5671875 0.0234375 0.0625
2 0.4234375 0.759375 0.021875 0.2046875
2 0.1640625 0.2078125 0.0078125 0.0390625
2 0.9359375 0.1609375 0.00625 0.0265625
2 0.8671875 0.1640625 0.0046875 0.0140625
2 0.25 0.24375 0.0171875 0.0671875
2 0.39375 0.115625 0.0046875 0.021875
2 0.0296875 0.18125 0.0125 0.0640625
2 0.6734375 0.128125 0.00625 0.0296875
2 0.68125 0.1296875 0.00625 0.0359375
2 0.0875 0.1390625 0.0109375 0.04375
2 0.378125 0.29375 0.0140625 0.0640625
2 0.76875 0.1421875 0.00625 0.03125
2 0.0140625 0.15 0.0109375 0.0546875
2 0.684375 0.55625 0.0375 0.1640625
2 0.075 0.140625 0.009375 0.0453125
2 0.0953125 0.16875 0.009375 0.0359375
2 0.925 0.0796875 0.0109375 0.0265625
2 0.528125 0.4015625 0.0234375 0.0421875
2 0.5734375 0.1375 0.0078125 0.0234375
2 0.2890625 0.13125 0.0046875 0.015625
2 0.2625 0.28125 0.0234375 0.0609375
2 0.296875 0.2625 0.0109375 0.03125
2 0.6140625 0.103125 0.0046875 0.0265625
2 0.45 0.1109375 0.00625 0.01875
2 0.640625 0.1359375 0.0078125 0.028125
2 0.0390625 0.140625 0.0109375 0.0421875
2 0.81875 0.56875 0.0125 0.0578125
2 0.3375 0.128125 0.00625 0.01875
2 0.415625 0.184375 0.015625 0.065625
2 0.13125 0.190625 0.009375 0.04375
2 0.4328125 0.1296875 0.00625 0.0234375
2 0.4375 0.128125 0.009375 0.0265625
2 0.671875 0.1234375 0.00625 0.0328125
2 0.00625 0.3578125 0.0109375 0.0328125
2 0.8515625 0.1421875 0.00625 0.0296875
2 0.671875 0.5234375 0.05 0.1328125
2 0.684375 0.684375 0.040625 0.2140625