2 0.371875 0.5828125 0.0421875 0.2125
2 0.2390625 0.88125 0.078125 0.2359375
2 0.4203125 0.50625 0.0359375 0.1671875
2 0.053125 0.8578125 0.0859375 0.28125
2 0.4828125 0.521875 0.034375 0.15625
2 0.4515625 0.7515625 0.0609375 0.1375
2 0.178125 0.8484375 0.0484375 0.3015625
2 0.1125 0.7984375 0.0421875 0.271875
2 0.496875 0.4515625 0.034375 0.1484375
2 0.140625 0.8546875 0.0671875 0.2875
2 0.60625 0.503125 0.0375 0.146875
2 0.26875 0.3390625 0.00625 0.0640625
2 0.634375 0.875 0.06875 0.2375
2 0.21875 0.3609375 0.0109375 0.0578125
2 0.571875 0.8609375 0.075 0.246875
2 0.521875 0.559375 0.0328125 0.159375
2 0.740625 0.5359375 0.0375 0.14375
2 0.68125 0.475 0.0296875 0.1515625
2 0.6484375 0.5171875 0.0265625 0.153125
2 0.5890625 0.41875 0.0203125 0.1015625
2 0.6296875 0.5328125 0.0390625 0.1140625
2 0.0625 0.61875 0.025 0.0328125
2 0.0140625 0.88125 0.028125 0.2328125
2 0.05625 0.6578125 0.0375 0.1109375
2 0.8578125 0.46875 0.028125 0.1421875
2 0.09375 0.6078125 0.0359375 0.1484375
2 0.2765625 0.4796875 0.04375 0.0546875
2 0.553125 0.534375 0.040625 0.1359375
2 0.5609375 0.45625 0.0359375 0.1015625
2 0.646875 0.4375 0.0328125 0.0671875
2 0.5109375 0.278125 0.0078125 0.046875
2 0.803125 0.728125 0.0375 0.11875
2 0.6765625 0.39375 0.025 0.06875
2 0.728125 0.440625 0.0296875 0.1125
2 0.54375 0.95625 0.0609375 0.0859375
2 0.1796875 0.4109375 0.009375 0.01875
2 0.7296875 0.3734375 0.021875 0.078125
2 0.0875 0.2890625 0.0125 0.053125
2 0.6984375 0.2 0.0109375 0.028125
2 0.0671875 0.675 0.0515625 0.14375
2 0.81875 0.471875 0.025 0.1703125
2 0.8421875 0.4515625 0.0171875 0.1171875
2 0.60625 0.3859375 0.0140625 0.05625
2 0.796875 0.359375 0.0234375 0.1046875
2 0.75625 0.3765625 0.01875 0.0859375
2 0.6 0.7421875 0.0796875 0.1015625
2 0.784375 0.5328125 0.0265625 0.0859375
2 0.578125 0.2046875 0.009375 0.05625
2 0.884375 0.4984375 0.021875 0.171875
2 0.784375 0.340625 0.0140625 0.0640625
2 0.628125 0.340625 0.015625 0.0546875
2 0.1078125 0.5671875 0.0609375 0.0671875
2 0.5640625 0.4078125 0.0171875 0.04375
2 0.834375 0.2953125 0.015625 0.0421875
2 0.703125 0.4 0.0203125 0.115625
2 0.603125 0.365625 0.0203125 0.09375
2 0.896875 0.85625 0.065625 0.2828125
2 0.6328125 0.7296875 0.0203125 0.071875
2 0.7171875 0.375 0.015625 0.0828125
2 0.7359375 0.2890625 0.0171875 0.0625
2 0.5328125 0.475 0.0265625 0.0671875
2 0.5328125 0.521875 0.0265625 0.1609375
2 0.7421875 0.3671875 0.0171875 0.1015625
2 0.75 0.453125 0.009375 0.0265625
2 0.084375 0.553125 0.0171875 0.04375
2 0.8484375 0.2921875 0.0140625 0.05
2 0.6296875 0.621875 0.0390625 0.2890625
2 0.671875 0.3078125 0.01875 0.04375
2 0.8625 0.2921875 0.015625 0.0359375
2 0.765625 0.475 0.0171875 0.071875
2 0.8 0.484375 0.025 0.165625
2 0.809375 0.3109375 0.01875 0.0625
2 0.68125 0.3453125 0.0171875 0.0546875
2 0.628125 0.3640625 0.0171875 0.103125
2 0.659375 0.4234375 0.0171875 0.096875
2 0.6234375 0.740625 0.0390625 0.09375
2 0.7625 0.284375 0.0109375 0.040625
2 0.703125 0.30625 0.015625 0.040625
2 0.4515625 0.2546875 0.0109375 0.0453125
2 0.7515625 0.2875 0.0125 0.05625
2 0.3640625 0.4859375 0.0140625 0.0546875
2 0.6453125 0.4015625 0.0125 0.0484375
2 0.434375 0.4375 0.0125 0.04375
2 0.8109375 0.2234375 0.0109375 0.0578125
2 0.75625 0.321875 0.015625 0.046875
2 0.88125 0.4234375 0.015625 0.05625
2 0.865625 0.2890625 0.009375 0.025
2 0.575 0.7390625 0.03125 0.0921875
2 0.4359375 0.45625 0.015625 0.078125
2 0.5875 0.7625 0.0375 0.06875
2 0.78125 0.4515625 0.021875 0.1140625
2 0.0203125 0.55625 0.0109375 0.028125
2 0.71875 0.3171875 0.0125 0.0453125
2 0.7890625 0.23125 0.0109375 0.0421875
2 0.7109375 0.3296875 0.0140625 0.0484375
2 0.590625 0.340625 0.009375 0.0453125
2 0.7625 0.3734375 0.0140625 0.0859375
2 0.690625 0.2953125 0.0140625 0.05625
2 0.290625 0.478125 0.0171875 0.053125
2 0.10625 0.6546875 0.059375 0.2421875
2 0.0421875 0.7625 0.0390625 0.096875
2 0.8171875 0.30625 0.0109375 0.0578125
2 0.1171875 0.596875 0.0390625 0.109375
2 0.653125 0.34375 0.0140625 0.0765625
2 0.2140625 0.2 0.0125 0.0640625
2 0.6953125 0.35625 0.0125 0.08125
2 0.25625 0.3359375 0.00625 0.0484375
2 0.4875 0.2640625 0.00625 0.0375
2 0.146875 0.3765625 0.0140625 0.05
2 0.3328125 0.228125 0.00625 0.0421875