2 0.3 0.3234375 0.146875 0.5453125
2 0.190625 0.2984375 0.1203125 0.59375
2 0.4484375 0.334375 0.109375 0.5671875
2 0.6078125 0.125 0.084375 0.25
2 0.2421875 0.053125 0.034375 0.10625
2 0.125 0.0640625 0.03125 0.128125
2 0.96875 0.56875 0.0609375 0.2328125
2 0.159375 0.065625 0.1 0.13125
2 0.234375 0.03125 0.0171875 0.0609375
2 0.221875 0.03125 0.040625 0.0625
2 0.746875 0.0078125 0.04375 0.015625
2 0.2 0.0328125 0.084375 0.0640625
2 0.2078125 0.053125 0.103125 0.10625
2 0.328125 0.040625 0.0359375 0.0421875
2 0.1828125 0.01875 0.053125 0.0375
2 0.471875 0.3734375 0.071875 0.26875
2 0.646875 0.0171875 0.0109375 0.0328125
2 0.7328125 0.003125 0.0171875 0.00625
2 0.1703125 0.01875 0.021875 0.0375
2 0.453125 0.084375 0.1015625 0.1671875