2 0.60625 0.871875 0.078125 0.25625
2 0.2375 0.4921875 0.053125 0.178125
2 0.7703125 0.7390625 0.0703125 0.30625
2 0.528125 0.76875 0.0390625 0.2703125
2 0.8625 0.959375 0.0421875 0.0796875
2 0.71875 0.7046875 0.059375 0.2703125
2 0.7109375 0.88125 0.06875 0.2359375
2 0.8703125 0.7140625 0.06875 0.2796875
2 0.928125 0.6640625 0.0421875 0.0984375
2 0.5390625 0.4625 0.0265625 0.15625
2 0.8109375 0.2265625 0.015625 0.0859375
2 0.8625 0.2296875 0.0171875 0.0578125
2 0.2890625 0.54375 0.0328125 0.128125
2 0.4671875 0.4125 0.021875 0.1140625
2 0.928125 0.7234375 0.0421875 0.21875
2 0.403125 0.3296875 0.01875 0.125
2 0.978125 0.9703125 0.0421875 0.05625
2 0.834375 0.5140625 0.028125 0.0421875
2 0.30625 0.3078125 0.01875 0.13125
2 0.65625 0.5546875 0.021875 0.0734375
2 0.2484375 0.3234375 0.0328125 0.1421875
2 0.134375 0.8609375 0.0328125 0.0703125
2 0.4875 0.39375 0.065625 0.1546875
2 0.2140625 0.31875 0.0328125 0.165625
2 0.7125 0.30625 0.0125 0.046875
2 0.14375 0.3109375 0.01875 0.1203125
2 0.125 0.8765625 0.05 0.1046875
2 0.2953125 0.4890625 0.0203125 0.0203125
2 0.3875 0.278125 0.01875 0.09375
2 0.9046875 0.1890625 0.009375 0.0765625
2 0.903125 0.5671875 0.01875 0.0671875
2 0.325 0.3140625 0.0234375 0.1203125
2 0.18125 0.3015625 0.028125 0.1421875
2 0.68125 0.53125 0.0109375 0.0234375
2 0.0875 0.1390625 0.0171875 0.103125
2 0.4890625 0.6078125 0.0671875 0.5859375
2 0.8875 0.0375 0.0234375 0.075
2 0.0953125 0.1390625 0.0328125 0.1515625
2 0.68125 0.54375 0.015625 0.05
2 0.578125 0.4484375 0.00625 0.0234375
2 0.2015625 0.275 0.015625 0.09375
2 0.11875 0.9078125 0.0625 0.1671875
2 0.3359375 0.3 0.015625 0.115625
2 0.2703125 0.3125 0.01875 0.1296875
2 0.796875 0.6625 0.01875 0.078125
2 0.3890625 0.15 0.0109375 0.0328125
2 0.7984375 0.6421875 0.0171875 0.0375
2 0.5875 0.36875 0.0125 0.0421875
2 0.2640625 0.1625 0.015625 0.0609375
2 0.1921875 0.234375 0.015625 0.0484375
2 0.6875 0.2328125 0.0125 0.09375
2 0.35625 0.228125 0.0140625 0.03125
2 0.6578125 0.5359375 0.0203125 0.0328125
2 0.2734375 0.20625 0.0171875 0.065625
2 0.565625 0.875 0.0265625 0.153125
2 0.3703125 0.228125 0.0140625 0.0296875
2 0.1546875 0.2265625 0.0140625 0.04375
2 0.2375 0.2765625 0.015625 0.103125
2 0.2484375 0.2359375 0.0125 0.04375
2 0.815625 0.240625 0.0109375 0.0578125
2 0.290625 0.3140625 0.028125 0.134375
2 0.24375 0.1984375 0.0125 0.0515625
2 0.9125 0.5671875 0.0375 0.06875
2 0.103125 0.1296875 0.01875 0.125
2 0.3171875 0.24375 0.015625 0.0421875
2 0.3609375 0.309375 0.0140625 0.1015625
2 0.7984375 0.2375 0.0109375 0.0578125
2 0.2625 0.2453125 0.015625 0.0640625
2 0.896875 0.603125 0.0296875 0.1390625
2 0.228125 0.2109375 0.0203125 0.0609375
2 0.7078125 0.23125 0.00625 0.0375
2 0.25625 0.2015625 0.015625 0.0484375
2 0.16875 0.2515625 0.0125 0.0765625
2 0.346875 0.2890625 0.015625 0.0875
2 0.8765625 0.2375 0.0125 0.0359375
2 0.8875 0.56875 0.01875 0.071875
2 0.0984375 0.9 0.015625 0.0390625
2 0.89375 0.6328125 0.0234375 0.0890625
2 0.8359375 0.503125 0.0109375 0.0203125
2 0.0078125 0.503125 0.015625 0.1
2 0.15 0.28125 0.0203125 0.1203125
2 0.4234375 0.340625 0.01875 0.13125