2 0.6921875 0.5796875 0.065625 0.3
2 0.6671875 0.9015625 0.0796875 0.196875
2 0.6203125 0.5703125 0.0484375 0.2625
2 0.5109375 0.4546875 0.0390625 0.1703125
2 0.909375 0.878125 0.0640625 0.2421875
2 0.271875 0.4375 0.0484375 0.196875
2 0.584375 0.8328125 0.06875 0.3125
2 0.971875 0.6828125 0.05 0.1453125
2 0.7515625 0.8890625 0.090625 0.221875
2 0.871875 0.7265625 0.0546875 0.26875
2 0.5875 0.6078125 0.059375 0.2453125
2 0.2578125 0.5734375 0.040625 0.0765625
2 0.1484375 0.5328125 0.053125 0.1515625
2 0.3859375 0.5421875 0.04375 0.1421875
2 0.54375 0.8359375 0.0703125 0.2328125
2 0.7765625 0.6984375 0.0609375 0.2921875
2 0.30625 0.3140625 0.03125 0.115625
2 0.2 0.528125 0.046875 0.109375
2 0.4140625 0.578125 0.028125 0.0765625
2 0.75 0.596875 0.0484375 0.2765625
2 0.815625 0.9078125 0.0875 0.1828125
2 0.1546875 0.4234375 0.0359375 0.1546875
2 0.18125 0.840625 0.034375 0.0421875
2 0.65625 0.2703125 0.0125 0.0359375
2 0.3671875 0.59375 0.0359375 0.165625
2 0.134375 0.865625 0.03125 0.0671875
2 0.7953125 0.284375 0.0109375 0.05
2 0.80625 0.2859375 0.0140625 0.0515625
2 0.225 0.471875 0.0453125 0.21875
2 0.0734375 0.240625 0.0203125 0.0671875
2 0.525 0.6421875 0.0484375 0.1671875
2 0.515625 0.7328125 0.034375 0.140625
2 0.715625 0.2796875 0.0125 0.0640625
2 0.29375 0.259375 0.0140625 0.078125
2 0.034375 0.4890625 0.0453125 0.1484375
2 0.1703125 0.315625 0.0265625 0.128125
2 0.25625 0.2875 0.0265625 0.10625
2 0.8359375 0.51875 0.0265625 0.040625
2 0.225 0.1953125 0.015625 0.06875
2 0.1953125 0.325 0.028125 0.146875
2 0.8765625 0.31875 0.0140625 0.0265625
2 0.2421875 0.2265625 0.01875 0.0875
2 0.2765625 0.28125 0.0234375 0.1078125
2 0.2015625 0.1703125 0.0109375 0.059375
2 0.50625 0.8375 0.0203125 0.121875
2 0.51875 0.5703125 0.0359375 0.0828125
2 0.184375 0.2375 0.01875 0.090625
2 0.83125 0.55625 0.034375 0.1140625
2 0.15 0.25 0.015625 0.065625
2 0.9125 0.5671875 0.0359375 0.053125
2 0.425 0.4015625 0.009375 0.0953125
2 0.2734375 0.18125 0.0125 0.046875
2 0.125 0.88125 0.05 0.1015625
2 0.165625 0.2484375 0.0171875 0.06875
2 0.2125 0.1734375 0.0140625 0.0671875
2 0.2125 0.2765625 0.015625 0.05625
2 0.2625 0.2140625 0.01875 0.0828125
2 0.2125 0.3140625 0.0171875 0.128125
2 0.359375 0.5375 0.01875 0.053125
2 0.1265625 0.2578125 0.015625 0.0875
2 0.2265625 0.4 0.046875 0.146875
2 0.8875 0.196875 0.0109375 0.0359375
2 0.2375 0.2921875 0.0171875 0.0515625
2 0.7734375 0.5171875 0.01875 0.0640625
2 0.2 0.2328125 0.0171875 0.0390625
2 0.275 0.3359375 0.0203125 0.0578125
2 0.875 0.2421875 0.0125 0.0375
2 0.9109375 0.603125 0.0390625 0.125
2 0.21875 0.328125 0.025 0.115625
2 0.15 0.315625 0.021875 0.1125
2 0.4171875 0.36875 0.0109375 0.08125
2 0.2375 0.1640625 0.0109375 0.046875
2 0.375 0.509375 0.0203125 0.075
2 0.5796875 0.3796875 0.0125 0.021875
2 0.640625 0.446875 0.0109375 0.0625
2 0.64375 0.278125 0.00625 0.0078125
2 0.234375 0.346875 0.0296875 0.11875
2 0.421875 0.3890625 0.0171875 0.1234375
2 0.9640625 0.7140625 0.0125 0.0265625
2 0.253125 0.184375 0.0109375 0.0421875
2 0.221875 0.159375 0.0109375 0.0375
2 0.2765625 0.2140625 0.009375 0.03125
2 0.965625 0.728125 0.0171875 0.0515625
2 0.815625 0.2984375 0.0078125 0.0265625
2 0.01875 0.4640625 0.015625 0.0859375
2 0.04375 0.4625 0.0265625 0.090625
2 0.140625 0.2671875 0.0125 0.0515625
2 0.51875 0.78125 0.04375 0.2359375
2 0.7125 0.2890625 0.01875 0.0859375
2 0.9 0.6265625 0.0140625 0.08125
2 0.746875 0.2953125 0.00625 0.0453125
2 0.7953125 0.3296875 0.0125 0.140625