2 0.396875 0.7296875 0.0515625 0.2375
2 0.2578125 0.55625 0.0421875 0.1640625
2 0.421875 0.5734375 0.0375 0.1828125
2 0.3390625 0.7203125 0.05625 0.284375
2 0.30625 0.6625 0.0484375 0.25
2 0.665625 0.784375 0.0515625 0.2046875
2 0.271875 0.2921875 0.0140625 0.0703125
2 0.459375 0.3796875 0.025 0.0734375
2 0.578125 0.35 0.0171875 0.0484375
2 0.4984375 0.6234375 0.040625 0.190625
2 0.4734375 0.584375 0.0359375 0.1796875
2 0.534375 0.5421875 0.0421875 0.1578125
2 0.59375 0.53125 0.0359375 0.096875
2 0.575 0.878125 0.0765625 0.2421875
2 0.809375 0.521875 0.046875 0.1015625
2 0.6953125 0.415625 0.021875 0.1171875
2 0.6296875 0.45 0.0296875 0.1421875
2 0.5625 0.6171875 0.0375 0.203125
2 0.21875 0.3375 0.0109375 0.078125
2 0.1171875 0.590625 0.040625 0.1078125
2 0.18125 0.409375 0.009375 0.021875
2 0.55 0.3875 0.0234375 0.0859375
2 0.5796875 0.2109375 0.009375 0.05625
2 0.6 0.446875 0.0296875 0.1171875
2 0.7828125 0.5328125 0.025 0.0828125
2 0.384375 0.5171875 0.0140625 0.09375
2 0.7453125 0.378125 0.021875 0.1078125
2 0.665625 0.371875 0.0203125 0.096875
2 0.571875 0.5046875 0.0375 0.103125
2 0.8625 0.5359375 0.034375 0.1171875
2 0.634375 0.878125 0.0609375 0.240625
2 0.546875 0.465625 0.0296875 0.0875
2 0.690625 0.3671875 0.0234375 0.0984375
2 0.6671875 0.465625 0.03125 0.075
2 0.6484375 0.4171875 0.0203125 0.109375
2 0.565625 0.4515625 0.015625 0.0609375
2 0.0609375 0.61875 0.025 0.03125
2 0.7375 0.359375 0.0171875 0.096875
2 0.5625 0.5578125 0.0375 0.084375
2 0.7125 0.3671875 0.01875 0.096875
2 0.884375 0.4578125 0.0203125 0.0875
2 0.378125 0.5078125 0.025 0.1109375
2 0.609375 0.4203125 0.0203125 0.1078125
2 0.434375 0.4515625 0.0125 0.08125
2 0.8578125 0.45 0.028125 0.0859375
2 0.4171875 0.3296875 0.009375 0.0265625
2 0.615625 0.3390625 0.0109375 0.0515625
2 0.1 0.759375 0.015625 0.0328125
2 0.05625 0.690625 0.0359375 0.1765625
2 0.365625 0.5046875 0.05 0.11875
2 0.88125 0.5078125 0.015625 0.0546875
2 0.4125 0.3265625 0.00625 0.0265625
2 0.709375 0.2671875 0.0125 0.053125
2 0.4734375 0.5140625 0.0265625 0.0625
2 0.0765625 0.6890625 0.0578125 0.1765625
2 0.809375 0.2234375 0.0125 0.0578125
2 0.221875 0.5484375 0.0265625 0.1203125
2 0.4953125 0.4484375 0.0171875 0.0453125
2 0.7359375 0.284375 0.0109375 0.0578125
2 0.084375 0.55625 0.0296875 0.0515625
2 0.625 0.7390625 0.034375 0.0890625
2 0.6203125 0.3859375 0.015625 0.0484375
2 0.209375 0.3140625 0.0046875 0.0328125
2 0.778125 0.31875 0.0140625 0.0375
2 0.765625 0.3703125 0.0140625 0.125
2 0.8625 0.5078125 0.0296875 0.0609375
2 0.7984375 0.7234375 0.0453125 0.121875
2 0.63125 0.734375 0.01875 0.078125
2 0.346875 0.7234375 0.0296875 0.2453125
2 0.359375 0.4546875 0.0359375 0.021875
2 0.6421875 0.2453125 0.00625 0.0375
2 0.7859375 0.35 0.0109375 0.0453125
2 0.2703125 0.3640625 0.009375 0.0140625
2 0.5796875 0.7421875 0.0375 0.09375
2 0.3515625 0.78125 0.0234375 0.13125
2 0.7453125 0.29375 0.0125 0.0484375
2 0.215625 0.203125 0.0109375 0.05625
2 0.371875 0.49375 0.015625 0.0859375
2 0.653125 0.321875 0.0109375 0.0453125
2 0.8015625 0.3515625 0.01875 0.0484375
2 0.209375 0.334375 0.0046875 0.0734375
2 0.8375 0.346875 0.0390625 0.0609375
2 0.278125 0.5 0.0421875 0.1046875
2 0.0875 0.2890625 0.0125 0.0484375
2 0.64375 0.3390625 0.015625 0.05625
2 0.775 0.35 0.0140625 0.04375
2 0.7203125 0.3515625 0.0109375 0.0765625
2 0.0921875 0.6015625 0.025 0.0578125
2 0.8234375 0.29375 0.0171875 0.053125
2 0.88125 0.53125 0.01875 0.103125
2 0.021875 0.55625 0.0109375 0.0265625
2 0.7609375 0.2953125 0.0109375 0.0359375
2 0.81875 0.4265625 0.021875 0.08125
2 0.753125 0.325 0.0125 0.0421875
2 0.0921875 0.21875 0.0078125 0.0265625
2 0.821875 0.475 0.0203125 0.0828125
2 0.5296875 0.1953125 0.0078125 0.025
2 0.5578125 0.378125 0.0109375 0.071875
2 0.446875 0.259375 0.00625 0.0296875
2 0.015625 0.55 0.0125 0.0296875
2 0.0875 0.5796875 0.0359375 0.0984375
2 0.65 0.28125 0.0078125 0.03125
2 0.7046875 0.321875 0.0109375 0.0328125
2 0.8 0.4453125 0.021875 0.0921875
2 0.2046875 0.328125 0.0140625 0.0609375
2 0.84375 0.30625 0.0125 0.0578125
2 0.459375 0.41875 0.0265625 0.1515625
2 0.7875 0.2421875 0.0140625 0.0421875
2 0.090625 0.2828125 0.009375 0.0265625
2 0.6625 0.1953125 0.00625 0.0390625
2 0.25 0.2859375 0.0046875 0.0765625
2 0.7546875 0.4734375 0.021875 0.0671875
2 0.684375 0.3703125 0.0109375 0.09375
2 0.6203125 0.4171875 0.0171875 0.1109375