2 0.5203125 0.38125 0.0234375 0.1234375
2 0.5828125 0.359375 0.0203125 0.1265625
2 0.509375 0.18125 0.0125 0.0609375
2 0.23125 0.271875 0.0265625 0.059375
2 0.4453125 0.41875 0.0296875 0.0890625
2 0.6484375 0.184375 0.0109375 0.053125
2 0.7703125 0.309375 0.021875 0.0984375
2 0.578125 0.14375 0.009375 0.0328125
2 0.7578125 0.2 0.0171875 0.0546875
2 0.75625 0.3 0.0171875 0.0984375
2 0.63125 0.2515625 0.0109375 0.053125
2 0.8484375 0.23125 0.0140625 0.0640625
2 0.6578125 0.275 0.0140625 0.078125
2 0.80625 0.2859375 0.0203125 0.096875
2 0.8109375 0.21875 0.0109375 0.0421875
2 0.8640625 0.2234375 0.0125 0.071875
2 0.2125 0.5046875 0.0390625 0.1046875
2 0.8234375 0.2859375 0.0171875 0.1
2 0.84375 0.5890625 0.0265625 0.2140625
2 0.7640625 0.1359375 0.0078125 0.0265625
2 0.8953125 0.36875 0.04375 0.1640625
2 0.9078125 0.178125 0.0078125 0.0359375
2 0.8671875 0.15625 0.0078125 0.034375
2 0.1921875 0.4359375 0.009375 0.025
2 0.8015625 0.759375 0.0609375 0.2375
2 0.759375 0.1359375 0.00625 0.0234375
2 0.1796875 0.5109375 0.0140625 0.0578125
2 0.896875 0.1765625 0.0078125 0.0375
2 0.815625 0.7171875 0.05 0.1609375
2 0.809375 0.6046875 0.0234375 0.0796875
2 0.74375 0.1234375 0.0046875 0.0140625
2 0.2625 0.4828125 0.0296875 0.040625
2 0.784375 0.8578125 0.05 0.1703125
2 0.6890625 0.2484375 0.0140625 0.0328125
2 0.175 0.4515625 0.0078125 0.021875
2 0.6640625 0.175 0.0125 0.03125
2 0.80625 0.6578125 0.0703125 0.1859375
2 0.2703125 0.4296875 0.009375 0.025
2 0.9328125 0.1453125 0.00625 0.025
2 0.259375 0.440625 0.0078125 0.025
2 0.8390625 0.1453125 0.0078125 0.01875
2 0.76875 0.1390625 0.0046875 0.0171875
2 0.8828125 0.3078125 0.0140625 0.0390625
2 0.3515625 0.3859375 0.00625 0.0203125
2 0.5625 0.2390625 0.009375 0.01875
2 0.7484375 0.8859375 0.1203125 0.2265625
2 0.8578125 0.14375 0.0046875 0.025
2 0.8046875 0.7984375 0.0328125 0.1578125
2 0.68125 0.2515625 0.0078125 0.0265625
2 0.81875 0.6296875 0.04375 0.128125
2 0.7359375 0.146875 0.00625 0.0203125
2 0.7546875 0.203125 0.009375 0.046875
2 0.7625 0.1359375 0.0046875 0.0234375
2 0.80625 0.6484375 0.03125 0.1671875
2 0.8078125 0.259375 0.015625 0.046875