2 0.45 0.3953125 0.0375 0.1671875
2 0.340625 0.415625 0.0328125 0.1734375
2 0.2734375 0.4953125 0.040625 0.1265625
2 0.59375 0.871875 0.0796875 0.253125
2 0.9734375 0.846875 0.0515625 0.3015625
2 0.9421875 0.2375 0.0234375 0.1109375
2 0.7578125 0.6109375 0.0421875 0.16875
2 0.684375 0.565625 0.0625 0.2421875
2 0.5625 0.3921875 0.0296875 0.1609375
2 0.915625 0.9625 0.053125 0.0734375
2 0.625 0.5140625 0.0453125 0.1328125
2 0.940625 0.1484375 0.0125 0.0546875
2 0.209375 0.4453125 0.0140625 0.0515625
2 0.7625 0.1546875 0.0109375 0.053125
2 0.20625 0.2453125 0.0265625 0.1234375
2 0.7671875 0.9640625 0.0328125 0.06875
2 0.715625 0.24375 0.0140625 0.025
2 0.0875 0.228125 0.015625 0.10625
2 0.884375 0.534375 0.0234375 0.0546875
2 0.0734375 0.25 0.0203125 0.1203125
2 0.1265625 0.1484375 0.0171875 0.0734375
2 0.184375 0.2515625 0.0234375 0.1125
2 0.9140625 0.26875 0.009375 0.05
2 0.1578125 0.25 0.0234375 0.128125
2 0.90625 0.24375 0.028125 0.1015625
2 0.11875 0.2234375 0.0296875 0.078125
2 0.09375 0.1203125 0.0125 0.0609375
2 0.85 0.54375 0.040625 0.0734375
2 0.14375 0.246875 0.0171875 0.125
2 0.475 0.084375 0.0046875 0.0375
2 0.9625 0.1546875 0.0234375 0.03125
2 0.496875 0.3578125 0.0234375 0.0765625
2 0.76875 0.1515625 0.0109375 0.0515625
2 0.784375 0.15 0.0140625 0.0515625
2 0.0578125 0.1109375 0.0140625 0.0578125
2 0.915625 0.2125 0.009375 0.040625
2 0.4578125 0.10625 0.00625 0.021875
2 0.0125 0.49375 0.0234375 0.06875
2 0.1203125 0.134375 0.0109375 0.0578125
2 0.04375 0.1046875 0.015625 0.06875
2 0.103125 0.115625 0.0078125 0.034375
2 0.0109375 0.478125 0.01875 0.0359375
2 0.1296875 0.2265625 0.0125 0.0703125
2 0.0234375 0.178125 0.0171875 0.0890625
2 0.38125 0.1 0.0078125 0.0515625
2 0.3296875 0.2953125 0.0125 0.046875
2 0.0796875 0.09375 0.0109375 0.053125
2 0.6734375 0.08125 0.00625 0.01875
2 0.9484375 0.146875 0.028125 0.053125
2 0.053125 0.1640625 0.0140625 0.0359375
2 0.109375 0.0953125 0.009375 0.05625
2 0.70625 0.525 0.046875 0.153125
2 0.1578125 0.1671875 0.0125 0.0390625
2 0.9171875 0.1578125 0.0140625 0.0234375
2 0.0484375 0.203125 0.021875 0.0890625
2 0.7671875 0.140625 0.0078125 0.028125
2 0.4375 0.271875 0.0140625 0.021875
2 0.471875 0.30625 0.0171875 0.0421875
2 0.496875 0.3953125 0.025 0.1515625
2 0.45 0.103125 0.00625 0.01875
2 0.01875 0.096875 0.0234375 0.0984375
2 0.984375 0.775 0.0296875 0.0484375
2 0.6828125 0.4671875 0.0203125 0.0421875
2 0.065625 0.0921875 0.009375 0.040625
2 0.6515625 0.078125 0.0046875 0.021875
2 0.3578125 0.0921875 0.0046875 0.021875
2 0.346875 0.1015625 0.00625 0.025
2 0.590625 0.14375 0.015625 0.034375
2 0.9125 0.5453125 0.015625 0.03125
2 0.865625 0.0953125 0.009375 0.0328125
2 0.625 0.0375 0.00625 0.0265625
2 0.31875 0.2296875 0.0078125 0.0390625
2 0.584375 0.1421875 0.0046875 0.03125
2 0.459375 0.153125 0.0078125 0.0171875
2 0.70625 0.484375 0.01875 0.0671875
2 0.6109375 0.06875 0.003125 0.0171875
2 0.15 0.1625 0.009375 0.0328125
2 0.671875 0.0875 0.00625 0.034375
2 0.128125 0.203125 0.009375 0.021875
2 0.896875 0.5359375 0.0484375 0.05625
2 0.36875 0.0984375 0.00625 0.0359375
2 0.215625 0.453125 0.0265625 0.065625
2 0.915625 0.24375 0.0109375 0.1015625
2 0.90625 0.26875 0.0265625 0.0515625
2 0.359375 0.103125 0.00625 0.04375
2 0.0078125 0.15625 0.0140625 0.0515625