2 0.2046875 0.8234375 0.071875 0.3125
2 0.4453125 0.78125 0.0546875 0.321875
2 0.290625 0.6546875 0.04375 0.2265625
2 0.3265625 0.65625 0.0375 0.209375
2 0.5546875 0.4890625 0.0265625 0.1625
2 0.1953125 0.63125 0.0359375 0.178125
2 0.528125 0.6953125 0.0421875 0.2765625
2 0.4890625 0.53125 0.0375 0.15
2 0.4578125 0.7046875 0.040625 0.2515625
2 0.453125 0.6 0.0484375 0.1359375
2 0.4546875 0.496875 0.0421875 0.140625
2 0.7546875 0.65625 0.03125 0.1859375
2 0.2734375 0.3015625 0.0109375 0.0625
2 0.5 0.7296875 0.053125 0.265625
2 0.7078125 0.5015625 0.0359375 0.1671875
2 0.7203125 0.6328125 0.0421875 0.228125
2 0.5203125 0.4296875 0.0203125 0.0890625
2 0.0609375 0.621875 0.025 0.03125
2 0.6625 0.5171875 0.0328125 0.153125
2 0.671875 0.559375 0.0375 0.1265625
2 0.8578125 0.4734375 0.028125 0.1328125
2 0.8 0.6625 0.046875 0.25
2 0.7171875 0.346875 0.0203125 0.1
2 0.5 0.4453125 0.034375 0.103125
2 0.2140625 0.203125 0.009375 0.05625
2 0.0515625 0.83125 0.053125 0.13125
2 0.634375 0.878125 0.0671875 0.2390625
2 0.7328125 0.534375 0.0421875 0.096875
2 0.0875 0.290625 0.0109375 0.0484375
2 0.571875 0.878125 0.0765625 0.2421875
2 0.078125 0.7015625 0.0609375 0.1953125
2 0.59375 0.7453125 0.06875 0.1015625
2 0.4671875 0.43125 0.025 0.0609375
2 0.64375 0.4078125 0.0140625 0.0984375
2 0.6296875 0.4078125 0.01875 0.096875
2 0.1796875 0.4109375 0.009375 0.021875
2 0.784375 0.534375 0.028125 0.084375
2 0.21875 0.365625 0.0109375 0.0234375
2 0.8828125 0.4984375 0.021875 0.171875
2 0.578125 0.2140625 0.0109375 0.0625
2 0.80625 0.3484375 0.021875 0.065625
2 0.671875 0.3984375 0.01875 0.1046875
2 0.8359375 0.2953125 0.0171875 0.0453125
2 0.8 0.7296875 0.0453125 0.1171875
2 0.875 0.5328125 0.0234375 0.103125
2 0.7921875 0.55625 0.01875 0.0375
2 0.7578125 0.290625 0.015625 0.065625
2 0.5390625 0.4890625 0.021875 0.146875
2 0.73125 0.290625 0.015625 0.078125
2 0.63125 0.7359375 0.01875 0.0796875
2 0.6609375 0.4140625 0.0328125 0.121875
2 0.225 0.596875 0.015625 0.096875
2 0.0890625 0.5875 0.0421875 0.0703125
2 0.5078125 0.5828125 0.0328125 0.078125
2 0.5265625 0.53125 0.0328125 0.0875
2 0.634375 0.3359375 0.0140625 0.0625
2 0.08125 0.571875 0.028125 0.0390625
2 0.7046875 0.4015625 0.028125 0.0890625
2 0.6765625 0.5953125 0.0484375 0.2015625
2 0.696875 0.3703125 0.0140625 0.046875
2 0.746875 0.46875 0.0125 0.053125
2 0.684375 0.35625 0.0140625 0.08125
2 0.696875 0.3984375 0.015625 0.1
2 0.278125 0.2671875 0.0109375 0.0296875
2 0.884375 0.4609375 0.0203125 0.0875
2 0.8171875 0.3109375 0.015625 0.0515625
2 0.0515625 0.7421875 0.028125 0.0828125
2 0.2296875 0.484375 0.0171875 0.0640625
2 0.771875 0.734375 0.021875 0.10625
2 0.81875 0.471875 0.0265625 0.1671875
2 0.0875 0.215625 0.009375 0.040625
2 0.0609375 0.696875 0.0421875 0.18125
2 0.621875 0.340625 0.0109375 0.0578125
2 0.5921875 0.3375 0.0125 0.0453125
2 0.8 0.4828125 0.025 0.1609375
2 0.575 0.7390625 0.03125 0.0890625
2 0.11875 0.2234375 0.0078125 0.028125
2 0.5953125 0.36875 0.01875 0.1046875
2 0.290625 0.4828125 0.015625 0.0484375
2 0.721875 0.2796875 0.009375 0.0421875
2 0.5671875 0.7390625 0.0140625 0.0890625
2 0.6546875 0.31875 0.0125 0.0390625
2 0.2765625 0.48125 0.04375 0.05625
2 0.6234375 0.7421875 0.034375 0.0921875
2 0.8796875 0.4390625 0.015625 0.0828125
2 0.7453125 0.29375 0.0140625 0.0734375
2 0.759375 0.503125 0.0296875 0.128125
2 0.6640625 0.3359375 0.0140625 0.053125
2 0.7796875 0.453125 0.021875 0.1125
2 0.0890625 0.571875 0.0140625 0.028125
2 0.6921875 0.3546875 0.0234375 0.078125
2 0.8359375 0.71875 0.028125 0.1359375
2 0.059375 0.6515625 0.028125 0.0921875
2 0.040625 0.821875 0.0796875 0.2140625
2 0.828125 0.321875 0.015625 0.0578125
2 0.578125 0.2 0.009375 0.0328125
2 0.234375 0.5328125 0.03125 0.159375
2 0.0546875 0.7625 0.046875 0.271875