2 0.071875 0.5125 0.053125 0.253125
2 0.915625 0.471875 0.05 0.221875
2 0.184375 0.409375 0.0390625 0.1703125
2 0.5359375 0.425 0.0390625 0.1859375
2 0.13125 0.9265625 0.1046875 0.1453125
2 0.675 0.3359375 0.021875 0.0890625
2 0.48125 0.3484375 0.0234375 0.1140625
2 0.5546875 0.4234375 0.0234375 0.1625
2 0.0234375 0.28125 0.0078125 0.0484375
2 0.9796875 0.45625 0.0171875 0.09375
2 0.3859375 0.29375 0.03125 0.05625
2 0.840625 0.2859375 0.0125 0.0265625
2 0.0765625 0.2890625 0.009375 0.046875
2 0.0109375 0.4296875 0.0203125 0.1640625
2 0.5484375 0.4203125 0.015625 0.15625
2 0.0859375 0.128125 0.009375 0.0421875
2 0.0109375 0.3703125 0.0203125 0.0453125
2 0.009375 0.2765625 0.0109375 0.0390625
2 0.03125 0.2796875 0.00625 0.0484375
2 0.196875 0.4328125 0.0203125 0.0984375
2 0.66875 0.34375 0.009375 0.0734375
2 0.0046875 0.4296875 0.009375 0.1640625