2 0.6578125 0.640625 0.0390625 0.2
2 0.3609375 0.8265625 0.059375 0.2984375
2 0.7265625 0.6484375 0.03125 0.1859375
2 0.6890625 0.659375 0.034375 0.19375
2 0.7828125 0.6859375 0.040625 0.2125
2 0.790625 0.553125 0.025 0.090625
2 0.7171875 0.5421875 0.0234375 0.0921875
2 0.7609375 0.6609375 0.0359375 0.1921875
2 0.2625 0.83125 0.0609375 0.3015625
2 0.85625 0.5578125 0.034375 0.1453125
2 0.2375 0.646875 0.0328125 0.0796875
2 0.8734375 0.5953125 0.0296875 0.1578125
2 0.9046875 0.4109375 0.0125 0.06875
2 0.7890625 0.4234375 0.0109375 0.0578125
2 0.9453125 0.453125 0.0171875 0.04375
2 0.896875 0.4765625 0.0171875 0.08125
2 0.9453125 0.4078125 0.0078125 0.046875
2 0.35 0.68125 0.03125 0.084375
2 0.809375 0.4171875 0.015625 0.053125
2 0.8890625 0.546875 0.0203125 0.1109375
2 0.8765625 0.4734375 0.01875 0.084375
2 0.9140625 0.478125 0.015625 0.0890625
2 0.7484375 0.4453125 0.0109375 0.046875
2 0.325 0.8765625 0.028125 0.084375
2 0.9359375 0.4015625 0.0078125 0.0390625
2 0.85625 0.3984375 0.0125 0.071875
2 0.8703125 0.4109375 0.015625 0.0640625
2 0.8453125 0.3875 0.0109375 0.0578125
2 0.3375 0.5390625 0.0265625 0.0515625
2 0.2015625 0.7109375 0.009375 0.0296875
2 0.3390625 0.8765625 0.0578125 0.0875
2 0.94375 0.4921875 0.021875 0.121875
2 0.6703125 0.515625 0.0125 0.0515625
2 0.715625 0.45625 0.0203125 0.0703125
2 0.2890625 0.3265625 0.034375 0.178125
2 0.3421875 0.6609375 0.0265625 0.121875
2 0.825 0.390625 0.0078125 0.05
2 0.34375 0.7796875 0.0671875 0.284375
2 0.809375 0.3984375 0.00625 0.0234375
2 0.840625 0.3890625 0.0078125 0.05625
2 0.9203125 0.4109375 0.0078125 0.0375
2 0.95625 0.44375 0.0125 0.0671875
2 0.8953125 0.4015625 0.009375 0.0375
2 0.9421875 0.4515625 0.009375 0.0390625
2 0.8640625 0.40625 0.0078125 0.05625
2 0.79375 0.4265625 0.021875 0.059375
2 0.921875 0.2703125 0.0078125 0.0375
2 0.8640625 0.5484375 0.0203125 0.1234375
2 0.940625 0.6390625 0.03125 0.0734375
2 0.978125 0.4765625 0.0140625 0.0609375