2 0.9171875 0.48125 0.046875 0.2078125
2 0.309375 0.81875 0.13125 0.3609375
2 0.653125 0.3453125 0.0234375 0.1015625
2 0.678125 0.3390625 0.01875 0.08125
2 0.221875 0.828125 0.1390625 0.340625
2 0.4828125 0.35 0.021875 0.115625
2 0.0234375 0.2796875 0.009375 0.04375
2 0.0765625 0.2921875 0.009375 0.0484375
2 0.9796875 0.45625 0.015625 0.09375
2 0.0859375 0.128125 0.0109375 0.0421875
2 0.840625 0.2875 0.0125 0.028125
2 0.009375 0.278125 0.009375 0.040625
2 0.03125 0.28125 0.00625 0.046875
2 0.0875 0.3015625 0.0078125 0.04375
2 0.6625 0.3421875 0.0109375 0.0859375
2 0.075 0.13125 0.0140625 0.04375
2 0.4890625 0.321875 0.03125 0.0578125
2 0.1078125 0.3015625 0.0046875 0.0171875
2 0.0109375 0.271875 0.00625 0.0328125
2 0.10625 0.3078125 0.00625 0.03125