2 0.3890625 0.6359375 0.034375 0.1890625
2 0.4859375 0.61875 0.0484375 0.2015625
2 0.546875 0.6359375 0.0375 0.1640625
2 0.61875 0.6265625 0.040625 0.184375
2 0.659375 0.76875 0.0640625 0.26875
2 0.4421875 0.2328125 0.009375 0.0265625
2 0.85 0.5421875 0.025 0.1515625
2 0.896875 0.5171875 0.028125 0.1359375
2 0.5953125 0.4078125 0.03125 0.103125
2 0.86875 0.571875 0.0359375 0.1625
2 0.759375 0.359375 0.0171875 0.078125
2 0.8625 0.371875 0.021875 0.103125
2 0.825 0.40625 0.0125 0.0640625
2 0.7765625 0.3609375 0.0140625 0.0734375
2 0.7953125 0.39375 0.0171875 0.0921875
2 0.8421875 0.3578125 0.015625 0.0796875
2 0.8078125 0.403125 0.015625 0.071875
2 0.6109375 0.2609375 0.0140625 0.021875
2 0.8234375 0.3671875 0.0203125 0.0984375
2 0.8734375 0.403125 0.0078125 0.0421875
2 0.890625 0.3796875 0.021875 0.084375
2 0.584375 0.45 0.0140625 0.0203125
2 0.796875 0.30625 0.0109375 0.0671875
2 0.8515625 0.2734375 0.009375 0.0515625
2 0.959375 0.33125 0.015625 0.0375
2 0.890625 0.2734375 0.009375 0.046875
2 0.8015625 0.2640625 0.0109375 0.01875
2 0.75 0.296875 0.009375 0.028125
2 0.803125 0.2765625 0.0125 0.04375
2 0.740625 0.315625 0.0078125 0.025
2 0.909375 0.3828125 0.01875 0.090625
2 0.878125 0.2734375 0.009375 0.046875
2 0.90625 0.2796875 0.009375 0.03125
2 0.721875 0.3390625 0.0109375 0.0359375
2 0.865625 0.2734375 0.0109375 0.053125
2 0.9828125 0.39375 0.0140625 0.08125
2 0.6078125 0.4296875 0.0203125 0.08125
2 0.9125 0.3765625 0.0109375 0.0734375
2 0.06875 0.2265625 0.015625 0.028125
2 0.9234375 0.2875 0.009375 0.0390625
2 0.821875 0.290625 0.00625 0.0265625
2 0.7390625 0.340625 0.00625 0.0265625
2 0.7328125 0.359375 0.0296875 0.0671875
2 0.740625 0.3609375 0.015625 0.0625
2 0.74375 0.315625 0.015625 0.0265625
2 0.6234375 0.2359375 0.0046875 0.0171875
2 0.796875 0.290625 0.0078125 0.0375
2 0.9171875 0.26875 0.0109375 0.0515625
2 0.5890625 0.4515625 0.0234375 0.0234375
2 0.94375 0.296875 0.0125 0.059375
2 0.740625 0.328125 0.009375 0.05