2 0.6140625 0.7359375 0.059375 0.275
2 0.2859375 0.553125 0.046875 0.228125
2 0.371875 0.5625 0.034375 0.1859375
2 0.5203125 0.715625 0.059375 0.2984375
2 0.8984375 0.4375 0.0375 0.1390625
2 0.3296875 0.5390625 0.0390625 0.1828125
2 0.2375 0.5640625 0.0375 0.2015625
2 0.65625 0.7359375 0.0453125 0.25625
2 0.8578125 0.43125 0.03125 0.1375
2 0.6953125 0.2203125 0.0109375 0.0578125
2 0.946875 0.7703125 0.05 0.15625
2 0.375 0.3171875 0.01875 0.1046875
2 0.5296875 0.4953125 0.0296875 0.1
2 0.609375 0.5484375 0.05 0.1875
2 0.7375 0.76875 0.04375 0.25
2 0.459375 0.7203125 0.0546875 0.2953125
2 0.6953125 0.7734375 0.0390625 0.2265625
2 0.9171875 0.1578125 0.0078125 0.028125
2 0.2390625 0.4234375 0.0328125 0.10625
2 0.7703125 0.29375 0.0125 0.05625
2 0.396875 0.38125 0.0390625 0.0890625
2 0.421875 0.528125 0.0203125 0.1890625
2 0.45625 0.509375 0.0296875 0.1328125
2 0.0125 0.225 0.0171875 0.0671875
2 0.4796875 0.1515625 0.0078125 0.040625
2 0.271875 0.20625 0.0078125 0.0421875
2 0.325 0.2875 0.0171875 0.0609375
2 0.215625 0.421875 0.03125 0.1
2 0.115625 0.225 0.0140625 0.0765625
2 0.046875 0.2484375 0.01875 0.0375
2 0.8734375 0.434375 0.0234375 0.0984375
2 0.446875 0.1640625 0.009375 0.0390625
2 0.096875 0.225 0.015625 0.0734375
2 0.1390625 0.35625 0.0125 0.0265625
2 0.5 0.6359375 0.0375 0.203125
2 0.4453125 0.5984375 0.0375 0.16875
2 0.8765625 0.4515625 0.0171875 0.065625
2 0.290625 0.2 0.0078125 0.03125
2 0.1390625 0.25 0.0171875 0.0890625
2 0.065625 0.2109375 0.01875 0.0375
2 0.015625 0.3546875 0.0140625 0.025
2 0.4375 0.546875 0.0421875 0.2203125
2 0.4921875 0.1609375 0.0078125 0.0359375
2 0.865625 0.1546875 0.009375 0.0328125
2 0.453125 0.1703125 0.00625 0.03125
2 0.90625 0.7921875 0.0203125 0.0546875
2 0.3515625 0.159375 0.00625 0.0265625
2 0.3953125 0.121875 0.00625 0.0296875
2 0.4046875 0.35625 0.0234375 0.0390625
2 0.346875 0.1234375 0.009375 0.0265625
2 0.3578125 0.1609375 0.00625 0.0265625
2 0.171875 0.23125 0.015625 0.0828125
2 0.9875 0.86875 0.0234375 0.034375
2 0.128125 0.3515625 0.0109375 0.01875
2 0.1625 0.253125 0.0109375 0.0875
2 0.0453125 0.290625 0.0234375 0.1234375
2 0.3890625 0.1234375 0.00625 0.025
2 0.0328125 0.1859375 0.0171875 0.065625
2 0.4 0.3515625 0.0109375 0.0296875
2 0.2484375 0.2421875 0.0140625 0.0671875
2 0.08125 0.1875 0.0109375 0.0546875
2 0.321875 0.19375 0.009375 0.0140625
2 0.759375 0.1390625 0.00625 0.0328125
2 0.21875 0.2546875 0.009375 0.0375
2 0.0875 0.184375 0.009375 0.0546875
2 0.21875 0.29375 0.028125 0.1015625
2 0.20625 0.2515625 0.00625 0.028125
2 0.4375 0.1265625 0.0046875 0.0234375
2 0.465625 0.1359375 0.0046875 0.0328125
2 0.0375 0.3484375 0.0109375 0.015625
2 0.3234375 0.309375 0.021875 0.103125
2 0.465625 0.15625 0.00625 0.0421875
2 0.2625 0.28125 0.025 0.0609375
2 0.0609375 0.1765625 0.0140625 0.05625
2 0.8515625 0.1421875 0.00625 0.03125
2 0.2984375 0.2015625 0.0078125 0.0234375
2 0.0609375 0.1453125 0.0109375 0.03125
2 0.465625 0.1265625 0.0046875 0.01875
2 0.103125 0.16875 0.0125 0.0359375
2 0.0453125 0.18125 0.0125 0.0625
2 0.3140625 0.253125 0.009375 0.0125
2 0.29375 0.2265625 0.0140625 0.084375
2 0.36875 0.1203125 0.0046875 0.025
2 0.9234375 0.0796875 0.0125 0.0296875
2 0.5265625 0.4015625 0.0234375 0.0421875
2 0.053125 0.1828125 0.009375 0.05625
2 0.0453125 0.13125 0.0109375 0.040625
2 0.296875 0.1296875 0.0046875 0.01875
2 0.35 0.1234375 0.00625 0.0234375
2 0.1875 0.0609375 0.00625 0.0390625
2 0.45 0.16875 0.00625 0.034375
2 0.296875 0.259375 0.00625 0.0265625
2 0.871875 0.1453125 0.0078125 0.0234375
2 0.44375 0.3875 0.0234375 0.06875
2 0.284375 0.121875 0.0078125 0.0328125
2 0.0109375 0.3625 0.021875 0.0421875
2 0.678125 0.5859375 0.0265625 0.1234375
2 0.065625 0.2296875 0.01875 0.0765625
2 0.3078125 0.278125 0.025 0.065625
2 0.44375 0.1640625 0.0046875 0.0359375
2 0.3484375 0.2875 0.009375 0.071875
2 0.4953125 0.159375 0.0046875 0.0328125
2 0.00625 0.353125 0.0109375 0.0296875
2 0.7734375 0.284375 0.0078125 0.046875