2 0.221875 0.6921875 0.0375 0.2234375
2 0.1375 0.9140625 0.065625 0.16875
2 0.41875 0.85 0.05625 0.2953125
2 0.3515625 0.65625 0.0515625 0.20625
2 0.375 0.5671875 0.040625 0.178125
2 0.2984375 0.6734375 0.0390625 0.221875
2 0.725 0.8734375 0.0734375 0.2515625
2 0.3296875 0.5203125 0.028125 0.1390625
2 0.703125 0.6734375 0.040625 0.2484375
2 0.4671875 0.675 0.0515625 0.1421875
2 0.0671875 0.771875 0.0640625 0.2625
2 0.3296875 0.8015625 0.0625 0.2015625
2 0.06875 0.9203125 0.078125 0.15625
2 0.3484375 0.9109375 0.06875 0.1765625
2 0.5421875 0.5203125 0.0390625 0.178125
2 0.1046875 0.615625 0.0421875 0.1171875
2 0.615625 0.5125 0.0328125 0.14375
2 0.4765625 0.8375 0.0671875 0.3234375
2 0.6828125 0.925 0.0453125 0.1484375
2 0.090625 0.34375 0.0078125 0.0609375
2 0.521875 0.4609375 0.028125 0.1484375
2 0.0609375 0.621875 0.0515625 0.18125
2 0.5609375 0.8546875 0.059375 0.2875
2 0.203125 0.365625 0.0125 0.109375
2 0.534375 0.80625 0.0546875 0.2234375
2 0.578125 0.9078125 0.071875 0.1828125
2 0.659375 0.5609375 0.01875 0.0890625
2 0.53125 0.4015625 0.01875 0.05625
2 0.7421875 0.728125 0.0515625 0.103125
2 0.56875 0.4546875 0.0265625 0.14375
2 0.6515625 0.4078125 0.021875 0.1109375
2 0.4875 0.5765625 0.040625 0.053125
2 0.759375 0.571875 0.034375 0.0578125
2 0.884375 0.503125 0.0203125 0.16875
2 0.215625 0.3734375 0.0140625 0.0234375
2 0.6640625 0.471875 0.0265625 0.1265625
2 0.578125 0.2171875 0.0140625 0.071875
2 0.6046875 0.3984375 0.0203125 0.1109375
2 0.825 0.4734375 0.034375 0.1671875
2 0.590625 0.43125 0.028125 0.1265625
2 0.696875 0.4640625 0.0296875 0.153125
2 0.73125 0.4421875 0.028125 0.1375
2 0.6234375 0.41875 0.0265625 0.1
2 0.63125 0.7359375 0.0203125 0.0859375
2 0.55625 0.4296875 0.01875 0.0859375
2 0.0859375 0.575 0.028125 0.04375
2 0.6484375 0.3453125 0.015625 0.0421875
2 0.590625 0.340625 0.0140625 0.0359375
2 0.759375 0.6578125 0.0359375 0.23125
2 0.875 0.5359375 0.0234375 0.10625
2 0.2890625 0.48125 0.015625 0.0484375
2 0.36875 0.6234375 0.01875 0.109375
2 0.6359375 0.4015625 0.0171875 0.109375
2 0.0859375 0.2859375 0.0125 0.0375
2 0.325 0.25625 0.009375 0.03125
2 0.634375 0.884375 0.065625 0.225
2 0.1046875 0.684375 0.0421875 0.253125
2 0.784375 0.5359375 0.03125 0.084375
2 0.70625 0.440625 0.0203125 0.1421875
2 0.7828125 0.4671875 0.0265625 0.0921875
2 0.7734375 0.315625 0.01875 0.0578125
2 0.5875 0.365625 0.015625 0.0421875
2 0.046875 0.840625 0.0453125 0.140625
2 0.8765625 0.4484375 0.01875 0.1
2 0.5421875 0.8875 0.0265625 0.2234375
2 0.8078125 0.471875 0.0296875 0.1671875
2 0.725 0.3515625 0.0140625 0.0484375
2 0.8046875 0.3609375 0.01875 0.046875
2 0.7890625 0.3484375 0.0171875 0.0640625
2 0.675 0.3765625 0.015625 0.0625
2 0.8125 0.3234375 0.015625 0.04375
2 0.8109375 0.2515625 0.0078125 0.0234375
2 0.7390625 0.5421875 0.0171875 0.0953125
2 0.7578125 0.496875 0.0296875 0.15625
2 0.7484375 0.315625 0.0171875 0.0765625
2 0.7515625 0.4328125 0.025 0.1296875
2 0.0421875 0.684375 0.015625 0.0578125
2 0.7421875 0.8015625 0.053125 0.2484375
2 0.23125 0.5765625 0.028125 0.0734375
2 0.68125 0.43125 0.0234375 0.125
2 0.884375 0.4625 0.01875 0.084375
2 0.7125 0.35625 0.021875 0.065625
2 0.1796875 0.4140625 0.0109375 0.021875
2 0.69375 0.3453125 0.015625 0.0609375
2 0.7265625 0.30625 0.0171875 0.0515625
2 0.828125 0.35625 0.0234375 0.05
2 0.615625 0.746875 0.053125 0.1109375
2 0.7546875 0.359375 0.015625 0.05625
2 0.765625 0.359375 0.0140625 0.0453125
2 0.7171875 0.390625 0.015625 0.053125
2 0.7859375 0.5 0.0328125 0.1546875
2 0.7328125 0.5109375 0.015625 0.05
2 0.240625 0.578125 0.0109375 0.071875
2 0.7078125 0.30625 0.0125 0.04375
2 0.7171875 0.421875 0.015625 0.1140625
2 0.2890625 0.5171875 0.0171875 0.11875
2 0.7765625 0.378125 0.025 0.0828125
2 0.1859375 0.3640625 0.0125 0.103125