2 0.2625 0.75 0.0546875 0.2734375
2 0.309375 0.8546875 0.05625 0.2890625
2 0.3453125 0.78125 0.0546875 0.29375
2 0.709375 0.79375 0.0609375 0.2328125
2 0.1515625 0.7578125 0.0671875 0.2640625
2 0.209375 0.690625 0.0515625 0.2265625
2 0.478125 0.5671875 0.0421875 0.2078125
2 0.0734375 0.771875 0.0515625 0.2671875
2 0.09375 0.6140625 0.04375 0.121875
2 0.4546875 0.4609375 0.0203125 0.11875
2 0.20625 0.3609375 0.0203125 0.096875
2 0.51875 0.871875 0.046875 0.25625
2 0.4421875 0.6703125 0.0609375 0.134375
2 0.546875 0.7625 0.0390625 0.1359375
2 0.465625 0.8734375 0.0703125 0.253125
2 0.5921875 0.5328125 0.0390625 0.1015625
2 0.3859375 0.4859375 0.0359375 0.11875
2 0.4078125 0.8625 0.0390625 0.271875
2 0.6015625 0.4140625 0.0234375 0.1140625
2 0.65 0.6640625 0.028125 0.21875
2 0.090625 0.34375 0.0078125 0.0625
2 0.2359375 0.5625 0.0234375 0.103125
2 0.571875 0.8671875 0.075 0.2640625
2 0.634375 0.5359375 0.01875 0.0921875
2 0.5609375 0.4890625 0.0234375 0.13125
2 0.525 0.4515625 0.03125 0.13125
2 0.6390625 0.3703125 0.021875 0.0875
2 0.55625 0.4515625 0.0296875 0.13125
2 0.44375 0.7265625 0.0421875 0.09375
2 0.6328125 0.4625 0.0328125 0.1453125
2 0.5875 0.471875 0.0296875 0.10625
2 0.434375 0.859375 0.0578125 0.278125
2 0.6859375 0.5 0.0359375 0.1546875
2 0.71875 0.50625 0.028125 0.140625
2 0.634375 0.8765625 0.065625 0.24375
2 0.821875 0.534375 0.0375 0.09375
2 0.653125 0.4390625 0.01875 0.1234375
2 0.578125 0.2140625 0.0125 0.0640625
2 0.65 0.5796875 0.0265625 0.0484375
2 0.078125 0.5890625 0.028125 0.096875
2 0.46875 0.9609375 0.0734375 0.0765625
2 0.6703125 0.4703125 0.0265625 0.146875
2 0.79375 0.7296875 0.040625 0.1171875
2 0.459375 0.9609375 0.03125 0.0765625
2 0.8265625 0.45625 0.0296875 0.1296875
2 0.784375 0.33125 0.01875 0.0796875
2 0.59375 0.7484375 0.065625 0.10625
2 0.653125 0.7390625 0.0203125 0.0984375
2 0.728125 0.43125 0.0265625 0.1140625
2 0.759375 0.4984375 0.0296875 0.1515625
2 0.63125 0.7359375 0.01875 0.0796875
2 0.784375 0.5375 0.03125 0.0828125
2 0.6875 0.309375 0.0203125 0.0453125
2 0.590625 0.3546875 0.021875 0.0578125
2 0.0859375 0.29375 0.0125 0.053125
2 0.715625 0.3890625 0.0203125 0.0578125
2 0.7828125 0.4640625 0.025 0.096875
2 0.2140625 0.209375 0.0125 0.06875
2 0.803125 0.365625 0.0203125 0.0875
2 0.325 0.253125 0.0109375 0.03125
2 0.7734375 0.35625 0.0203125 0.0359375
2 0.275 0.48125 0.04375 0.0515625
2 0.6921875 0.3890625 0.01875 0.0640625
2 0.178125 0.4125 0.009375 0.021875
2 0.7578125 0.4203125 0.03125 0.0671875
2 0.2171875 0.36875 0.0125 0.0234375
2 0.0984375 0.346875 0.025 0.071875
2 0.578125 0.2015625 0.009375 0.0390625
2 0.703125 0.4578125 0.0265625 0.1375
2 0.6140625 0.33125 0.0109375 0.0390625
2 0.628125 0.390625 0.01875 0.0609375
2 0.66875 0.35 0.025 0.0609375
2 0.8703125 0.215625 0.015625 0.0375
2 0.64375 0.290625 0.0171875 0.0765625
2 0.725 0.3546875 0.0140625 0.046875
2 0.690625 0.3515625 0.01875 0.05625
2 0.58125 0.4046875 0.021875 0.065625
2 0.071875 0.6234375 0.0390625 0.153125
2 0.7875 0.2359375 0.0140625 0.0359375
2 0.859375 0.4578125 0.0234375 0.0890625
2 0.3734375 0.496875 0.0109375 0.09375
2 0.846875 0.29375 0.0125 0.040625
2 0.8015625 0.475 0.0234375 0.1453125
2 0.7671875 0.325 0.0171875 0.0421875
2 0.85625 0.2890625 0.015625 0.0421875
2 0.359375 0.5171875 0.03125 0.1359375
2 0.2890625 0.4828125 0.015625 0.0515625
2 0.7328125 0.3078125 0.015625 0.071875
2 0.878125 0.4515625 0.0171875 0.1015625
2 0.8203125 0.3546875 0.015625 0.04375
2 0.09375 0.684375 0.04375 0.2609375
2 0.221875 0.5390625 0.0234375 0.0890625
2 0.028125 0.709375 0.0546875 0.146875
2 0.815625 0.4546875 0.0171875 0.13125
2 0.884375 0.4765625 0.01875 0.1109375
2 0.70625 0.371875 0.0140625 0.0375
2 0.675 0.3015625 0.0125 0.05
2 0.7375 0.3578125 0.015625 0.053125
2 0.8234375 0.315625 0.0125 0.0671875
2 0.040625 0.665625 0.0171875 0.096875
2 0.8640625 0.5484375 0.040625 0.11875
2 0.64375 0.7390625 0.040625 0.0984375
2 0.146875 0.3859375 0.0140625 0.0375
2 0.2546875 0.35 0.009375 0.06875
2 0.75 0.38125 0.0171875 0.084375
2 0.2890625 0.5109375 0.0171875 0.10625
2 0.7609375 0.353125 0.0140625 0.0421875
2 0.528125 0.2015625 0.0078125 0.0265625
2 0.853125 0.5359375 0.025 0.075
2 0.6734375 0.390625 0.0265625 0.059375
2 0.7125 0.34375 0.0203125 0.05
2 0.653125 0.878125 0.028125 0.240625