2 0.0828125 0.2234375 0.0390625 0.1609375
2 0.35 0.2046875 0.0375 0.146875
2 0.4375 0.4140625 0.0421875 0.2453125
2 0.478125 0.428125 0.046875 0.2421875
2 0.0234375 0.6234375 0.046875 0.3484375
2 0.5921875 0.2296875 0.025 0.153125
2 0.6375 0.265625 0.0328125 0.196875
2 0.5625 0.45625 0.05625 0.2859375
2 0.5234375 0.475 0.0390625 0.284375
2 0.0359375 0.4625 0.0484375 0.2484375
2 0.0109375 0.0375 0.021875 0.0671875
2 0.125 0.3875 0.0328125 0.0875
2 0.6125 0.2828125 0.0375 0.1765625
2 0.7765625 0.09375 0.0203125 0.0921875
2 0.3625 0.03125 0.0140625 0.0625
2 0.6125 0.03125 0.0125 0.0625
2 0.6796875 0.0515625 0.01875 0.0796875
2 0.825 0.025 0.0125 0.05
2 0.7515625 0.0953125 0.0203125 0.1015625
2 0.575 0.040625 0.0140625 0.0421875
2 0.65 0.0265625 0.0109375 0.053125
2 0.5953125 0.915625 0.0296875 0.165625
2 0.80625 0.0171875 0.0078125 0.034375
2 0.728125 0.0296875 0.0140625 0.0578125
2 0.7140625 0.0296875 0.0109375 0.05625
2 0.659375 0.015625 0.0078125 0.03125
2 0.703125 0.0265625 0.0125 0.053125
2 0.7828125 0.0203125 0.0140625 0.0390625
2 0.8140625 0.0171875 0.0140625 0.0328125
2 0.746875 0.034375 0.015625 0.0640625
2 0.765625 0.0125 0.0078125 0.0234375
2 0.359375 0.0421875 0.0078125 0.0390625
2 0.7546875 0.0109375 0.009375 0.021875
2 0.846875 0.5671875 0.084375 0.3328125
2 0.665625 0.0171875 0.009375 0.0328125
2 0.2921875 0.0046875 0.0171875 0.009375
2 0.7484375 0.6015625 0.1234375 0.3375
2 0.884375 0.86875 0.11875 0.2609375
2 0.771875 0.01875 0.0125 0.0375
2 0.2828125 0.0609375 0.0171875 0.0515625
2 0.0609375 0.1375 0.01875 0.05625
2 0.6890625 0.0140625 0.0078125 0.028125
2 0.7453125 0.071875 0.0109375 0.0609375
2 0.7546875 0.0234375 0.009375 0.046875
2 0.0609375 0.48125 0.028125 0.1140625
2 0.890625 0.0515625 0.015625 0.0921875
2 0.7203125 0.028125 0.009375 0.05625
2 0.140625 0.40625 0.0625 0.1265625
2 0.2875 0.04375 0.0296875 0.0875
2 0.6734375 0.0140625 0.009375 0.028125