2 0.49375 0.7359375 0.0578125 0.2640625
2 0.421875 0.746875 0.059375 0.2609375
2 0.85 0.4953125 0.0203125 0.103125
2 0.7578125 0.5703125 0.0328125 0.15625
2 0.015625 0.890625 0.0296875 0.215625
2 0.78125 0.5765625 0.0203125 0.1484375
2 0.2375 0.64375 0.03125 0.08125
2 0.9140625 0.4859375 0.0203125 0.0921875
2 0.80625 0.484375 0.025 0.1015625
2 0.8546875 0.39375 0.0109375 0.0640625
2 0.7875 0.4875 0.0234375 0.096875
2 0.9453125 0.453125 0.015625 0.0421875
2 0.3375 0.55 0.0484375 0.0703125
2 0.65 0.2640625 0.0171875 0.059375
2 0.7859375 0.446875 0.0171875 0.040625
2 0.8125 0.415625 0.0109375 0.05
2 0.925 0.70625 0.0484375 0.196875
2 0.2515625 0.7046875 0.0609375 0.203125
2 0.9421875 0.49375 0.0203125 0.1234375
2 0.3375 0.5390625 0.0265625 0.046875
2 0.9265625 0.4015625 0.01875 0.059375
2 0.9546875 0.4046875 0.0125 0.090625
2 0.2890625 0.3265625 0.034375 0.178125
2 0.7875 0.4109375 0.0125 0.0515625
2 0.846875 0.39375 0.0109375 0.0671875
2 0.8109375 0.403125 0.009375 0.03125
2 0.5625 0.3953125 0.009375 0.0328125
2 0.9140625 0.734375 0.028125 0.1390625
2 0.978125 0.4734375 0.0140625 0.0625
2 0.8625 0.3921875 0.009375 0.0515625
2 0.9375 0.4078125 0.0140625 0.0515625
2 0.9390625 0.396875 0.0078125 0.0375
2 0.796875 0.4765625 0.015625 0.1109375
2 0.91875 0.4640625 0.0109375 0.0453125
2 0.796875 0.44375 0.015625 0.04375
2 0.921875 0.3875 0.009375 0.028125