2 0.5625 0.878125 0.0625 0.240625
2 0.6734375 0.80625 0.06875 0.2875
2 0.815625 0.803125 0.0546875 0.2390625
2 0.859375 0.6078125 0.0328125 0.1703125
2 0.671875 0.6109375 0.034375 0.175
2 0.74375 0.89375 0.065625 0.2109375
2 0.8234375 0.603125 0.034375 0.16875
2 0.759375 0.7546875 0.046875 0.1796875
2 0.70625 0.6140625 0.034375 0.1890625
2 0.75625 0.54375 0.0265625 0.14375
2 0.7890625 0.4203125 0.0125 0.065625
2 0.734375 0.5265625 0.025 0.1265625
2 0.2375 0.6453125 0.03125 0.078125
2 0.95 0.45625 0.009375 0.0375
2 0.928125 0.409375 0.0125 0.059375
2 0.71875 0.5390625 0.0203125 0.13125
2 0.9390625 0.4546875 0.0125 0.0375
2 0.9375 0.49375 0.015625 0.11875
2 0.3390625 0.55 0.0484375 0.06875
2 0.934375 0.4078125 0.0078125 0.05
2 0.825 0.390625 0.0078125 0.05
2 0.3375 0.5375 0.0265625 0.04375
2 0.9453125 0.3984375 0.0109375 0.0640625
2 0.8078125 0.40625 0.0140625 0.0375
2 0.921875 0.4046875 0.009375 0.0515625
2 0.2890625 0.3265625 0.034375 0.18125
2 0.978125 0.4796875 0.0140625 0.0515625
2 0.9453125 0.4078125 0.0078125 0.04375
2 0.9296875 0.6546875 0.0109375 0.028125
2 0.809375 0.4890625 0.0203125 0.1046875
2 0.6703125 0.5109375 0.0109375 0.0421875
2 0.79375 0.48125 0.0171875 0.1171875
2 0.5625 0.3953125 0.009375 0.0328125
2 0.91875 0.265625 0.009375 0.0453125
2 0.8609375 0.3953125 0.009375 0.028125
2 0.7453125 0.45 0.0125 0.046875
2 0.809375 0.4 0.0078125 0.03125
2 0.8546875 0.396875 0.00625 0.028125
2 0.94375 0.4515625 0.0109375 0.0375
2 0.7171875 0.4984375 0.015625 0.05
2 0.9203125 0.1703125 0.0125 0.0453125
2 0.8796875 0.3890625 0.00625 0.0328125
2 0.8421875 0.378125 0.009375 0.065625
2 0.80625 0.41875 0.0171875 0.0625
2 0.784375 0.41875 0.0078125 0.0625