2 0.2125 0.6390625 0.05625 0.2421875
2 0.78125 0.41875 0.0296875 0.1359375
2 0.5578125 0.453125 0.0328125 0.1625
2 0.35625 0.4890625 0.0359375 0.1296875
2 0.6609375 0.46875 0.028125 0.165625
2 0.6203125 0.45 0.0390625 0.1828125
2 0.5984375 0.4484375 0.028125 0.1640625
2 0.4203125 0.359375 0.0265625 0.10625
2 0.8359375 0.2359375 0.0125 0.0734375
2 0.8828125 0.20625 0.009375 0.046875
2 0.821875 0.2375 0.0140625 0.0671875
2 0.84375 0.5921875 0.0265625 0.221875
2 0.6828125 0.253125 0.009375 0.0234375
2 0.8953125 0.371875 0.0453125 0.16875
2 0.8984375 0.203125 0.0125 0.0515625
2 0.8203125 0.1625 0.00625 0.0359375
2 0.19375 0.434375 0.0078125 0.0234375
2 0.425 0.36875 0.0171875 0.0828125
2 0.8296875 0.1640625 0.00625 0.028125
2 0.8890625 0.165625 0.0078125 0.03125
2 0.88125 0.4140625 0.015625 0.08125
2 0.6484375 0.290625 0.0109375 0.0421875
2 0.809375 0.60625 0.021875 0.08125
2 0.6921875 0.2578125 0.009375 0.05
2 0.9140625 0.51875 0.05625 0.121875
2 0.8484375 0.1609375 0.0078125 0.0328125
2 0.8390625 0.1640625 0.00625 0.0296875
2 0.178125 0.5109375 0.0140625 0.0578125
2 0.16875 0.5140625 0.0109375 0.05625
2 0.6921875 0.246875 0.009375 0.0265625
2 0.93125 0.4796875 0.0203125 0.04375
2 0.875 0.14375 0.00625 0.025
2 0.3140625 0.44375 0.0296875 0.1125
2 0.7578125 0.884375 0.103125 0.2265625
2 0.8453125 0.140625 0.0078125 0.021875
2 0.259375 0.440625 0.0078125 0.025
2 0.9015625 0.1359375 0.0046875 0.025
2 0.9375 0.6796875 0.0109375 0.046875
2 0.2703125 0.4296875 0.009375 0.025
2 0.178125 0.5015625 0.009375 0.0375
2 0.821875 0.6703125 0.0390625 0.103125
2 0.78125 0.115625 0.0078125 0.01875
2 0.815625 0.709375 0.05 0.18125
2 0.540625 0.2703125 0.0078125 0.0515625
2 0.7859375 0.8296875 0.0421875 0.1171875
2 0.6328125 0.2640625 0.0109375 0.021875
2 0.1796875 0.421875 0.009375 0.021875
2 0.1828125 0.5328125 0.0078125 0.0171875
2 0.928125 0.1359375 0.00625 0.0265625
2 0.940625 0.478125 0.040625 0.10625
2 0.8953125 0.140625 0.0046875 0.0234375
2 0.4125 0.3640625 0.0125 0.0890625
2 0.8328125 0.496875 0.0171875 0.1515625
2 0.5859375 0.0953125 0.0046875 0.021875
2 0.884375 0.30625 0.0140625 0.0390625
2 0.80625 0.6515625 0.03125 0.175
2 0.86875 0.140625 0.00625 0.025
2 0.175 0.4515625 0.0078125 0.021875
2 0.640625 0.2828125 0.025 0.0578125
2 0.171875 0.4265625 0.00625 0.021875
2 0.8375 0.1390625 0.0046875 0.0234375
2 0.346875 0.4734375 0.025 0.0984375
2 0.353125 0.45625 0.0328125 0.0640625