2 0.6265625 0.9359375 0.071875 0.1265625
2 0.590625 0.6515625 0.0390625 0.2234375
2 0.4109375 0.3890625 0.0265625 0.096875
2 0.2046875 0.3453125 0.021875 0.0875
2 0.2828125 0.3375 0.0171875 0.0671875
2 0.8609375 0.69375 0.034375 0.1375
2 0.1171875 0.2609375 0.0125 0.05625
2 0.3640625 0.2359375 0.0078125 0.0328125
2 0.371875 0.4109375 0.01875 0.1015625
2 0.390625 0.25 0.009375 0.0296875
2 0.315625 0.3375 0.0140625 0.0515625
2 0.7125 0.4109375 0.0203125 0.096875
2 0.31875 0.240625 0.00625 0.046875
2 0.346875 0.2421875 0.009375 0.0421875
2 0.6125 0.2625 0.01875 0.0234375
2 0.5046875 0.2328125 0.0078125 0.01875
2 0.8640625 0.325 0.0125 0.0640625
2 0.740625 0.4109375 0.025 0.0984375
2 0.178125 0.2515625 0.00625 0.0265625
2 0.771875 0.409375 0.0203125 0.1
2 0.675 0.3953125 0.0109375 0.0625
2 0.41875 0.25 0.0109375 0.0328125
2 0.184375 0.253125 0.0078125 0.028125
2 0.8140625 0.365625 0.0171875 0.08125
2 0.2421875 0.340625 0.00625 0.0375
2 0.38125 0.390625 0.0109375 0.059375
2 0.7 0.3484375 0.015625 0.046875
2 0.084375 0.24375 0.009375 0.028125
2 0.7828125 0.3484375 0.015625 0.078125
2 0.8015625 0.3453125 0.0140625 0.0890625
2 0.284375 0.1953125 0.00625 0.01875
2 0.7953125 0.3640625 0.015625 0.084375
2 0.265625 0.190625 0.00625 0.03125
2 0.271875 0.1984375 0.0046875 0.015625
2 0.9125 0.3828125 0.009375 0.06875
2 0.7390625 0.3421875 0.0078125 0.0265625
2 0.54375 0.23125 0.0046875 0.0171875
2 0.7234375 0.3484375 0.0078125 0.0234375
2 0.490625 0.2328125 0.0046875 0.021875
2 0.5015625 0.240625 0.0125 0.0375
2 0.8625 0.26875 0.0125 0.046875
2 0.90625 0.3859375 0.01875 0.0875
2 0.9453125 0.3109375 0.0109375 0.0671875
2 0.9296875 0.2734375 0.009375 0.0515625
2 0.3046875 0.2125 0.0046875 0.015625
2 0.625 0.0515625 0.0171875 0.0625
2 0.8890625 0.284375 0.0125 0.03125
2 0.6171875 0.2640625 0.0109375 0.01875
2 0.909375 0.2859375 0.0125 0.0265625
2 0.0765625 0.24375 0.0109375 0.0265625
2 0.0453125 0.4703125 0.0140625 0.0140625
2 0.84375 0.28125 0.0109375 0.0515625
2 0.8734375 0.29375 0.0109375 0.0359375
2 0.7390625 0.353125 0.009375 0.0484375
2 0.8859375 0.36875 0.0171875 0.0609375
2 0.2328125 0.340625 0.0234375 0.0375
2 0.7546875 0.3015625 0.0078125 0.028125
2 0.415625 0.25 0.00625 0.03125
2 0.0078125 0.9375 0.015625 0.11875
2 0.26875 0.1890625 0.00625 0.03125
2 0.375 0.3890625 0.021875 0.0625
2 0.2859375 0.1953125 0.0046875 0.0171875
2 0.5 0.23125 0.01875 0.0234375