2 0.8078125 0.6109375 0.0390625 0.15
2 0.959375 0.5765625 0.025 0.1171875
2 0.85 0.6390625 0.053125 0.1546875
2 0.246875 0.3125 0.021875 0.0875
2 0.328125 0.346875 0.0203125 0.0984375
2 0.628125 0.434375 0.0203125 0.1140625
2 0.1296875 0.4109375 0.028125 0.0828125
2 0.375 0.353125 0.0203125 0.0921875
2 0.35625 0.3546875 0.01875 0.0890625
2 0.3953125 0.3140625 0.015625 0.08125
2 0.3578125 0.1953125 0.0078125 0.028125
2 0.7375 0.9765625 0.0453125 0.046875
2 0.2734375 0.253125 0.0125 0.0359375
2 0.065625 0.14375 0.0140625 0.0265625
2 0.4375 0.1375 0.015625 0.0375
2 0.965625 0.15625 0.0171875 0.01875
2 0.084375 0.134375 0.0125 0.04375
2 0.3140625 0.240625 0.0078125 0.03125
2 0.91875 0.1546875 0.0109375 0.0359375
2 0.409375 0.321875 0.015625 0.040625
2 0.6390625 0.4640625 0.009375 0.046875
2 0.55625 0.434375 0.0109375 0.025
2 0.6734375 0.14375 0.0078125 0.0234375
2 0.85625 0.5703125 0.0453125 0.06875
2 0.234375 0.2078125 0.009375 0.05
2 0.215625 0.225 0.015625 0.0515625
2 0.371875 0.29375 0.00625 0.0171875
2 0.31875 0.1078125 0.0046875 0.0203125
2 0.6609375 0.1390625 0.00625 0.034375
2 0.30625 0.2390625 0.009375 0.0515625
2 0.2578125 0.1953125 0.0109375 0.0171875
2 0.88125 0.68125 0.075 0.1109375
2 0.6375 0.21875 0.00625 0.0234375
2 0.765625 0.1296875 0.003125 0.015625
2 0.2265625 0.209375 0.009375 0.0546875
2 0.0875 0.3421875 0.009375 0.0703125
2 0.653125 0.140625 0.00625 0.0265625
2 0.1796875 0.184375 0.009375 0.0390625
2 0.4546875 0.1015625 0.0046875 0.0125
2 0.5421875 0.4359375 0.0109375 0.0265625
2 0.134375 0.165625 0.0078125 0.028125
2 0.159375 0.178125 0.0078125 0.0359375
2 0.396875 0.1234375 0.00625 0.03125
2 0.6625 0.4984375 0.0171875 0.0359375
2 0.45 0.1015625 0.003125 0.0125
2 0.8203125 0.159375 0.0046875 0.0125
2 0.909375 0.3140625 0.0171875 0.0578125
2 0.625 0.1359375 0.00625 0.0328125
2 0.128125 0.153125 0.00625 0.021875
2 0.6078125 0.4875 0.0125 0.0578125
2 0.459375 0.1296875 0.0046875 0.0265625
2 0.16875 0.184375 0.009375 0.0390625
2 0.6421875 0.140625 0.0046875 0.0265625
2 0.2078125 0.1984375 0.0078125 0.0328125
2 0.41875 0.1421875 0.0109375 0.03125
2 0.096875 0.140625 0.009375 0.0453125
2 0.4328125 0.1375 0.0078125 0.0359375
2 0.671875 0.140625 0.0046875 0.0171875
2 0.2078125 0.215625 0.009375 0.0640625
2 0.36875 0.29375 0.0125 0.021875
2 0.4953125 0.1265625 0.0078125 0.01875
2 0.175 0.184375 0.00625 0.0421875
2 0.8890625 0.65625 0.05625 0.0609375
2 0.7796875 0.13125 0.0046875 0.0171875
2 0.2015625 0.19375 0.009375 0.034375
2 0.921875 0.140625 0.0046875 0.0109375
2 0.503125 0.128125 0.0046875 0.0171875
2 0.290625 0.23125 0.00625 0.0140625
2 0.4625 0.3703125 0.009375 0.025
2 0.1015625 0.1421875 0.00625 0.028125
2 0.1515625 0.1765625 0.0078125 0.034375
2 0.6375 0.128125 0.0046875 0.021875
2 0.4796875 0.125 0.003125 0.0140625
2 0.4953125 0.146875 0.0109375 0.0359375
2 0.440625 0.1390625 0.0109375 0.028125
2 0.3875 0.3078125 0.009375 0.0203125
2 0.8109375 0.1609375 0.00625 0.0125
2 0.234375 0.1234375 0.0046875 0.0140625
2 0.5125 0.1515625 0.009375 0.0265625
2 0.371875 0.3 0.009375 0.0328125
2 0.3234375 0.1078125 0.0046875 0.021875
2 0.365625 0.29375 0.0078125 0.01875
2 0.6953125 0.565625 0.0203125 0.084375
2 0.25625 0.2 0.015625 0.0265625
2 0.471875 0.378125 0.00625 0.0234375
2 0.61875 0.1265625 0.0046875 0.01875
2 0.675 0.146875 0.0046875 0.01875
2 0.6171875 0.434375 0.0171875 0.09375
2 0.5640625 0.471875 0.0140625 0.0375
2 0.9921875 0.140625 0.0140625 0.0234375
2 0.63125 0.4640625 0.0265625 0.0484375