2 0.478125 0.61875 0.0390625 0.2265625
2 0.13125 0.4109375 0.028125 0.084375
2 0.496875 0.7921875 0.0625 0.2765625
2 0.809375 0.609375 0.040625 0.1515625
2 0.640625 0.4390625 0.028125 0.115625
2 0.5234375 0.50625 0.0296875 0.15625
2 0.9546875 0.5828125 0.0390625 0.1234375
2 0.85 0.6390625 0.0515625 0.1546875
2 0.565625 0.54375 0.0359375 0.15625
2 0.3984375 0.315625 0.0140625 0.08125
2 0.584375 0.5203125 0.0265625 0.1609375
2 0.8484375 0.5703125 0.025 0.0640625
2 0.66875 0.1578125 0.0078125 0.0296875
2 0.3578125 0.196875 0.0078125 0.0265625
2 0.065625 0.1421875 0.0140625 0.028125
2 0.91875 0.1546875 0.0109375 0.0375
2 0.4375 0.1359375 0.0140625 0.0390625
2 0.88125 0.68125 0.0734375 0.1125
2 0.084375 0.1375 0.0140625 0.0484375
2 0.409375 0.3234375 0.0140625 0.04375
2 0.55625 0.434375 0.0109375 0.025
2 0.9140625 0.3171875 0.028125 0.05625
2 0.240625 0.23125 0.0109375 0.0625
2 0.6609375 0.14375 0.0046875 0.021875
2 0.675 0.1484375 0.0046875 0.0171875
2 0.259375 0.2 0.015625 0.025
2 0.6375 0.2203125 0.00625 0.0234375
2 0.653125 0.14375 0.00625 0.021875
2 0.3265625 0.25625 0.015625 0.0265625
2 0.3015625 0.2359375 0.0109375 0.0515625
2 0.31875 0.1109375 0.00625 0.0203125
2 0.4328125 0.1375 0.0078125 0.0328125
2 0.9671875 0.1546875 0.015625 0.0234375
2 0.60625 0.490625 0.0140625 0.059375
2 0.1578125 0.1859375 0.009375 0.040625
2 0.5125 0.153125 0.009375 0.0265625
2 0.5421875 0.7640625 0.0375 0.1125
2 0.778125 0.1390625 0.00625 0.03125
2 0.765625 0.1296875 0.003125 0.015625
2 0.621875 0.1265625 0.00625 0.021875
2 0.21875 0.234375 0.009375 0.0578125
2 0.371875 0.2984375 0.009375 0.0265625
2 0.225 0.2359375 0.0109375 0.0640625
2 0.4984375 0.1265625 0.0046875 0.0171875
2 0.1703125 0.2203125 0.009375 0.0546875
2 0.384375 0.309375 0.0125 0.021875
2 0.23125 0.23125 0.009375 0.0609375
2 0.0953125 0.1640625 0.0046875 0.0125
2 0.5078125 0.153125 0.0171875 0.0265625
2 0.1328125 0.165625 0.0078125 0.03125
2 0.603125 0.140625 0.0046875 0.0234375
2 0.41875 0.1421875 0.009375 0.03125
2 0.54375 0.434375 0.0078125 0.025
2 0.7515625 0.1375 0.0046875 0.01875
2 0.4640625 0.3734375 0.0109375 0.025
2 0.3234375 0.2546875 0.009375 0.0234375
2 0.1703125 0.159375 0.00625 0.025
2 0.2109375 0.16875 0.0078125 0.03125
2 0.2921875 0.2203125 0.0109375 0.034375
2 0.9046875 0.1484375 0.009375 0.0515625
2 0.1953125 0.196875 0.009375 0.046875
2 0.15 0.1875 0.0078125 0.01875
2 0.1015625 0.1390625 0.0046875 0.021875
2 0.36875 0.2984375 0.00625 0.01875
2 0.5953125 0.125 0.0046875 0.0171875
2 0.440625 0.1421875 0.009375 0.0265625
2 0.9671875 0.1453125 0.003125 0.0171875
2 0.0953125 0.1359375 0.0078125 0.0265625
2 0.4703125 0.125 0.0046875 0.0140625
2 0.59375 0.4921875 0.0125 0.0671875
2 0.3890625 0.203125 0.0046875 0.0171875
2 0.471875 0.378125 0.0078125 0.0265625
2 0.365625 0.29375 0.00625 0.01875
2 0.48125 0.1234375 0.0046875 0.0140625
2 0.090625 0.165625 0.0046875 0.0125
2 0.3078125 0.25 0.009375 0.0328125
2 0.5625 0.4703125 0.015625 0.0359375
2 0.7984375 0.134375 0.0046875 0.0171875
2 0.5046875 0.128125 0.0046875 0.01875
2 0.7546875 0.153125 0.00625 0.0125
2 0.1015625 0.1921875 0.009375 0.0125
2 0.4375 0.121875 0.0046875 0.0125
2 0.503125 0.15625 0.0078125 0.01875
2 0.6703125 0.1515625 0.0046875 0.0171875
2 0.6296875 0.45625 0.0109375 0.0625
2 0.321875 0.109375 0.00625 0.01875
2 0.3296875 0.25625 0.0078125 0.025
2 0.5578125 0.4796875 0.025 0.05625
2 0.60625 0.1265625 0.0046875 0.0140625
2 0.840625 0.64375 0.0359375 0.10625
2 0.84375 0.6109375 0.034375 0.14375