2 0.275 0.5625 0.0390625 0.203125
2 0.603125 0.740625 0.05625 0.253125
2 0.3703125 0.7171875 0.059375 0.3015625
2 0.775 0.6484375 0.0546875 0.1375
2 0.525 0.5765625 0.0375 0.209375
2 0.753125 0.9578125 0.053125 0.08125
2 0.6640625 0.7625 0.046875 0.221875
2 0.8453125 0.9671875 0.0390625 0.0640625
2 0.4859375 0.578125 0.0390625 0.1984375
2 0.440625 0.409375 0.0390625 0.14375
2 0.8609375 0.4171875 0.0375 0.0875
2 0.9515625 0.1515625 0.009375 0.0421875
2 0.3421875 0.4546875 0.0390625 0.1625
2 0.2203125 0.3203125 0.0171875 0.0921875
2 0.1890625 0.3359375 0.0265625 0.1125
2 0.971875 0.1484375 0.009375 0.04375
2 0.9328125 0.8984375 0.08125 0.203125
2 0.16875 0.3046875 0.021875 0.1109375
2 0.0734375 0.21875 0.015625 0.0234375
2 0.1578125 0.328125 0.0203125 0.11875
2 0.3890625 0.3625 0.028125 0.11875
2 0.975 0.8484375 0.0484375 0.2875
2 0.26875 0.3078125 0.025 0.1125
2 0.09375 0.2015625 0.0125 0.0640625
2 0.403125 0.4546875 0.028125 0.153125
2 0.4703125 0.1609375 0.0078125 0.0375
2 0.48125 0.1546875 0.0078125 0.0390625
2 0.25 0.3109375 0.01875 0.0953125
2 0.91875 0.15625 0.0078125 0.0359375
2 0.378125 0.4390625 0.0359375 0.1078125
2 0.540625 0.4359375 0.028125 0.10625
2 0.4109375 0.365625 0.015625 0.0609375
2 0.371875 0.3203125 0.025 0.1109375
2 0.06875 0.1578125 0.009375 0.0484375
2 0.0390625 0.2359375 0.021875 0.0578125
2 0.521875 0.434375 0.034375 0.0765625
2 0.5671875 0.4 0.009375 0.03125
2 0.44375 0.128125 0.0046875 0.0296875
2 0.0734375 0.2484375 0.0171875 0.08125
2 0.0390625 0.1625 0.0125 0.0546875
2 0.925 0.0828125 0.009375 0.0265625
2 0.3703125 0.1234375 0.0046875 0.0234375
2 0.0609375 0.15625 0.009375 0.0484375
2 0.3734375 0.296875 0.021875 0.0625
2 0.55 0.4578125 0.0078125 0.034375
2 0.20625 0.253125 0.0078125 0.028125
2 0.09375 0.1703125 0.0109375 0.0265625
2 0.23125 0.2515625 0.00625 0.021875
2 0.346875 0.290625 0.0140625 0.0671875
2 0.4359375 0.121875 0.0046875 0.028125
2 0.01875 0.234375 0.015625 0.046875
2 0.0484375 0.125 0.009375 0.0375
2 0.853125 0.43125 0.0203125 0.0328125
2 0.2875 0.2859375 0.0140625 0.05
2 0.871875 0.4234375 0.01875 0.078125
2 0.615625 0.1265625 0.0046875 0.034375
2 0.0265625 0.15625 0.0078125 0.0390625
2 0.9125 0.15625 0.00625 0.03125
2 0.896875 0.1515625 0.0046875 0.0203125
2 0.0265625 0.203125 0.0140625 0.059375
2 0.2875 0.1328125 0.0046875 0.0171875
2 0.340625 0.125 0.0046875 0.0296875
2 0.01875 0.16875 0.0109375 0.0609375
2 0.8734375 0.146875 0.0078125 0.0234375
2 0.3859375 0.1265625 0.0078125 0.0234375
2 0.2875 0.3078125 0.015625 0.096875
2 0.4203125 0.3265625 0.00625 0.0203125
2 0.8515625 0.1359375 0.0078125 0.0453125
2 0.240625 0.2609375 0.0046875 0.0234375
2 0.296875 0.28125 0.0125 0.053125
2 0.4953125 0.1625 0.0046875 0.028125
2 0.359375 0.125 0.0046875 0.025
2 0.8828125 0.15 0.0046875 0.021875
2 0.9828125 0.7828125 0.034375 0.1578125
2 0.378125 0.5609375 0.0484375 0.225
2 0.1046875 0.1734375 0.0109375 0.0328125
2 0.0078125 0.2375 0.0125 0.0515625
2 0.0046875 0.1859375 0.009375 0.059375