2 0.359375 0.6484375 0.046875 0.2359375
2 0.3 0.8828125 0.0953125 0.2328125
2 0.2375 0.9015625 0.071875 0.1953125
2 0.2578125 0.6453125 0.046875 0.1828125
2 0.6984375 0.66875 0.05 0.2515625
2 0.465625 0.5203125 0.046875 0.14375
2 0.3078125 0.6390625 0.04375 0.1765625
2 0.2921875 0.75625 0.0515625 0.1671875
2 0.109375 0.5859375 0.034375 0.0640625
2 0.534375 0.4734375 0.0296875 0.121875
2 0.253125 0.7734375 0.0421875 0.165625
2 0.559375 0.4453125 0.021875 0.1203125
2 0.7953125 0.7328125 0.0453125 0.128125
2 0.6640625 0.51875 0.021875 0.159375
2 0.6328125 0.8828125 0.065625 0.2328125
2 0.696875 0.51875 0.0359375 0.1171875
2 0.121875 0.628125 0.0203125 0.0484375
2 0.178125 0.425 0.009375 0.0234375
2 0.5703125 0.8828125 0.075 0.23125
2 0.48125 0.4609375 0.028125 0.0828125
2 0.1 0.7046875 0.0625 0.2015625
2 0.525 0.615625 0.0484375 0.2328125
2 0.609375 0.571875 0.0171875 0.0390625
2 0.65 0.528125 0.0265625 0.140625
2 0.6328125 0.6625 0.0390625 0.2328125
2 0.85625 0.4859375 0.028125 0.1328125
2 0.08125 0.2640625 0.0109375 0.053125
2 0.5546875 0.371875 0.015625 0.059375
2 0.6 0.5109375 0.0375 0.15625
2 0.3125 0.5375 0.0359375 0.1046875
2 0.7203125 0.45625 0.03125 0.1078125
2 0.5890625 0.75625 0.0640625 0.1015625
2 0.6421875 0.3953125 0.0203125 0.1
2 0.7015625 0.3640625 0.0203125 0.090625
2 0.4796875 0.503125 0.0296875 0.165625
2 0.634375 0.740625 0.0296875 0.078125
2 0.61875 0.421875 0.025 0.0859375
2 0.2984375 0.5359375 0.0390625 0.1390625
2 0.6234375 0.375 0.0203125 0.0765625
2 0.634375 0.5765625 0.0375 0.059375
2 0.103125 0.6484375 0.05625 0.0890625
2 0.553125 0.4359375 0.015625 0.1046875
2 0.575 0.21875 0.0109375 0.04375
2 0.2171875 0.38125 0.009375 0.021875
2 0.271875 0.4890625 0.0375 0.053125
2 0.5859375 0.4953125 0.03125 0.1625
2 0.8921875 0.9078125 0.0671875 0.18125
2 0.5890625 0.415625 0.0265625 0.0609375
2 0.7140625 0.396875 0.01875 0.065625
2 0.84375 0.315625 0.0171875 0.0421875
2 0.6234375 0.5234375 0.0203125 0.121875
2 0.0484375 0.2421875 0.0109375 0.0203125
2 0.875 0.54375 0.025 0.1078125
2 0.7375 0.43125 0.021875 0.1140625
2 0.715625 0.3265625 0.015625 0.06875
2 0.8171875 0.484375 0.0234375 0.1640625
2 0.7875 0.3890625 0.01875 0.078125
2 0.865625 0.346875 0.0109375 0.03125
2 0.4109375 0.4859375 0.0171875 0.0421875
2 0.015625 0.565625 0.01875 0.0359375
2 0.43125 0.465625 0.0125 0.0765625
2 0.7328125 0.3453125 0.0171875 0.0640625
2 0.6640625 0.36875 0.0125 0.084375
2 0.821875 0.315625 0.0171875 0.0359375
2 0.7828125 0.54375 0.0296875 0.0890625
2 0.54375 0.35 0.0078125 0.0265625
2 0.7484375 0.4578125 0.021875 0.0953125
2 0.603125 0.40625 0.0109375 0.05
2 0.425 0.490625 0.0171875 0.0390625
2 0.6484375 0.3609375 0.0125 0.08125
2 0.021875 0.5875 0.0296875 0.0765625
2 0.2875 0.559375 0.0171875 0.0921875
2 0.05 0.8265625 0.0515625 0.2140625
2 0.675 0.38125 0.0234375 0.096875
2 0.1109375 0.63125 0.0421875 0.0546875
2 0.7984375 0.49375 0.0234375 0.1484375
2 0.7 0.5328125 0.025 0.0828125
2 0.815625 0.3671875 0.01875 0.05
2 0.80625 0.3203125 0.0140625 0.04375
2 0.05 0.753125 0.0265625 0.0734375
2 0.3546875 0.5046875 0.0328125 0.0875
2 0.803125 0.3484375 0.01875 0.046875
2 0.88125 0.5125 0.0203125 0.16875
2 0.753125 0.34375 0.0171875 0.0453125
2 0.2671875 0.38125 0.0078125 0.01875
2 0.775 0.3359375 0.015625 0.0640625
2 0.815625 0.4359375 0.0203125 0.06875
2 0.75625 0.3984375 0.0203125 0.0625
2 0.7921875 0.9015625 0.0375 0.1828125
2 0.7625 0.36875 0.0125 0.0375
2 0.5875 0.5265625 0.0140625 0.1015625
2 0.7296875 0.315625 0.0125 0.0421875
2 0.79375 0.334375 0.015625 0.053125
2 0.303125 0.509375 0.0296875 0.0875
2 0.7453125 0.3234375 0.0140625 0.0640625
2 0.2265625 0.6015625 0.0203125 0.046875
2 0.0078125 0.775 0.015625 0.0828125