2 0.60625 0.896875 0.0609375 0.20625
2 0.6234375 0.6390625 0.04375 0.203125
2 0.5421875 0.86875 0.0640625 0.2609375
2 0.6078125 0.6 0.028125 0.1875
2 0.7921875 0.5515625 0.0265625 0.13125
2 0.8359375 0.5625 0.0265625 0.1484375
2 0.9125 0.546875 0.0234375 0.1015625
2 0.7890625 0.4265625 0.0125 0.0609375
2 0.815625 0.5546875 0.025 0.1359375
2 0.946875 0.409375 0.009375 0.04375
2 0.8703125 0.5078125 0.025 0.109375
2 0.334375 0.5515625 0.034375 0.0765625
2 0.3375 0.5390625 0.0265625 0.0484375
2 0.903125 0.409375 0.0140625 0.0515625
2 0.896875 0.5265625 0.021875 0.115625
2 0.6484375 0.2609375 0.01875 0.0671875
2 0.2375 0.646875 0.03125 0.0828125
2 0.903125 0.4453125 0.015625 0.071875
2 0.809375 0.41875 0.0140625 0.053125
2 0.9171875 0.45 0.0140625 0.075
2 0.940625 0.453125 0.015625 0.04375
2 0.871875 0.4265625 0.0140625 0.0671875
2 0.934375 0.4015625 0.0078125 0.0375
2 0.85 0.4125 0.0140625 0.0609375
2 0.8484375 0.51875 0.021875 0.125
2 0.2390625 0.7640625 0.0359375 0.0671875
2 0.8734375 0.4046875 0.009375 0.021875
2 0.2890625 0.3265625 0.034375 0.1796875
2 0.5640625 0.39375 0.0109375 0.0328125
2 0.5671875 0.5515625 0.015625 0.1421875
2 0.859375 0.4234375 0.015625 0.06875
2 0.978125 0.48125 0.0125 0.046875
2 0.825 0.396875 0.0078125 0.046875
2 0.575 0.5125 0.0265625 0.1203125
2 0.628125 0.3390625 0.009375 0.0359375
2 0.8546875 0.4859375 0.0125 0.0796875
2 0.953125 0.39375 0.009375 0.0421875
2 0.928125 0.4875 0.021875 0.1140625
2 0.959375 0.4546875 0.015625 0.0625
2 0.928125 0.45625 0.021875 0.0546875
2 0.8125 0.415625 0.0078125 0.046875
2 0.2640625 0.7078125 0.075 0.2046875