2 0.3734375 0.6703125 0.0453125 0.228125
2 0.1671875 0.859375 0.078125 0.2796875
2 0.246875 0.65 0.0609375 0.2140625
2 0.328125 0.6484375 0.0484375 0.2109375
2 0.459375 0.6703125 0.0546875 0.2734375
2 0.43125 0.6765625 0.0375 0.215625
2 0.5 0.6734375 0.0375 0.2328125
2 0.421875 0.5375 0.0421875 0.1890625
2 0.2171875 0.3390625 0.0125 0.0703125
2 0.4796875 0.45 0.0421875 0.096875
2 0.034375 0.578125 0.0296875 0.103125
2 0.434375 0.484375 0.03125 0.16875
2 0.075 0.7015625 0.0640625 0.1921875
2 0.5125 0.5578125 0.0359375 0.1515625
2 0.4578125 0.5296875 0.0328125 0.1109375
2 0.609375 0.4171875 0.0234375 0.096875
2 0.540625 0.49375 0.025 0.1546875
2 0.5453125 0.6890625 0.0375 0.246875
2 0.571875 0.878125 0.0765625 0.2421875
2 0.7046875 0.571875 0.04375 0.1375
2 0.0546875 0.2390625 0.0078125 0.0421875
2 0.5546875 0.4875 0.0234375 0.1578125
2 0.0875 0.578125 0.040625 0.0890625
2 0.8578125 0.4734375 0.028125 0.1328125
2 0.6765625 0.4984375 0.0265625 0.140625
2 0.7546875 0.6453125 0.04375 0.2484375
2 0.6203125 0.665625 0.0359375 0.24375
2 0.2078125 0.6359375 0.0375 0.203125
2 0.51875 0.4359375 0.021875 0.0734375
2 0.590625 0.3796875 0.015625 0.10625
2 0.709375 0.4703125 0.0375 0.1328125
2 0.7828125 0.559375 0.0234375 0.0390625
2 0.64375 0.4171875 0.0359375 0.1265625
2 0.0546875 0.7984375 0.0453125 0.19375
2 0.0609375 0.6203125 0.0265625 0.03125
2 0.740625 0.5375 0.0359375 0.1421875
2 0.6609375 0.4078125 0.0203125 0.1140625
2 0.634375 0.8796875 0.0671875 0.2359375
2 0.8484375 0.3328125 0.015625 0.0421875
2 0.753125 0.5640625 0.0359375 0.0828125
2 0.221875 0.584375 0.0109375 0.046875
2 0.1984375 0.6796875 0.03125 0.11875
2 0.7234375 0.340625 0.015625 0.09375
2 0.1796875 0.4125 0.009375 0.01875
2 0.5140625 0.4375 0.0140625 0.0671875
2 0.578125 0.203125 0.009375 0.04375
2 0.7546875 0.440625 0.0265625 0.1265625
2 0.7984375 0.30625 0.015625 0.0359375
2 0.8171875 0.471875 0.0234375 0.1671875
2 0.0953125 0.5890625 0.028125 0.0640625
2 0.553125 0.578125 0.0515625 0.0828125
2 0.63125 0.7359375 0.01875 0.0796875
2 0.6140625 0.5640625 0.01875 0.0390625
2 0.7375 0.3640625 0.021875 0.0953125
2 0.7859375 0.5265625 0.034375 0.096875
2 0.7 0.4140625 0.025 0.0984375
2 0.68125 0.403125 0.0203125 0.09375
2 0.5421875 0.5921875 0.028125 0.05625
2 0.20625 0.5796875 0.0328125 0.0921875
2 0.05625 0.671875 0.0359375 0.1328125
2 0.6984375 0.2015625 0.0109375 0.0296875
2 0.7578125 0.3578125 0.0171875 0.0734375
2 0.834375 0.29375 0.0125 0.04375
2 0.5625 0.38125 0.0140625 0.03125
2 0.221875 0.6453125 0.0140625 0.171875
2 0.70625 0.3234375 0.0203125 0.08125
2 0.5640625 0.56875 0.0296875 0.0625
2 0.509375 0.2953125 0.0078125 0.0265625
2 0.5625 0.3984375 0.0171875 0.0640625
2 0.796875 0.6625 0.0515625 0.246875
2 0.0859375 0.2890625 0.0125 0.0515625
2 0.884375 0.4953125 0.021875 0.1828125
2 0.7375 0.290625 0.015625 0.06875
2 0.290625 0.4828125 0.0140625 0.046875
2 0.775 0.29375 0.0203125 0.0625
2 0.7984375 0.7265625 0.0453125 0.11875
2 0.053125 0.7421875 0.028125 0.0828125
2 0.6421875 0.3171875 0.0109375 0.034375
2 0.2140625 0.20625 0.0125 0.059375
2 0.8 0.465625 0.025 0.13125
2 0.11875 0.2234375 0.009375 0.0265625
2 0.825 0.3109375 0.0140625 0.071875
2 0.6 0.7453125 0.078125 0.103125
2 0.5265625 0.2 0.0109375 0.0265625
2 0.8171875 0.421875 0.0203125 0.06875
2 0.8109375 0.3 0.0140625 0.0421875
2 0.596875 0.6703125 0.0734375 0.253125
2 0.7578125 0.296875 0.0140625 0.0703125
2 0.753125 0.7234375 0.0453125 0.0953125
2 0.18125 0.2390625 0.0046875 0.01875
2 0.628125 0.3359375 0.015625 0.0640625
2 0.590625 0.34375 0.0109375 0.0359375
2 0.6484375 0.346875 0.0171875 0.0578125
2 0.79375 0.2578125 0.0109375 0.01875
2 0.221875 0.6015625 0.0125 0.08125
2 0.034375 0.63125 0.0296875 0.2109375
2 0.7671875 0.53125 0.0171875 0.0859375
2 0.8421875 0.3015625 0.015625 0.03125
2 0.0875 0.575 0.015625 0.0328125
2 0.75 0.29375 0.0125 0.075
2 0.8828125 0.45 0.0203125 0.1015625
2 0.253125 0.65625 0.03125 0.1703125
2 0.315625 0.65625 0.01875 0.184375
2 0.4703125 0.4328125 0.0234375 0.059375
2 0.5640625 0.6609375 0.0296875 0.246875
2 0.78125 0.4375 0.021875 0.0859375
2 0.896875 0.8625 0.06875 0.2671875
2 0.4859375 0.4640625 0.0265625 0.0671875
2 0.0515625 0.846875 0.05625 0.1609375
2 0.790625 0.496875 0.0265625 0.05625
2 0.2328125 0.6515625 0.0328125 0.1828125