2 0.6109375 0.4203125 0.0453125 0.14375
2 0.73125 0.4390625 0.0375 0.153125
2 0.6625 0.41875 0.04375 0.1765625
2 0.675 0.425 0.025 0.15625
2 0.11875 0.3296875 0.0234375 0.0421875
2 0.48125 0.3734375 0.01875 0.071875
2 0.70625 0.3265625 0.015625 0.05
2 0.11875 0.36875 0.025 0.11875
2 0.38125 0.2953125 0.0265625 0.046875
2 0.675 0.3890625 0.025 0.0828125
2 0.0765625 0.290625 0.009375 0.0515625
2 0.971875 0.3421875 0.0078125 0.04375
2 0.5296875 0.1875 0.015625 0.0390625
2 0.840625 0.2859375 0.0125 0.0265625
2 0.4234375 0.296875 0.0375 0.053125
2 0.1078125 0.3046875 0.00625 0.0265625
2 0.6171875 0.4140625 0.0171875 0.103125
2 0.61875 0.4015625 0.0140625 0.0640625
2 0.4125 0.2984375 0.0265625 0.0484375
2 0.4796875 0.3515625 0.0140625 0.0265625
2 0.88125 0.290625 0.0078125 0.03125
2 0.98125 0.43125 0.0125 0.046875
2 0.6890625 0.3328125 0.0171875 0.0859375