2 0.11875 0.4453125 0.0359375 0.1609375
2 0.221875 0.68125 0.0421875 0.225
2 0.928125 0.5984375 0.034375 0.1484375
2 0.73125 0.5140625 0.0359375 0.0890625
2 0.8078125 0.6375 0.0390625 0.1921875
2 0.3359375 0.24375 0.0125 0.06875
2 0.278125 0.2484375 0.0109375 0.0625
2 0.8453125 0.6484375 0.0578125 0.1375
2 0.271875 0.2375 0.009375 0.053125
2 0.065625 0.1421875 0.0125 0.0265625
2 0.965625 0.5984375 0.0359375 0.115625
2 0.6984375 0.5640625 0.0234375 0.0875
2 0.9625 0.6390625 0.04375 0.1953125
2 0.3578125 0.1953125 0.0078125 0.0265625
2 0.91875 0.153125 0.009375 0.0359375
2 0.5796875 0.1703125 0.0109375 0.01875
2 0.1875 0.1703125 0.0078125 0.0328125
2 0.9671875 0.153125 0.015625 0.0265625
2 0.084375 0.1328125 0.0125 0.040625
2 0.2375 0.190625 0.009375 0.040625
2 0.8984375 0.678125 0.0453125 0.1484375
2 0.4078125 0.315625 0.01875 0.03125
2 0.8765625 0.14375 0.00625 0.0234375
2 0.8125 0.1578125 0.00625 0.0140625
2 0.1203125 0.1546875 0.0078125 0.021875
2 0.790625 0.61875 0.0296875 0.140625
2 0.55625 0.434375 0.0109375 0.025
2 0.434375 0.1390625 0.009375 0.0328125
2 0.6765625 0.14375 0.00625 0.021875
2 0.2 0.1703125 0.0109375 0.0359375
2 0.2796875 0.2296875 0.009375 0.021875
2 0.946875 0.1484375 0.0046875 0.01875
2 0.6703125 0.1453125 0.00625 0.01875
2 0.384375 0.309375 0.009375 0.01875
2 0.909375 0.3125 0.0171875 0.05625
2 0.13125 0.15625 0.00625 0.01875
2 0.6390625 0.2171875 0.0078125 0.0265625
2 0.440625 0.140625 0.00625 0.025
2 0.64375 0.1453125 0.0046875 0.015625
2 0.29375 0.259375 0.0140625 0.046875
2 0.6640625 0.1453125 0.0046875 0.01875
2 0.9109375 0.6328125 0.0140625 0.021875
2 0.371875 0.29375 0.00625 0.01875
2 0.7859375 0.646875 0.0203125 0.08125
2 0.859375 0.1359375 0.0046875 0.021875
2 0.096875 0.1421875 0.009375 0.04375
2 0.9578125 0.146875 0.00625 0.01875
2 0.825 0.5734375 0.01875 0.08125
2 0.0859375 0.34375 0.009375 0.071875
2 0.54375 0.4359375 0.009375 0.0265625
2 0.6046875 0.146875 0.0046875 0.0140625
2 0.7265625 0.140625 0.0046875 0.0265625
2 0.7515625 0.1609375 0.009375 0.021875
2 0.2578125 0.1953125 0.009375 0.0140625
2 0.1296875 0.134375 0.0046875 0.01875
2 0.7546875 0.153125 0.0046875 0.0109375
2 0.8125 0.134375 0.0046875 0.0171875
2 0.4171875 0.1359375 0.00625 0.01875
2 0.41875 0.1421875 0.009375 0.03125
2 0.146875 0.1453125 0.0046875 0.0265625
2 0.2109375 0.1671875 0.00625 0.0328125
2 0.109375 0.1328125 0.0046875 0.01875
2 0.3890625 0.2015625 0.0046875 0.0203125
2 0.6671875 0.1109375 0.00625 0.021875
2 0.765625 0.1296875 0.003125 0.0140625
2 0.3453125 0.234375 0.00625 0.01875
2 0.8421875 0.1375 0.0078125 0.0203125
2 0.328125 0.2171875 0.00625 0.01875
2 0.75625 0.1609375 0.0203125 0.0265625
2 0.921875 0.1421875 0.0046875 0.0140625
2 0.2671875 0.1921875 0.0078125 0.0125
2 0.2453125 0.115625 0.0046875 0.0265625
2 0.7984375 0.1328125 0.0046875 0.0203125
2 0.465625 0.1203125 0.00625 0.0140625
2 0.6078125 0.48125 0.0140625 0.075
2 0.31875 0.109375 0.00625 0.0203125
2 0.778125 0.13125 0.0046875 0.015625
2 0.48125 0.125 0.003125 0.0140625
2 0.5640625 0.471875 0.0140625 0.0375
2 0.940625 0.146875 0.0046875 0.015625
2 0.4140625 0.3234375 0.009375 0.04375
2 0.4140625 0.309375 0.00625 0.0171875
2 0.0984375 0.1578125 0.0046875 0.0171875
2 0.103125 0.13125 0.0046875 0.0171875
2 0.471875 0.378125 0.00625 0.0234375
2 0.196875 0.171875 0.0078125 0.03125
2 0.9875 0.59375 0.025 0.0859375
2 0.98125 0.1484375 0.00625 0.01875
2 0.9625 0.146875 0.00625 0.015625
2 0.653125 0.14375 0.00625 0.021875
2 0.840625 0.140625 0.0046875 0.015625
2 0.203125 0.1671875 0.00625 0.028125
2 0.5578125 0.2109375 0.0046875 0.0234375
2 0.11875 0.1296875 0.0046875 0.01875
2 0.5125 0.1515625 0.0078125 0.028125
2 0.13125 0.1640625 0.0109375 0.034375
2 0.2375 0.18125 0.0078125 0.021875
2 0.8625 0.6703125 0.0546875 0.1171875
2 0.4375 0.1390625 0.00625 0.03125
2 0.0953125 0.134375 0.0078125 0.028125
2 0.3828125 0.328125 0.01875 0.0578125
2 0.6375 0.21875 0.0046875 0.021875