2 0.1109375 0.734375 0.0625 0.2640625
2 0.209375 0.7984375 0.0453125 0.2703125
2 0.3265625 0.7984375 0.0796875 0.30625
2 0.80625 0.5296875 0.0265625 0.146875
2 0.4265625 0.86875 0.0734375 0.2609375
2 0.821875 0.5453125 0.0265625 0.1234375
2 0.0921875 0.5875 0.0375 0.0921875
2 0.509375 0.784375 0.0703125 0.2640625
2 0.478125 0.7828125 0.0359375 0.2515625
2 0.846875 0.4484375 0.0125 0.0796875
2 0.38125 0.8640625 0.0484375 0.259375
2 0.8875 0.396875 0.0140625 0.059375
2 0.896875 0.3984375 0.0109375 0.05625
2 0.7890625 0.4265625 0.0125 0.0609375
2 0.846875 0.3890625 0.009375 0.0578125
2 0.9203125 0.2703125 0.0109375 0.0390625
2 0.8546875 0.3875 0.009375 0.05625
2 0.94375 0.4515625 0.0140625 0.0421875
2 0.809375 0.415625 0.0109375 0.0546875
2 0.2375 0.6484375 0.03125 0.08125
2 0.240625 0.765625 0.03125 0.0671875
2 0.3375 0.5375 0.0265625 0.046875
2 0.9390625 0.4 0.0078125 0.0375
2 0.8109375 0.3984375 0.00625 0.0234375
2 0.95 0.409375 0.0109375 0.0515625
2 0.2890625 0.3265625 0.034375 0.1796875
2 0.278125 0.6875 0.0390625 0.0921875
2 0.8859375 0.2640625 0.009375 0.0359375
2 0.9078125 0.4109375 0.0140625 0.0828125
2 0.5625 0.3953125 0.0078125 0.0328125
2 0.5765625 0.5125 0.0234375 0.121875
2 0.65 0.2625 0.0171875 0.0625
2 0.9375 0.4140625 0.0109375 0.0640625
2 0.9390625 0.453125 0.0109375 0.0375
2 0.24375 0.70625 0.0453125 0.1953125
2 0.95625 0.44375 0.0125 0.0640625
2 0.7984375 0.43125 0.0140625 0.046875
2 0.746875 0.446875 0.0109375 0.046875
2 0.3375 0.575 0.0515625 0.11875
2 0.9421875 0.4921875 0.0203125 0.121875
2 0.84375 0.3203125 0.009375 0.0390625
2 0.9734375 0.38125 0.0171875 0.0390625
2 0.046875 0.63125 0.0140625 0.046875
2 0.340625 0.8640625 0.0234375 0.065625
2 0.3765625 0.7953125 0.0390625 0.121875
2 0.3234375 0.7953125 0.034375 0.2078125
2 0.9609375 0.3734375 0.00625 0.021875
2 0.34375 0.55 0.0390625 0.0703125
2 0.3375 0.8234375 0.028125 0.1484375
2 0.334375 0.7796875 0.0375 0.2390625
2 0.7875 0.4125 0.0109375 0.0546875