2 0.7390625 0.7796875 0.065625 0.3109375
2 0.9390625 0.9671875 0.0453125 0.0640625
2 0.6046875 0.878125 0.071875 0.2421875
2 0.846875 0.3703125 0.0296875 0.171875
2 0.8078125 0.9765625 0.0328125 0.046875
2 0.1359375 0.540625 0.0421875 0.1390625
2 0.7 0.946875 0.0796875 0.1046875
2 0.303125 0.4421875 0.040625 0.128125
2 0.665625 0.8953125 0.06875 0.2078125
2 0.25625 0.3390625 0.0296875 0.1515625
2 0.175 0.421875 0.05 0.1109375
2 0.959375 0.671875 0.0390625 0.1015625
2 0.2875 0.3484375 0.03125 0.1359375
2 0.2125 0.3515625 0.0265625 0.146875
2 0.1046875 0.5625 0.040625 0.1328125
2 0.1671875 0.84375 0.028125 0.0421875
2 0.2015625 0.8203125 0.04375 0.0484375
2 0.39375 0.4328125 0.034375 0.16875
2 0.471875 0.459375 0.034375 0.1765625
2 0.2265625 0.428125 0.0390625 0.1734375
2 0.8359375 0.51875 0.0265625 0.0390625
2 0.20625 0.1734375 0.015625 0.06875
2 0.2296875 0.18125 0.0109375 0.078125
2 0.221875 0.2625 0.028125 0.078125
2 0.134375 0.865625 0.0328125 0.071875
2 0.2796875 0.240625 0.01875 0.1
2 0.3375 0.3421875 0.025 0.06875
2 0.6546875 0.234375 0.0125 0.084375
2 0.421875 0.396875 0.025 0.15
2 0.2453125 0.259375 0.021875 0.09375
2 0.959375 0.734375 0.0421875 0.2234375
2 0.3640625 0.3734375 0.0234375 0.125
2 0.4359375 0.4390625 0.028125 0.153125
2 0.2140625 0.2 0.0140625 0.046875
2 0.25 0.2015625 0.0109375 0.04375
2 0.4578125 0.3625 0.021875 0.0828125
2 0.240625 0.215625 0.0234375 0.071875
2 0.6875 0.2328125 0.0125 0.096875
2 0.4 0.35625 0.0171875 0.0640625
2 0.6515625 0.2484375 0.0125 0.05625
2 0.81875 0.4234375 0.009375 0.0390625
2 0.26875 0.2203125 0.0125 0.075
2 0.6875 0.1953125 0.0109375 0.021875
2 0.578125 0.45625 0.0078125 0.0234375
2 0.13125 0.4359375 0.0359375 0.0546875
2 0.640625 0.4453125 0.0125 0.065625
2 0.3515625 0.459375 0.0421875 0.20625
2 0.6421875 0.2296875 0.0140625 0.0984375
2 0.83125 0.528125 0.0375 0.0609375
2 0.83125 0.43125 0.0359375 0.053125
2 0.896875 0.640625 0.028125 0.1140625
2 0.65625 0.540625 0.015625 0.028125
2 0.446875 0.425 0.025 0.1828125
2 0.3390625 0.378125 0.025 0.1390625
2 0.771875 0.2296875 0.00625 0.0671875
2 0.34375 0.4140625 0.034375 0.1765625
2 0.3921875 0.3359375 0.0328125 0.10625
2 0.4046875 0.303125 0.0109375 0.040625
2 0.278125 0.16875 0.0109375 0.04375
2 0.4875 0.4203125 0.009375 0.0671875
2 0.34375 0.365625 0.034375 0.078125
2 0.75625 0.5421875 0.0265625 0.1703125
2 0.1625 0.85625 0.0390625 0.06875
2 0.653125 0.859375 0.0390625 0.1015625
2 0.884375 0.70625 0.0546875 0.2359375
2 0.1171875 0.9125 0.0703125 0.1640625
2 0.26875 0.203125 0.0125 0.0390625
2 0.41875 0.2921875 0.0171875 0.0484375
2 0.121875 0.8796875 0.059375 0.0984375
2 0.15625 0.4375 0.0859375 0.140625
2 0.665625 0.19375 0.0046875 0.0171875
2 0.1375 0.45625 0.046875 0.09375
2 0.390625 0.15625 0.0109375 0.0328125
2 0.3953125 0.3046875 0.0296875 0.04375
2 0.96875 0.6953125 0.0546875 0.1125
2 0.1703125 0.8484375 0.10625 0.109375
2 0.384375 0.3546875 0.0171875 0.06875
2 0.6421875 0.20625 0.0109375 0.053125
2 0.4 0.396875 0.01875 0.1453125
2 0.0078125 0.50625 0.015625 0.1109375
2 0.8453125 0.5265625 0.0453125 0.025
2 0.659375 0.23125 0.0171875 0.090625