2 0.14375 0.5 0.04375 0.171875
2 0.93125 0.909375 0.084375 0.18125
2 0.434375 0.40625 0.03125 0.13125
2 0.903125 0.5703125 0.0390625 0.13125
2 0.703125 0.478125 0.0328125 0.1265625
2 0.8453125 0.640625 0.0625 0.153125
2 0.8046875 0.6109375 0.0734375 0.1546875
2 0.4640625 0.4015625 0.025 0.128125
2 0.4828125 0.2234375 0.0125 0.0578125
2 0.3953125 0.2921875 0.015625 0.0515625
2 0.94375 0.5828125 0.0453125 0.10625
2 0.26875 0.253125 0.015625 0.0671875
2 0.1875 0.278125 0.0140625 0.05625
2 0.6390625 0.21875 0.0078125 0.0265625
2 0.409375 0.321875 0.01875 0.0421875
2 0.2265625 0.23125 0.0125 0.0578125
2 0.20625 0.271875 0.0125 0.0671875
2 0.084375 0.1359375 0.0140625 0.046875
2 0.28125 0.234375 0.0109375 0.059375
2 0.434375 0.1390625 0.009375 0.034375
2 0.190625 0.225 0.0171875 0.0546875
2 0.2109375 0.3046875 0.0171875 0.08125
2 0.1546875 0.1859375 0.0078125 0.0390625
2 0.909375 0.3140625 0.01875 0.0578125
2 0.065625 0.1546875 0.0140625 0.0453125
2 0.965625 0.15625 0.015625 0.01875
2 0.303125 0.2421875 0.009375 0.040625
2 0.9203125 0.1546875 0.0078125 0.034375
2 0.4796875 0.1234375 0.00625 0.0171875
2 0.371875 0.29375 0.0078125 0.021875
2 0.978125 0.140625 0.0046875 0.0140625
2 0.2046875 0.1875 0.0078125 0.0375
2 0.2390625 0.23125 0.0109375 0.0578125
2 0.8125 0.134375 0.0046875 0.0234375
2 0.1875 0.16875 0.0078125 0.0359375
2 0.84375 0.1609375 0.00625 0.0125
2 0.821875 0.15625 0.0046875 0.01875
2 0.6078125 0.4875 0.0140625 0.0609375
2 0.6734375 0.140625 0.0078125 0.0125
2 0.765625 0.146875 0.00625 0.0171875
2 0.3578125 0.196875 0.00625 0.0265625
2 0.5390625 0.1203125 0.0046875 0.0171875
2 0.746875 0.559375 0.0203125 0.05625
2 0.3890625 0.2046875 0.0046875 0.0171875
2 0.4984375 0.128125 0.00625 0.021875
2 0.91875 0.3140625 0.021875 0.0578125
2 0.6609375 0.146875 0.0046875 0.0171875
2 0.496875 0.14375 0.009375 0.0296875
2 0.98125 0.15 0.0078125 0.0328125
2 0.3859375 0.3109375 0.0109375 0.015625
2 0.440625 0.1421875 0.009375 0.0234375
2 0.31875 0.109375 0.00625 0.01875
2 0.6546875 0.1421875 0.00625 0.0234375
2 0.2375 0.2015625 0.0109375 0.0375
2 0.5125 0.1515625 0.009375 0.021875
2 0.353125 0.19375 0.00625 0.028125
2 0.94375 0.1453125 0.003125 0.0140625
2 0.6953125 0.565625 0.021875 0.084375
2 0.253125 0.2203125 0.0109375 0.0421875
2 0.2578125 0.2109375 0.0125 0.046875
2 0.075 0.18125 0.0109375 0.0359375
2 0.41875 0.1359375 0.00625 0.0171875
2 0.1640625 0.1734375 0.0078125 0.0375
2 0.496875 0.134375 0.0046875 0.0140625
2 0.23125 0.1234375 0.0046875 0.015625
2 0.609375 0.2375 0.0109375 0.071875
2 0.453125 0.109375 0.0046875 0.01875
2 0.88125 0.68125 0.0796875 0.1109375
2 0.765625 0.1390625 0.00625 0.03125
2 0.8140625 0.15625 0.0078125 0.0140625
2 0.23125 0.1921875 0.0078125 0.03125
2 0.196875 0.1734375 0.00625 0.028125
2 0.16875 0.165625 0.00625 0.028125
2 0.38125 0.3296875 0.0171875 0.0546875
2 0.4765625 0.1296875 0.0078125 0.0296875
2 0.503125 0.121875 0.00625 0.0140625
2 0.096875 0.14375 0.009375 0.046875
2 0.25625 0.2453125 0.009375 0.05
2 0.7953125 0.13125 0.0046875 0.0171875
2 0.34375 0.1546875 0.003125 0.015625
2 0.0953125 0.134375 0.0078125 0.0296875
2 0.2453125 0.1140625 0.0046875 0.0234375
2 0.41875 0.1421875 0.0078125 0.0296875
2 0.2578125 0.196875 0.0109375 0.01875
2 0.4359375 0.3390625 0.0109375 0.021875
2 0.8390625 0.1375 0.0046875 0.015625
2 0.984375 0.1515625 0.00625 0.028125
2 0.3875 0.3125 0.0296875 0.090625
2 0.371875 0.31875 0.0125 0.071875
2 0.9 0.65625 0.046875 0.0625
2 0.5390625 0.128125 0.0046875 0.034375
2 0.20625 0.25625 0.0109375 0.0359375
2 0.5 0.146875 0.034375 0.0359375
2 0.959375 0.153125 0.00625 0.025
2 0.6375 0.21875 0.0046875 0.021875
2 0.8171875 0.15625 0.015625 0.01875