2 0.665625 0.5796875 0.04375 0.24375
2 0.58125 0.55625 0.05625 0.2734375
2 0.5140625 0.5796875 0.0296875 0.271875
2 0.8921875 0.8296875 0.0765625 0.3375
2 0.3 0.303125 0.0265625 0.1140625
2 0.884375 0.6375 0.05 0.1578125
2 0.8359375 0.9296875 0.065625 0.1390625
2 0.075 0.25 0.01875 0.1109375
2 0.5125 0.8078125 0.046875 0.128125
2 0.2734375 0.2953125 0.028125 0.128125
2 0.4984375 0.39375 0.028125 0.103125
2 0.18125 0.465625 0.0375 0.196875
2 0.725 0.90625 0.090625 0.1875
2 0.6546875 0.2125 0.0109375 0.0734375
2 0.240625 0.340625 0.03125 0.14375
2 0.6421875 0.215625 0.015625 0.08125
2 0.80625 0.90625 0.0515625 0.184375
2 0.621875 0.8578125 0.071875 0.28125
2 0.628125 0.2640625 0.009375 0.01875
2 0.521875 0.4859375 0.028125 0.1796875
2 0.13125 0.8625 0.0359375 0.0734375
2 0.2046875 0.3015625 0.0265625 0.1125
2 0.6734375 0.9 0.0484375 0.1984375
2 0.1625 0.2296875 0.021875 0.103125
2 0.14375 0.228125 0.015625 0.0828125
2 0.209375 0.4 0.034375 0.13125
2 0.2265625 0.2578125 0.0203125 0.0984375
2 0.2609375 0.20625 0.0140625 0.078125
2 0.6125 0.909375 0.04375 0.1796875
2 0.5328125 0.8828125 0.025 0.05
2 0.2765625 0.2265625 0.01875 0.0578125
2 0.55625 0.84375 0.040625 0.14375
2 0.221875 0.4390625 0.0390625 0.1578125
2 0.834375 0.5125 0.0265625 0.0421875
2 0.9 0.56875 0.0234375 0.0765625
2 0.246875 0.2359375 0.0203125 0.1
2 0.6875 0.203125 0.015625 0.153125
2 0.878125 0.309375 0.0140625 0.025
2 0.25625 0.1515625 0.0125 0.0484375
2 0.590625 0.3671875 0.015625 0.04375
2 0.834375 0.5015625 0.0109375 0.01875
2 0.6875 0.2484375 0.015625 0.0625
2 0.725 0.853125 0.0484375 0.0859375
2 0.1828125 0.2515625 0.021875 0.10625
2 0.2375 0.1890625 0.0109375 0.028125
2 0.23125 0.2046875 0.015625 0.04375
2 0.125 0.8796875 0.05 0.1109375
2 0.1015625 0.896875 0.0265625 0.0453125
2 0.2 0.2109375 0.0234375 0.090625
2 0.25 0.159375 0.0140625 0.0421875
2 0.8390625 0.5 0.01875 0.021875
2 0.64375 0.26875 0.0078125 0.0078125
2 0.625 0.3140625 0.015625 0.1171875
2 0.675 0.4921875 0.00625 0.0140625
2 0.2359375 0.1453125 0.0125 0.034375
2 0.7515625 0.9109375 0.0421875 0.175
2 0.2234375 0.1703125 0.009375 0.04375
2 0.215625 0.2125 0.0171875 0.0859375
2 0.571875 0.8875 0.0703125 0.18125
2 0.559375 0.80625 0.03125 0.071875