2 0.0671875 0.65625 0.0453125 0.1390625
2 0.4125 0.8859375 0.059375 0.228125
2 0.109375 0.4703125 0.0296875 0.0859375
2 0.8890625 0.8859375 0.0546875 0.2265625
2 0.053125 0.4703125 0.0375 0.075
2 0.821875 0.909375 0.084375 0.1796875
2 0.6734375 0.971875 0.0390625 0.0546875
2 0.909375 0.6140625 0.0390625 0.075
2 0.81875 0.7515625 0.0390625 0.1171875
2 0.2875 0.634375 0.01875 0.1125
2 0.0640625 0.465625 0.0265625 0.084375
2 0.909375 0.66875 0.0390625 0.1828125
2 0.5375 0.5046875 0.0796875 0.0453125
2 0.9015625 0.6 0.0265625 0.06875
2 0.784375 0.765625 0.040625 0.1390625
2 0.8234375 0.6984375 0.028125 0.0671875
2 0.6 0.8765625 0.01875 0.04375
2 0.8140625 0.84375 0.053125 0.1515625
2 0.86875 0.7125 0.021875 0.0578125
2 0.921875 0.609375 0.01875 0.05625
2 0.465625 0.9875 0.0265625 0.021875
2 0.8703125 0.75625 0.0296875 0.128125
2 0.753125 0.7265625 0.0296875 0.053125
2 0.859375 0.6875 0.0375 0.1078125
2 0.05625 0.4421875 0.0140625 0.0390625
2 0.978125 0.6671875 0.0234375 0.09375
2 0.3015625 0.6296875 0.046875 0.1109375