2 0.934375 0.8609375 0.0765625 0.275
2 0.571875 0.48125 0.0296875 0.14375
2 0.834375 0.6515625 0.0390625 0.2171875
2 0.9015625 0.6625 0.0609375 0.228125
2 0.1953125 0.2359375 0.0140625 0.06875
2 0.246875 0.29375 0.01875 0.0859375
2 0.3328125 0.33125 0.0234375 0.1015625
2 0.265625 0.296875 0.0171875 0.084375
2 0.390625 0.29375 0.025 0.046875
2 0.9625 0.2140625 0.0140625 0.046875
2 0.8078125 0.609375 0.0515625 0.1328125
2 0.909375 0.5625 0.0359375 0.0796875
2 0.3578125 0.196875 0.0078125 0.0265625
2 0.159375 0.1640625 0.00625 0.03125
2 0.4078125 0.31875 0.01875 0.0390625
2 0.6390625 0.21875 0.0078125 0.0265625
2 0.453125 0.1359375 0.00625 0.028125
2 0.909375 0.60625 0.0359375 0.1671875
2 0.6921875 0.159375 0.0046875 0.0234375
2 0.81875 0.1578125 0.00625 0.015625
2 0.153125 0.1921875 0.009375 0.021875
2 0.084375 0.1359375 0.0140625 0.0421875
2 0.815625 0.13125 0.0046875 0.01875
2 0.4484375 0.1359375 0.00625 0.025
2 0.31875 0.1078125 0.0046875 0.0203125
2 0.8296875 0.1359375 0.0046875 0.0171875
2 0.909375 0.315625 0.01875 0.0609375
2 0.1 0.15 0.0078125 0.03125
2 0.2546875 0.203125 0.00625 0.03125
2 0.6546875 0.14375 0.00625 0.021875
2 0.2625 0.20625 0.009375 0.0421875
2 0.259375 0.20625 0.0078125 0.0390625
2 0.684375 0.15 0.0046875 0.0140625
2 0.8171875 0.13125 0.0046875 0.0171875
2 0.84375 0.128125 0.0046875 0.0140625
2 0.84375 0.1328125 0.00625 0.0234375
2 0.7828125 0.165625 0.01875 0.01875
2 0.421875 0.1421875 0.0078125 0.03125
2 0.959375 0.146875 0.0046875 0.0125
2 0.8296875 0.14375 0.00625 0.0296875
2 0.965625 0.1546875 0.015625 0.0234375
2 0.6265625 0.14375 0.0046875 0.01875
2 0.6609375 0.1484375 0.0046875 0.0140625
2 0.503125 0.13125 0.00625 0.0171875
2 0.465625 0.1640625 0.00625 0.0171875
2 0.140625 0.15 0.00625 0.0265625
2 0.4328125 0.121875 0.0046875 0.015625
2 0.09375 0.1359375 0.00625 0.0328125
2 0.3875 0.3140625 0.0296875 0.0859375
2 0.7640625 0.1296875 0.0046875 0.0171875
2 0.825 0.15625 0.0046875 0.0140625
2 0.959375 0.153125 0.00625 0.0234375
2 0.3890625 0.203125 0.00625 0.01875
2 0.4625 0.371875 0.0109375 0.0265625
2 0.1453125 0.1515625 0.00625 0.0296875
2 0.6171875 0.2296875 0.0046875 0.015625
2 0.6125 0.24375 0.0140625 0.053125
2 0.4421875 0.1421875 0.0078125 0.0203125
2 0.7875 0.1671875 0.0109375 0.0171875
2 0.4171875 0.1390625 0.00625 0.0328125
2 0.128125 0.1484375 0.0046875 0.021875
2 0.078125 0.178125 0.009375 0.0265625
2 0.15 0.146875 0.00625 0.0234375
2 0.271875 0.2046875 0.0078125 0.0359375
2 0.7546875 0.153125 0.0046875 0.0109375
2 0.98125 0.140625 0.009375 0.0140625
2 0.4984375 0.1328125 0.0046875 0.0140625
2 0.6171875 0.2421875 0.0046875 0.0390625
2 0.69375 0.15625 0.0078125 0.03125
2 0.471875 0.3765625 0.0078125 0.0265625
2 0.66875 0.1125 0.0046875 0.01875
2 0.378125 0.1265625 0.0046875 0.021875
2 0.1421875 0.1859375 0.0046875 0.0171875
2 0.046875 0.1515625 0.009375 0.046875
2 0.8125 0.1328125 0.0046875 0.0171875
2 0.278125 0.19375 0.00625 0.0125
2 0.1984375 0.178125 0.0046875 0.0171875
2 0.8875 0.646875 0.034375 0.2015625
2 0.753125 0.1609375 0.009375 0.0234375
2 0.0703125 0.14375 0.00625 0.01875
2 0.9125 0.3046875 0.0125 0.0375
2 0.065625 0.1515625 0.0140625 0.0421875
2 0.921875 0.15625 0.0046875 0.0265625
2 0.8203125 0.1296875 0.003125 0.0125
2 0.328125 0.3359375 0.0140625 0.084375
2 0.6578125 0.146875 0.0046875 0.0171875
2 0.9578125 0.2140625 0.0078125 0.0421875