2 0.565625 0.63125 0.04375 0.2125
2 0.7296875 0.609375 0.046875 0.2171875
2 0.35625 0.409375 0.03125 0.146875
2 0.95625 0.21875 0.01875 0.075
2 0.2 0.390625 0.0234375 0.146875
2 0.3984375 0.378125 0.0421875 0.09375
2 0.121875 0.3234375 0.0140625 0.05625
2 0.378125 0.3171875 0.021875 0.10625
2 0.2859375 0.1828125 0.0109375 0.0640625
2 0.7203125 0.51875 0.028125 0.0421875
2 0.43125 0.1640625 0.0078125 0.040625
2 0.3140625 0.290625 0.0140625 0.0390625
2 0.5875 0.134375 0.00625 0.028125
2 0.1671875 0.2296875 0.0140625 0.0828125
2 0.18125 0.3546875 0.025 0.121875
2 0.3140625 0.315625 0.015625 0.0890625
2 0.1703125 0.3703125 0.0328125 0.075
2 0.6265625 0.1625 0.0078125 0.0234375
2 0.025 0.353125 0.025 0.0296875
2 0.3203125 0.15625 0.0125 0.021875
2 0.41875 0.1609375 0.00625 0.0359375
2 0.471875 0.1515625 0.0078125 0.040625
2 0.159375 0.221875 0.0125 0.084375
2 0.0359375 0.1984375 0.015625 0.0671875
2 0.4859375 0.153125 0.00625 0.0359375
2 0.3875 0.1234375 0.00625 0.028125
2 0.578125 0.1375 0.00625 0.021875
2 0.6375 0.5296875 0.0109375 0.0421875
2 0.6125 0.165625 0.0078125 0.0234375
2 0.9125 0.221875 0.0078125 0.03125
2 0.6484375 0.5171875 0.0140625 0.0703125
2 0.9171875 0.7875 0.0265625 0.0765625
2 0.340625 0.3828125 0.015625 0.0640625
2 0.1015625 0.1640625 0.009375 0.04375
2 0.9609375 0.11875 0.00625 0.028125
2 0.0625 0.1890625 0.0109375 0.0640625
2 0.0375 0.1 0.0078125 0.028125
2 0.0734375 0.190625 0.0140625 0.0640625
2 0.028125 0.1625 0.0140625 0.0546875
2 0.490625 0.1578125 0.0078125 0.0390625
2 0.5640625 0.3984375 0.009375 0.0265625
2 0.4484375 0.1328125 0.0046875 0.015625
2 0.1109375 0.1625 0.009375 0.0515625
2 0.0484375 0.1125 0.0078125 0.028125
2 0.44375 0.3921875 0.021875 0.059375
2 0.1625 0.3609375 0.0171875 0.053125
2 0.20625 0.2515625 0.0078125 0.0296875
2 0.925 0.08125 0.0109375 0.028125
2 0.7203125 0.5390625 0.0296875 0.0828125
2 0.38125 0.284375 0.0140625 0.0390625
2 0.078125 0.1703125 0.009375 0.05625
2 0.05625 0.1765625 0.0109375 0.0609375
2 0.2984375 0.234375 0.0109375 0.06875
2 0.465625 0.1296875 0.00625 0.0234375
2 0.0703125 0.1546875 0.0078125 0.025
2 0.8234375 0.2390625 0.0078125 0.021875
2 0.6390625 0.1078125 0.0046875 0.021875
2 0.1 0.2875 0.009375 0.0203125
2 0.296875 0.2578125 0.009375 0.028125
2 0.3 0.2046875 0.00625 0.0125
2 0.3484375 0.125 0.0046875 0.0234375
2 0.640625 0.1390625 0.00625 0.025
2 0.8515625 0.1421875 0.00625 0.03125
2 0.621875 0.1265625 0.00625 0.03125
2 0.4671875 0.146875 0.009375 0.053125
2 0.028125 0.3484375 0.0171875 0.01875
2 0.684375 0.134375 0.00625 0.0328125
2 0.296875 0.2734375 0.0109375 0.05625
2 0.4921875 0.165625 0.00625 0.025
2 0.2015625 0.1265625 0.00625 0.0265625
2 0.678125 0.13125 0.00625 0.0328125
2 0.3375 0.13125 0.00625 0.0171875
2 0.296875 0.1328125 0.0046875 0.0171875
2 0.00625 0.3609375 0.0125 0.0265625