2 0.646875 0.634375 0.04375 0.2359375
2 0.440625 0.63125 0.053125 0.24375
2 0.7640625 0.9203125 0.09375 0.1578125
2 0.4921875 0.646875 0.053125 0.2765625
2 0.5875 0.628125 0.0359375 0.2375
2 0.7828125 0.828125 0.0609375 0.2171875
2 0.334375 0.3328125 0.028125 0.146875
2 0.2875 0.525 0.05 0.178125
2 0.565625 0.66875 0.046875 0.246875
2 0.1125 0.3859375 0.0421875 0.1671875
2 0.9015625 0.2875 0.01875 0.0640625
2 0.0796875 0.3890625 0.0296875 0.1625
2 0.15 0.3890625 0.0359375 0.16875
2 0.425 0.3859375 0.0296875 0.1609375
2 0.64375 0.209375 0.0109375 0.0703125
2 0.259375 0.3328125 0.028125 0.13125
2 0.415625 0.284375 0.021875 0.059375
2 0.9203125 0.7109375 0.05625 0.2453125
2 0.23125 0.328125 0.028125 0.140625
2 0.4484375 0.3203125 0.0203125 0.0640625
2 0.3984375 0.40625 0.0328125 0.1703125
2 0.109375 0.90625 0.0828125 0.1828125
2 0.290625 0.2453125 0.0171875 0.0953125
2 0.215625 0.8140625 0.040625 0.0484375
2 0.346875 0.4828125 0.040625 0.1359375
2 0.4609375 0.834375 0.0296875 0.0390625
2 0.13125 0.8546875 0.040625 0.08125
2 0.4359375 0.7859375 0.0234375 0.071875
2 0.45 0.8015625 0.0515625 0.103125
2 0.165625 0.2421875 0.025 0.084375
2 0.8375 0.5109375 0.0296875 0.0421875
2 0.221875 0.2984375 0.01875 0.1296875
2 0.3484375 0.5390625 0.0453125 0.246875
2 0.190625 0.2359375 0.01875 0.09375
2 0.3875 0.3875 0.0171875 0.1484375
2 0.2671875 0.21875 0.015625 0.071875
2 0.203125 0.2625 0.0234375 0.103125
2 0.25 0.2203125 0.0125 0.0625
2 0.9 0.2421875 0.00625 0.0234375
2 0.890625 0.5703125 0.0203125 0.078125
2 0.2734375 0.1953125 0.0125 0.0734375
2 0.3890625 0.1484375 0.00625 0.0296875
2 0.2328125 0.2234375 0.021875 0.0828125
2 0.0109375 0.559375 0.021875 0.16875
2 0.8796875 0.3109375 0.015625 0.0265625
2 0.39375 0.146875 0.015625 0.0359375
2 0.878125 0.2140625 0.0109375 0.071875
2 0.253125 0.16875 0.0109375 0.05625
2 0.221875 0.1859375 0.0140625 0.0640625
2 0.2125 0.14375 0.0140625 0.0625
2 0.046875 0.8265625 0.0390625 0.078125
2 0.23125 0.1515625 0.015625 0.0578125
2 0.196875 0.146875 0.0140625 0.0671875
2 0.16875 0.8265625 0.03125 0.0375
2 0.15 0.2609375 0.015625 0.0828125
2 0.896875 0.1859375 0.009375 0.071875
2 0.8890625 0.0375 0.028125 0.0734375
2 0.5796875 0.3796875 0.0171875 0.0203125
2 0.3578125 0.228125 0.0125 0.0359375
2 0.98125 0.80625 0.0359375 0.1375
2 0.3609375 0.6171875 0.0203125 0.09375
2 0.9890625 0.21875 0.009375 0.046875
2 0.2515625 0.8015625 0.0265625 0.0234375
2 0.8375 0.5015625 0.0125 0.021875
2 0.8953125 0.1984375 0.009375 0.0484375
2 0.6421875 0.190625 0.009375 0.034375
2 0.725 0.1328125 0.00625 0.0390625
2 0.34375 0.23125 0.0125 0.0375
2 0.3390625 0.625 0.065625 0.078125
2 0.2484375 0.178125 0.0125 0.053125
2 0.8953125 0.659375 0.0359375 0.0578125
2 0.2734375 0.1796875 0.0109375 0.0421875
2 0.1671875 0.084375 0.0234375 0.0453125
2 0.009375 0.5140625 0.01875 0.0765625
2 0.2109375 0.24375 0.0140625 0.0890625