2 0.84375 0.7125 0.059375 0.2859375
2 0.6734375 0.8375 0.0828125 0.3203125
2 0.15625 0.396875 0.0359375 0.190625
2 0.375 0.4734375 0.04375 0.215625
2 0.3515625 0.53125 0.04375 0.1859375
2 0.1109375 0.309375 0.021875 0.115625
2 0.221875 0.53125 0.05625 0.1015625
2 0.353125 0.328125 0.0234375 0.13125
2 0.6234375 0.740625 0.0453125 0.321875
2 0.5890625 0.846875 0.065625 0.2890625
2 0.3890625 0.3296875 0.0234375 0.134375
2 0.715625 0.278125 0.0140625 0.0796875
2 0.271875 0.5078125 0.0421875 0.196875
2 0.603125 0.48125 0.046875 0.1765625
2 0.8625 0.1984375 0.0140625 0.0859375
2 0.6453125 0.6 0.046875 0.2640625
2 0.25 0.4203125 0.034375 0.1828125
2 0.5375 0.4609375 0.053125 0.1859375
2 0.2953125 0.4171875 0.0390625 0.1609375
2 0.515625 0.478125 0.0203125 0.19375
2 0.8328125 0.5171875 0.0328125 0.0890625
2 0.3015625 0.2734375 0.021875 0.1015625
2 0.7703125 0.28125 0.0078125 0.0765625
2 0.1328125 0.8609375 0.034375 0.0765625
2 0.21875 0.3546875 0.0328125 0.1484375
2 0.8890625 0.19375 0.0109375 0.05625
2 0.521875 0.6859375 0.034375 0.19375
2 0.7421875 0.2890625 0.0140625 0.0921875
2 0.659375 0.540625 0.03125 0.19375
2 0.5375 0.5734375 0.05 0.1390625
2 0.1203125 0.215625 0.0171875 0.0515625
2 0.5515625 0.7328125 0.046875 0.2984375
2 0.2796875 0.434375 0.0125 0.025
2 0.434375 0.4921875 0.009375 0.0625
2 0.65625 0.265625 0.009375 0.0359375
2 0.26875 0.3578125 0.025 0.1171875
2 0.578125 0.378125 0.015625 0.025
2 0.25 0.2609375 0.021875 0.0921875
2 0.25 0.171875 0.0125 0.06875
2 0.8296875 0.5109375 0.025 0.04375
2 0.515625 0.4140625 0.01875 0.0640625
2 0.8875 0.0375 0.0234375 0.075
2 0.1828125 0.290625 0.0234375 0.134375
2 0.2640625 0.271875 0.01875 0.0984375
2 0.59375 0.5765625 0.040625 0.096875
2 0.290625 0.25625 0.0140625 0.0890625
2 0.203125 0.3 0.0203125 0.1171875
2 0.2359375 0.2 0.0140625 0.065625
2 0.3875 0.1484375 0.0078125 0.0328125
2 0.146875 0.209375 0.01875 0.0640625
2 0.2859375 0.378125 0.0203125 0.0609375
2 0.871875 0.2109375 0.0140625 0.0734375
2 0.1234375 0.8796875 0.0515625 0.1140625
2 0.228125 0.2875 0.0171875 0.05
2 0.678125 0.5984375 0.0265625 0.08125
2 0.221875 0.6578125 0.0578125 0.35625
2 0.2234375 0.8140625 0.05625 0.04375
2 0.9 0.5734375 0.021875 0.0765625
2 0.70625 0.2203125 0.0078125 0.0515625
2 0.9734375 0.26875 0.0109375 0.0171875
2 0.2625 0.190625 0.0140625 0.0609375
2 0.2203125 0.18125 0.015625 0.0640625
2 0.7828125 0.28125 0.03125 0.078125
2 0.8859375 0.584375 0.0234375 0.1015625
2 0.18125 0.20625 0.0171875 0.04375
2 0.2765625 0.215625 0.0140625 0.084375
2 0.3828125 0.31875 0.0140625 0.1140625
2 0.2015625 0.2015625 0.01875 0.0515625
2 0.5484375 0.390625 0.009375 0.0265625
2 0.8546875 0.540625 0.0765625 0.1359375
2 0.228125 0.31875 0.0171875 0.1125
2 0.3828125 0.2859375 0.0125 0.0453125
2 0.203125 0.2375 0.025 0.0484375
2 0.709375 0.3109375 0.0125 0.028125
2 0.4375 0.265625 0.0140625 0.0328125
2 0.1953125 0.165625 0.0125 0.05625
2 0.8625 0.221875 0.0109375 0.0421875
2 0.21875 0.134375 0.009375 0.028125
2 0.0765625 0.2140625 0.015625 0.0265625
2 0.1625 0.2546875 0.01875 0.078125
2 0.1703125 0.26875 0.0109375 0.065625
2 0.384375 0.2734375 0.0109375 0.0328125
2 0.8 0.99375 0.0234375 0.0109375
2 0.1390625 0.25625 0.021875 0.1140625
2 0.209375 0.159375 0.0109375 0.0609375
2 0.1765625 0.2328125 0.0078125 0.0265625
2 0.2859375 0.4609375 0.0265625 0.078125
2 0.159375 0.31875 0.0265625 0.05
2 0.5890625 0.36875 0.0125 0.040625
2 0.796875 0.2796875 0.0125 0.0484375
2 0.840625 0.5125 0.0171875 0.0796875
2 0.5828125 0.7515625 0.059375 0.3109375
2 0.5375 0.64375 0.05 0.2796875
2 0.6578125 0.4890625 0.0296875 0.0890625
2 0.16875 0.2890625 0.015625 0.109375
2 0.79375 0.2671875 0.0078125 0.0484375
2 0.2703125 0.1984375 0.009375 0.046875
2 0.9046875 0.1984375 0.0078125 0.04375
2 0.434375 0.4734375 0.0125 0.1
2 0.5171875 0.79375 0.0265625 0.1890625
2 0.515625 0.4 0.015625 0.0375
2 0.9921875 0.296875 0.015625 0.059375
2 0.6 0.5578125 0.0296875 0.0609375