2 0.8046875 0.60625 0.040625 0.1546875
2 0.0890625 0.490625 0.034375 0.1671875
2 0.8421875 0.21875 0.009375 0.046875
2 0.846875 0.6359375 0.053125 0.15625
2 0.384375 0.29375 0.0140625 0.0515625
2 0.246875 0.30625 0.015625 0.08125
2 0.496875 0.1890625 0.0109375 0.0390625
2 0.2296875 0.3046875 0.01875 0.0890625
2 0.2703125 0.3078125 0.01875 0.0921875
2 0.9390625 0.5703125 0.0421875 0.196875
2 0.709375 0.1421875 0.0046875 0.028125
2 0.196875 0.221875 0.0109375 0.05625
2 0.8421875 0.5703125 0.0234375 0.065625
2 0.18125 0.2234375 0.0125 0.053125
2 0.5 0.146875 0.0078125 0.03125
2 0.353125 0.196875 0.0078125 0.0265625
2 0.3078125 0.30625 0.0171875 0.08125
2 0.3671875 0.2953125 0.009375 0.0234375
2 0.4375 0.1390625 0.0078125 0.0296875
2 0.284375 0.30625 0.0140625 0.0875
2 0.0609375 0.1515625 0.0125 0.046875
2 0.30625 0.23125 0.0078125 0.0546875
2 0.9171875 0.1546875 0.0078125 0.03125
2 0.31875 0.2984375 0.0125 0.078125
2 0.3015625 0.2359375 0.015625 0.059375
2 0.8703125 0.146875 0.0046875 0.0265625
2 0.9046875 0.3125 0.0171875 0.0546875
2 0.296875 0.3 0.0171875 0.084375
2 0.5703125 0.43125 0.04375 0.0734375
2 0.6515625 0.14375 0.0046875 0.0203125
2 0.4140625 0.1421875 0.0078125 0.028125
2 0.4296875 0.1390625 0.00625 0.03125
2 0.2125 0.1875 0.009375 0.0421875
2 0.296875 0.2453125 0.0125 0.046875
2 0.253125 0.1140625 0.00625 0.025
2 0.1765625 0.1890625 0.009375 0.040625
2 0.0796875 0.1328125 0.0125 0.0375
2 0.1359375 0.1828125 0.0078125 0.0125
2 0.134375 0.153125 0.00625 0.028125
2 0.0828125 0.3421875 0.009375 0.0734375
2 0.7171875 0.1296875 0.0046875 0.0171875
2 0.2546875 0.1953125 0.0109375 0.0171875
2 0.359375 0.2921875 0.00625 0.0203125
2 0.6578125 0.1421875 0.0046875 0.0234375
2 0.509375 0.1515625 0.0078125 0.0265625
2 0.29375 0.246875 0.009375 0.04375
2 0.0875 0.1609375 0.00625 0.01875
2 0.9078125 0.29375 0.009375 0.01875
2 0.15 0.1515625 0.00625 0.028125
2 0.4765625 0.1234375 0.0046875 0.0140625
2 0.7625 0.1296875 0.0046875 0.01875
2 0.63125 0.146875 0.003125 0.0109375
2 0.809375 0.134375 0.0046875 0.01875
2 0.3140625 0.1125 0.0046875 0.01875
2 0.1953125 0.1734375 0.00625 0.0296875
2 0.2015625 0.190625 0.009375 0.0375
2 0.6828125 0.1421875 0.0046875 0.0203125
2 0.5703125 0.1265625 0.0046875 0.0171875
2 0.8765625 0.134375 0.0046875 0.0171875
2 0.3078125 0.2859375 0.0125 0.0375
2 0.553125 0.125 0.003125 0.0140625
2 0.7953125 0.13125 0.0046875 0.0171875
2 0.70625 0.0953125 0.0046875 0.0140625
2 0.06875 0.1484375 0.00625 0.01875
2 0.5828125 0.14375 0.0046875 0.0140625
2 0.60625 0.2203125 0.00625 0.021875
2 0.725 0.15 0.0046875 0.0140625
2 0.675 0.140625 0.0046875 0.015625
2 0.4921875 0.121875 0.003125 0.0125
2 0.8390625 0.60625 0.034375 0.1390625
2 0.6359375 0.2140625 0.0078125 0.021875
2 0.0359375 0.16875 0.009375 0.0171875
2 0.246875 0.1140625 0.00625 0.0203125
2 0.9125 0.5875 0.096875 0.23125
2 0.3921875 0.125 0.0046875 0.0234375
2 0.9546875 0.1578125 0.00625 0.015625
2 0.5765625 0.1421875 0.003125 0.0125
2 0.634375 0.125 0.0046875 0.0203125
2 0.4234375 0.11875 0.003125 0.0140625
2 0.5546875 0.2125 0.00625 0.025
2 0.4875 0.1234375 0.0046875 0.015625
2 0.66875 0.1421875 0.0046875 0.0109375
2 0.9109375 0.2984375 0.0140625 0.0265625
2 0.8765625 0.6796875 0.075 0.1125
2 0.240625 0.1171875 0.0046875 0.0203125
2 0.490625 0.175 0.00625 0.025
2 0.065625 0.14375 0.00625 0.028125
2 0.434375 0.1375 0.0140625 0.0328125
2 0.503125 0.2015625 0.0140625 0.0578125
2 0.653125 0.14375 0.003125 0.021875
2 0.4046875 0.321875 0.01875 0.046875
2 0.29375 0.2984375 0.0109375 0.084375
2 0.2546875 0.2 0.015625 0.0265625