2 0.8140625 0.6078125 0.046875 0.15625
2 0.66875 0.6234375 0.0484375 0.2140625
2 0.909375 0.5828125 0.0390625 0.1265625
2 0.2484375 0.36875 0.028125 0.125
2 0.7046875 0.475 0.0296875 0.11875
2 0.7015625 0.65625 0.040625 0.19375
2 0.184375 0.26875 0.01875 0.0765625
2 0.84375 0.68125 0.0625 0.2328125
2 0.3125 0.31875 0.0203125 0.10625
2 0.265625 0.2890625 0.01875 0.0765625
2 0.628125 0.2515625 0.0125 0.06875
2 0.4828125 0.1953125 0.009375 0.0484375
2 0.390625 0.2921875 0.0125 0.046875
2 0.434375 0.203125 0.0109375 0.0484375
2 0.3546875 0.346875 0.021875 0.1015625
2 0.4515625 0.2015625 0.0109375 0.053125
2 0.86875 0.6578125 0.03125 0.2109375
2 0.2265625 0.290625 0.01875 0.090625
2 0.91875 0.153125 0.0109375 0.0359375
2 0.3703125 0.340625 0.015625 0.09375
2 0.21875 0.2734375 0.0125 0.071875
2 0.084375 0.1359375 0.0125 0.046875
2 0.975 0.7140625 0.046875 0.2
2 0.20625 0.26875 0.0125 0.071875
2 0.5453125 0.1609375 0.00625 0.028125
2 0.284375 0.3359375 0.0234375 0.1109375
2 0.965625 0.153125 0.0171875 0.0265625
2 0.6375 0.21875 0.00625 0.0234375
2 0.609375 0.2421875 0.009375 0.0625
2 0.1625 0.2 0.00625 0.0421875
2 0.421875 0.13125 0.0078125 0.0328125
2 0.2078125 0.1671875 0.0078125 0.0296875
2 0.9484375 0.1453125 0.0046875 0.01875
2 0.153125 0.1890625 0.0078125 0.0234375
2 0.575 0.140625 0.0046875 0.021875
2 0.98125 0.140625 0.009375 0.0140625
2 0.3328125 0.259375 0.015625 0.0390625
2 0.66875 0.1640625 0.0078125 0.0171875
2 0.3375 0.2640625 0.009375 0.03125
2 0.60625 0.14375 0.0046875 0.0171875
2 0.909375 0.3125 0.0203125 0.053125
2 0.6609375 0.146875 0.0046875 0.015625
2 0.1859375 0.1671875 0.0046875 0.0328125
2 0.690625 0.14375 0.0046875 0.01875
2 0.1453125 0.1859375 0.00625 0.0171875
2 0.9140625 0.1546875 0.0078125 0.0328125
2 0.55625 0.1734375 0.0046875 0.0265625
2 0.15 0.1609375 0.00625 0.021875
2 0.0796875 0.1765625 0.009375 0.0265625
2 0.9171875 0.3265625 0.0234375 0.0328125
2 0.871875 0.59375 0.025 0.0859375
2 0.8296875 0.1359375 0.0046875 0.021875
2 0.25625 0.2015625 0.009375 0.028125
2 0.653125 0.14375 0.0046875 0.0234375
2 0.3265625 0.265625 0.0109375 0.025
2 0.6765625 0.1390625 0.0046875 0.015625
2 0.8421875 0.1390625 0.0046875 0.0203125
2 0.553125 0.1625 0.0078125 0.028125
2 0.2609375 0.2015625 0.0078125 0.028125
2 0.4625 0.371875 0.009375 0.025
2 0.2453125 0.115625 0.00625 0.021875
2 0.115625 0.140625 0.00625 0.0265625
2 0.796875 0.1296875 0.003125 0.0140625
2 0.0953125 0.134375 0.00625 0.028125
2 0.31875 0.109375 0.0046875 0.01875
2 0.86875 0.5625 0.0140625 0.0265625
2 0.68125 0.140625 0.00625 0.015625
2 0.1078125 0.1375 0.00625 0.028125
2 0.503125 0.15625 0.0078125 0.015625
2 0.4796875 0.125 0.0046875 0.0140625
2 0.359375 0.19375 0.00625 0.01875
2 0.7796875 0.1375 0.00625 0.0265625
2 0.1546875 0.1953125 0.0078125 0.034375
2 0.3796875 0.3296875 0.0109375 0.05625
2 0.4953125 0.15 0.009375 0.021875
2 0.228125 0.1671875 0.00625 0.021875
2 0.15 0.159375 0.009375 0.0390625
2 0.2578125 0.1140625 0.0046875 0.0203125
2 0.75 0.1609375 0.00625 0.021875
2 0.065625 0.1515625 0.0140625 0.0453125
2 0.975 0.775 0.0453125 0.075
2 0.2515625 0.2015625 0.0078125 0.0265625
2 0.55 0.1609375 0.015625 0.03125