2 0.465625 0.5140625 0.028125 0.1703125
2 0.2515625 0.5109375 0.040625 0.20625
2 0.346875 0.7421875 0.071875 0.1984375
2 0.41875 0.5171875 0.0421875 0.171875
2 0.853125 0.421875 0.021875 0.096875
2 0.609375 0.5390625 0.0609375 0.1859375
2 0.56875 0.221875 0.0109375 0.0609375
2 0.93125 0.7546875 0.040625 0.1265625
2 0.2109375 0.4234375 0.03125 0.103125
2 0.6859375 0.41875 0.0328125 0.153125
2 0.2359375 0.4109375 0.028125 0.075
2 0.7140625 0.2953125 0.021875 0.075
2 0.159375 0.3609375 0.0203125 0.0375
2 0.8625 0.9453125 0.059375 0.1078125
2 0.803125 0.9390625 0.084375 0.121875
2 0.684375 0.215625 0.0109375 0.059375
2 0.6953125 0.21875 0.0140625 0.059375
2 0.5578125 0.94375 0.0890625 0.109375
2 0.6828125 0.4703125 0.028125 0.0484375
2 0.378125 0.3140625 0.01875 0.1015625
2 0.0890625 0.2359375 0.0171875 0.084375
2 0.7046875 0.21875 0.0078125 0.05625
2 0.0140625 0.3546875 0.0125 0.0234375
2 0.1171875 0.3015625 0.0171875 0.103125
2 0.4359375 0.1625 0.0109375 0.0421875
2 0.48125 0.153125 0.0078125 0.040625
2 0.7640625 0.1609375 0.0078125 0.028125
2 0.8765625 0.4515625 0.0171875 0.065625
2 0.325 0.2921875 0.025 0.046875
2 0.115625 0.2140625 0.015625 0.0734375
2 0.3859375 0.3875 0.0203125 0.0734375
2 0.7328125 0.9921875 0.025 0.0125
2 0.54375 0.43125 0.021875 0.1015625
2 0.31875 0.2890625 0.0125 0.0390625
2 0.3234375 0.315625 0.0265625 0.09375
2 0.1171875 0.2609375 0.0140625 0.021875
2 0.8234375 0.5671875 0.0234375 0.0625
2 0.3375 0.128125 0.00625 0.021875
2 0.034375 0.346875 0.0109375 0.015625
2 0.0515625 0.2296875 0.015625 0.0765625
2 0.0703125 0.153125 0.0125 0.05
2 0.8515625 0.1421875 0.00625 0.034375
2 0.3859375 0.121875 0.00625 0.028125
2 0.0765625 0.18125 0.0125 0.0390625
2 0.0703125 0.2078125 0.0171875 0.0421875
2 0.465625 0.1484375 0.00625 0.0578125
2 0.20625 0.2515625 0.0078125 0.028125
2 0.4640625 0.1359375 0.00625 0.0328125
2 0.55 0.446875 0.0109375 0.053125
2 0.3515625 0.1234375 0.00625 0.0234375
2 0.9875 0.8703125 0.0234375 0.0328125
2 0.296875 0.125 0.00625 0.0265625
2 0.4921875 0.1671875 0.00625 0.0265625
2 0.0921875 0.16875 0.0078125 0.025
2 0.490625 0.1640625 0.009375 0.03125
2 0.05625 0.1375 0.009375 0.04375
2 0.65625 0.5546875 0.01875 0.0296875
2 0.1625 0.2109375 0.009375 0.0328125
2 0.0609375 0.184375 0.0125 0.04375
2 0.68125 0.575 0.04375 0.153125
2 0.9140625 0.940625 0.0359375 0.078125
2 0.315625 0.29375 0.0078125 0.034375
2 0.1046875 0.1671875 0.009375 0.0375
2 0.03125 0.165625 0.0109375 0.05
2 0.0375 0.171875 0.009375 0.05
2 0.1578125 0.196875 0.0140625 0.059375
2 0.3921875 0.1234375 0.00625 0.025
2 0.409375 0.1203125 0.0046875 0.0265625
2 0.3953125 0.1265625 0.00625 0.01875
2 0.665625 0.575 0.0375 0.153125
2 0.01875 0.15 0.0109375 0.046875
2 0.7875 0.196875 0.00625 0.0203125
2 0.5265625 0.4015625 0.0234375 0.040625
2 0.7515625 0.1625 0.00625 0.0296875
2 0.03125 0.2234375 0.021875 0.059375
2 0.5921875 0.471875 0.0078125 0.015625
2 0.2859375 0.1265625 0.00625 0.021875
2 0.828125 0.1546875 0.00625 0.0234375
2 0.9234375 0.0796875 0.0109375 0.025
2 0.1875 0.0625 0.0078125 0.0390625
2 0.7859375 0.215625 0.00625 0.059375
2 0.3140625 0.31875 0.015625 0.0828125
2 0.296875 0.2578125 0.009375 0.028125
2 0.871875 0.14375 0.00625 0.025
2 0.1109375 0.2875 0.0296875 0.0734375
2 0.640625 0.1375 0.00625 0.028125
2 0.6140625 0.4625 0.0515625 0.0359375
2 0.296875 0.271875 0.0109375 0.05625
2 0.0109375 0.3625 0.0203125 0.0390625
2 0.06875 0.2265625 0.01875 0.08125