2 0.40625 0.853125 0.053125 0.2890625
2 0.4375 0.584375 0.04375 0.24375
2 0.6609375 0.540625 0.028125 0.184375
2 0.565625 0.8640625 0.06875 0.2671875
2 0.5 0.8515625 0.06875 0.29375
2 0.90625 0.8515625 0.0578125 0.2765625
2 0.8375 0.853125 0.05625 0.2921875
2 0.6 0.5390625 0.0296875 0.175
2 0.9875 0.159375 0.009375 0.04375
2 0.5140625 0.6 0.046875 0.23125
2 0.4125 0.43125 0.03125 0.1390625
2 0.6265625 0.53125 0.0265625 0.1875
2 0.4796875 0.4515625 0.034375 0.146875
2 0.2625 0.384375 0.0234375 0.1546875
2 0.28125 0.39375 0.0265625 0.1546875
2 0.1375 0.29375 0.0265625 0.1078125
2 0.44375 0.1671875 0.009375 0.0421875
2 0.875 0.4515625 0.01875 0.0671875
2 0.5921875 0.134375 0.00625 0.0265625
2 0.7078125 0.1359375 0.00625 0.028125
2 0.4953125 0.5390625 0.034375 0.2078125
2 0.384375 0.403125 0.01875 0.05
2 0.5234375 0.21875 0.009375 0.0515625
2 0.0765625 0.2078125 0.015625 0.0421875
2 0.325 0.4109375 0.0234375 0.171875
2 0.475 0.1640625 0.0078125 0.0390625
2 0.43125 0.16875 0.009375 0.0421875
2 0.146875 0.3234375 0.015625 0.0953125
2 0.3109375 0.4234375 0.03125 0.171875
2 0.6140625 0.1234375 0.0046875 0.0359375
2 0.1671875 0.3125 0.0078125 0.0859375
2 0.440625 0.1265625 0.00625 0.021875
2 0.48125 0.128125 0.0046875 0.0296875
2 0.0921875 0.2328125 0.0140625 0.0703125
2 0.0171875 0.1828125 0.0171875 0.0671875
2 0.49375 0.1703125 0.0046875 0.0234375
2 0.63125 0.1234375 0.00625 0.03125
2 0.3953125 0.165625 0.00625 0.03125
2 0.625 0.1265625 0.0078125 0.0328125
2 0.89375 0.140625 0.00625 0.03125
2 0.396875 0.1234375 0.003125 0.0203125
2 0.5484375 0.396875 0.0125 0.0328125
2 0.5296875 0.2265625 0.0078125 0.0359375
2 0.1546875 0.3203125 0.03125 0.1015625
2 0.771875 0.1640625 0.0046875 0.0234375
2 0.3453125 0.1234375 0.00625 0.0265625
2 0.4 0.378125 0.0390625 0.096875
2 0.121875 0.1828125 0.009375 0.040625
2 0.31875 0.1421875 0.0046875 0.046875
2 0.2078125 0.2515625 0.0078125 0.028125
2 0.0484375 0.1359375 0.009375 0.04375
2 0.128125 0.2140625 0.0109375 0.06875
2 0.3375 0.121875 0.00625 0.028125
2 0.4859375 0.1625 0.0078125 0.0390625
2 0.925 0.0796875 0.009375 0.0265625
2 0.3296875 0.1265625 0.00625 0.021875
2 0.409375 0.35 0.0171875 0.0390625
2 0.0203125 0.134375 0.009375 0.0421875
2 0.959375 0.121875 0.00625 0.0140625
2 0.1046875 0.2140625 0.0109375 0.0609375
2 0.5265625 0.4015625 0.0234375 0.0421875
2 0.1046875 0.1984375 0.009375 0.03125
2 0.053125 0.13125 0.0078125 0.0484375
2 0.109375 0.21875 0.0140625 0.053125
2 0.203125 0.140625 0.0078125 0.0140625
2 0.85 0.134375 0.009375 0.046875
2 0.140625 0.2015625 0.0109375 0.0359375
2 0.296875 0.2609375 0.0078125 0.03125
2 0.146875 0.203125 0.0078125 0.04375
2 0.403125 0.3609375 0.028125 0.0625
2 0.3046875 0.403125 0.015625 0.11875
2 0.346875 0.121875 0.00625 0.028125
2 0.828125 0.1546875 0.00625 0.028125
2 0.2953125 0.271875 0.009375 0.053125
2 0.8703125 0.1453125 0.0078125 0.0234375
2 0.2984375 0.259375 0.00625 0.028125
2 0.540625 0.1109375 0.00625 0.0171875
2 0.684375 0.1421875 0.0046875 0.021875
2 0.340625 0.11875 0.0046875 0.021875
2 0.4359375 0.1109375 0.0046875 0.0171875
2 0.6765625 0.153125 0.0078125 0.0390625
2 0.31875 0.1265625 0.003125 0.021875
2 0.4671875 0.1265625 0.0046875 0.0328125
2 0.6765625 0.140625 0.0046875 0.015625
2 0.66875 0.1234375 0.00625 0.0390625
2 0.86875 0.1453125 0.0046875 0.0234375
2 0.5109375 0.16875 0.00625 0.021875
2 0.85 0.14375 0.0046875 0.025
2 0.753125 0.159375 0.0078125 0.0359375
2 0.640625 0.1375 0.00625 0.025
2 0.66875 0.1140625 0.0046875 0.021875
2 0.540625 0.121875 0.0078125 0.0375
2 0.00625 0.36875 0.0109375 0.0359375
2 0.121875 0.1734375 0.0078125 0.021875
2 0.0046875 0.13125 0.009375 0.0421875
2 0.9890625 0.4609375 0.0109375 0.075
2 0.4390625 0.1671875 0.00625 0.040625
2 0.5234375 0.1921875 0.0078125 0.0421875