2 0.165625 0.759375 0.053125 0.25625
2 0.425 0.45625 0.034375 0.1640625
2 0.4640625 0.45625 0.025 0.1515625
2 0.715625 0.4234375 0.0265625 0.159375
2 0.740625 0.4234375 0.028125 0.134375
2 0.5078125 0.4546875 0.0359375 0.1765625
2 0.8296875 0.2078125 0.0125 0.0578125
2 0.7890625 0.2390625 0.0140625 0.065625
2 0.8015625 0.24375 0.0109375 0.0578125
2 0.8203125 0.2140625 0.009375 0.04375
2 0.49375 0.4109375 0.01875 0.0890625
2 0.2265625 0.740625 0.0546875 0.265625
2 0.6765625 0.2390625 0.009375 0.0203125
2 0.8953125 0.371875 0.0453125 0.1671875
2 0.30625 0.4453125 0.0359375 0.115625
2 0.19375 0.434375 0.009375 0.0234375
2 0.8296875 0.159375 0.0078125 0.021875
2 0.84375 0.5890625 0.0265625 0.2140625
2 0.4859375 0.496875 0.021875 0.05625
2 0.6765625 0.259375 0.0109375 0.059375
2 0.8828125 0.1328125 0.00625 0.03125
2 0.303125 0.48125 0.0265625 0.0453125
2 0.8140625 0.753125 0.034375 0.1296875
2 0.7578125 0.8859375 0.103125 0.228125
2 0.175 0.4515625 0.0078125 0.021875
2 0.6953125 0.25625 0.0078125 0.0484375
2 0.8828125 0.7359375 0.021875 0.0421875
2 0.259375 0.440625 0.009375 0.025
2 0.8046875 0.7984375 0.03125 0.1578125
2 0.2703125 0.4296875 0.009375 0.025
2 0.9375 0.5734375 0.0453125 0.259375
2 0.815625 0.7125 0.05 0.1859375
2 0.16875 0.5140625 0.0125 0.05625
2 0.1796875 0.5109375 0.0140625 0.0578125
2 0.6953125 0.2453125 0.00625 0.0234375
2 0.3125 0.4625 0.025 0.0765625
2 0.178125 0.5015625 0.009375 0.0359375
2 0.821875 0.6703125 0.0390625 0.103125
2 0.809375 0.8390625 0.0421875 0.3015625
2 0.171875 0.4265625 0.0078125 0.0234375
2 0.7859375 0.8359375 0.0421875 0.128125
2 0.903125 0.146875 0.00625 0.028125
2 0.1796875 0.4203125 0.009375 0.021875
2 0.9328125 0.140625 0.00625 0.028125
2 0.8375 0.1390625 0.00625 0.028125
2 0.859375 0.1390625 0.00625 0.025
2 0.3078125 0.4875 0.0171875 0.0328125
2 0.1671875 0.4984375 0.0078125 0.0234375
2 0.496875 0.4484375 0.025 0.1640625
2 0.4890625 0.48125 0.0140625 0.025
2 0.8671875 0.1359375 0.00625 0.0234375
2 0.490625 0.4234375 0.009375 0.0640625
2 0.80625 0.6515625 0.0328125 0.1734375
2 0.828125 0.159375 0.0046875 0.01875