2 0.3640625 0.746875 0.0484375 0.2671875
2 0.6046875 0.5546875 0.04375 0.1796875
2 0.428125 0.7234375 0.0609375 0.3078125
2 0.934375 0.759375 0.0515625 0.1328125
2 0.853125 0.421875 0.0203125 0.0953125
2 0.234375 0.4203125 0.0453125 0.1125
2 0.734375 0.21875 0.0125 0.053125
2 0.76875 0.2921875 0.0125 0.0578125
2 0.378125 0.3109375 0.01875 0.0890625
2 0.3265625 0.54375 0.0375 0.2171875
2 0.1796875 0.2515625 0.0203125 0.09375
2 0.4359375 0.5484375 0.046875 0.1390625
2 0.5453125 0.5015625 0.03125 0.1484375
2 0.85 0.965625 0.0453125 0.0671875
2 0.49375 0.60625 0.046875 0.190625
2 0.4515625 0.1640625 0.009375 0.040625
2 0.559375 0.6171875 0.0390625 0.1984375
2 0.528125 0.628125 0.0359375 0.1796875
2 0.3921875 0.5421875 0.0453125 0.221875
2 0.309375 0.290625 0.015625 0.0390625
2 0.3734375 0.4078125 0.03125 0.1078125
2 0.3609375 0.496875 0.0359375 0.18125
2 0.31875 0.4125 0.028125 0.109375
2 0.475 0.1671875 0.0078125 0.0375
2 0.4828125 0.16875 0.009375 0.0328125
2 0.11875 0.253125 0.015625 0.0640625
2 0.875 0.4515625 0.015625 0.0625
2 0.740625 0.1640625 0.009375 0.0265625
2 0.3953125 0.3890625 0.0265625 0.0875
2 0.4171875 0.4078125 0.0296875 0.1140625
2 0.6890625 0.1328125 0.0046875 0.0296875
2 0.3359375 0.421875 0.028125 0.0984375
2 0.1359375 0.3546875 0.0140625 0.021875
2 0.071875 0.1921875 0.0109375 0.05625
2 0.0546875 0.1984375 0.0140625 0.0609375
2 0.571875 0.165625 0.0078125 0.021875
2 0.1109375 0.1984375 0.0125 0.0640625
2 0.3890625 0.1234375 0.00625 0.0265625
2 0.2421875 0.26875 0.0140625 0.0765625
2 0.40625 0.3515625 0.0140625 0.04375
2 0.1296875 0.2453125 0.015625 0.078125
2 0.20625 0.25 0.009375 0.03125
2 0.4109375 0.51875 0.0265625 0.1796875
2 0.90625 0.79375 0.01875 0.05625
2 0.39375 0.1234375 0.00625 0.028125
2 0.090625 0.184375 0.0125 0.0515625
2 0.6953125 0.134375 0.0078125 0.03125
2 0.1234375 0.1875 0.0125 0.05625
2 0.034375 0.19375 0.01875 0.0703125
2 0.140625 0.2328125 0.0109375 0.0640625
2 0.4921875 0.1640625 0.00625 0.0359375
2 0.309375 0.3140625 0.0171875 0.0875
2 0.7515625 0.1625 0.0078125 0.028125
2 0.35 0.1203125 0.009375 0.03125
2 0.465625 0.15625 0.00625 0.0515625
2 0.134375 0.2 0.0125 0.04375
2 0.65625 0.55 0.01875 0.021875
2 0.3453125 0.38125 0.0203125 0.0671875
2 0.015625 0.35625 0.0140625 0.0234375
2 0.971875 0.959375 0.0546875 0.0796875
2 0.521875 0.546875 0.0171875 0.04375
2 0.984375 0.86875 0.03125 0.034375
2 0.0578125 0.159375 0.0140625 0.0546875
2 0.465625 0.1421875 0.00625 0.0234375
2 0.4328125 0.1234375 0.0046875 0.025
2 0.0328125 0.3484375 0.0125 0.015625
2 0.346875 0.1234375 0.00625 0.0265625
2 0.0140625 0.1875 0.015625 0.04375
2 0.296875 0.2578125 0.0078125 0.0265625
2 0.2609375 0.2828125 0.01875 0.0625
2 0.1640625 0.2078125 0.0078125 0.0390625
2 0.05 0.1390625 0.0109375 0.046875
2 0.01875 0.1546875 0.0140625 0.0421875
2 0.9234375 0.0796875 0.0125 0.0265625
2 0.971875 0.990625 0.0546875 0.015625
2 0.4828125 0.14375 0.0078125 0.0265625
2 0.0390625 0.14375 0.0109375 0.0546875
2 0.04375 0.15625 0.0109375 0.0453125
2 0.2875 0.13125 0.0046875 0.0125
2 0.103125 0.1671875 0.0109375 0.0359375
2 0.421875 0.1171875 0.00625 0.028125
2 0.253125 0.2390625 0.015625 0.05625
2 0.828125 0.15625 0.00625 0.0265625
2 0.228125 0.39375 0.03125 0.05625
2 0.66875 0.1140625 0.0046875 0.0203125
2 0.446875 0.171875 0.0046875 0.028125
2 0.66875 0.1234375 0.00625 0.0390625
2 0.3375 0.128125 0.00625 0.021875
2 0.521875 0.6046875 0.021875 0.1609375
2 0.9328125 0.84375 0.05625 0.30625
2 0.2984375 0.1515625 0.0046875 0.0234375
2 0.990625 0.4515625 0.0171875 0.09375
2 0.8515625 0.1421875 0.00625 0.03125
2 0.353125 0.1203125 0.00625 0.028125
2 0.009375 0.225 0.01875 0.071875