2 0.2515625 0.6859375 0.06875 0.171875
2 0.553125 0.9125 0.04375 0.1734375
2 0.1984375 0.3546875 0.0171875 0.0578125
2 0.684375 0.68125 0.0421875 0.2015625
2 0.75625 0.7609375 0.0703125 0.2625
2 0.6328125 0.4296875 0.034375 0.096875
2 0.315625 0.3328125 0.015625 0.0640625
2 0.853125 0.5390625 0.0328125 0.1625
2 0.765625 0.5140625 0.0296875 0.153125
2 0.1546875 0.2515625 0.0109375 0.03125
2 0.46875 0.2640625 0.0125 0.025
2 0.940625 0.45625 0.015625 0.0328125
2 0.728125 0.46875 0.0265625 0.115625
2 0.5609375 0.2765625 0.0125 0.03125
2 0.3015625 0.2515625 0.01875 0.028125
2 0.7328125 0.63125 0.0359375 0.1328125
2 0.3953125 0.25625 0.0109375 0.0171875
2 0.81875 0.3015625 0.0125 0.05625
2 0.6109375 0.2625 0.015625 0.0234375
2 0.7609375 0.3796875 0.0171875 0.0875
2 0.9078125 0.490625 0.03125 0.125
2 0.878125 0.26875 0.009375 0.0484375
2 0.8921875 0.4421875 0.025 0.128125
2 0.8546875 0.4234375 0.01875 0.0953125
2 0.8 0.375 0.015625 0.0921875
2 0.965625 0.378125 0.0140625 0.096875
2 0.8421875 0.3015625 0.009375 0.0515625
2 0.9171875 0.40625 0.0203125 0.1015625
2 0.7359375 0.43125 0.021875 0.103125
2 0.5140625 0.2265625 0.00625 0.03125
2 0.7765625 0.3140625 0.009375 0.0390625
2 0.8609375 0.253125 0.0078125 0.0328125
2 0.934375 0.3828125 0.015625 0.0875
2 0.7765625 0.378125 0.015625 0.0875
2 0.8484375 0.2875 0.0125 0.0609375
2 0.7875 0.378125 0.0140625 0.090625
2 0.0484375 0.175 0.0046875 0.0171875
2 0.8484375 0.421875 0.009375 0.0625
2 0.9140625 0.271875 0.0109375 0.0375
2 0.090625 0.16875 0.0046875 0.0140625
2 0.45 0.190625 0.0046875 0.015625
2 0.30625 0.2546875 0.0109375 0.021875
2 0.86875 0.44375 0.0234375 0.11875
2 0.75 0.303125 0.009375 0.021875
2 0.9 0.25 0.009375 0.0421875
2 0.7484375 0.3140625 0.0140625 0.046875
2 0.8921875 0.2578125 0.009375 0.04375
2 0.5984375 0.4296875 0.0125 0.053125
2 0.75625 0.30625 0.0078125 0.0265625
2 0.90625 0.3796875 0.0140625 0.0625
2 0.890625 0.3734375 0.021875 0.053125
2 0.790625 0.2859375 0.0109375 0.046875
2 0.7828125 0.378125 0.015625 0.0890625
2 0.8015625 0.28125 0.0109375 0.040625
2 0.6765625 0.41875 0.0125 0.096875
2 0.6765625 0.184375 0.00625 0.0234375
2 0.7390625 0.3625 0.0140625 0.0625
2 0.2 0.20625 0.0078125 0.025
2 0.70625 0.48125 0.0296875 0.0546875
2 0.4921875 0.23125 0.00625 0.0203125
2 0.0390625 0.390625 0.015625 0.0140625
2 0.690625 0.43125 0.03125 0.1234375