2 0.434375 0.54375 0.0375 0.175
2 0.2703125 0.3984375 0.0234375 0.096875
2 0.678125 0.715625 0.046875 0.2328125
2 0.7875 0.58125 0.0296875 0.1546875
2 0.221875 0.378125 0.009375 0.0828125
2 0.81875 0.5859375 0.0359375 0.1859375
2 0.2984375 0.2859375 0.015625 0.0515625
2 0.2171875 0.2765625 0.0125 0.0515625
2 0.90625 0.459375 0.0296875 0.13125
2 0.64375 0.5546875 0.034375 0.15
2 0.8390625 0.4765625 0.028125 0.1359375
2 0.40625 0.2921875 0.01875 0.0609375
2 0.2578125 0.6890625 0.0578125 0.159375
2 0.946875 0.440625 0.0234375 0.046875
2 0.475 0.6140625 0.028125 0.0765625
2 0.83125 0.3828125 0.0203125 0.0921875
2 0.7203125 0.396875 0.0203125 0.09375
2 0.571875 0.265625 0.0125 0.0328125
2 0.928125 0.328125 0.0109375 0.0671875
2 0.3625 0.1953125 0.0046875 0.0359375
2 0.7953125 0.4078125 0.0203125 0.1078125
2 0.815625 0.4015625 0.0234375 0.09375
2 0.790625 0.3234375 0.0125 0.071875
2 0.815625 0.309375 0.0125 0.0578125
2 0.875 0.4078125 0.021875 0.10625
2 0.940625 0.38125 0.015625 0.0890625
2 0.6140625 0.259375 0.009375 0.01875
2 0.771875 0.39375 0.01875 0.096875
2 0.965625 0.3765625 0.015625 0.096875
2 0.1578125 0.278125 0.0078125 0.04375
2 0.75 0.3078125 0.0140625 0.0421875
2 0.871875 0.3578125 0.015625 0.05625
2 0.84375 0.30625 0.0125 0.0609375
2 0.8 0.225 0.00625 0.021875
2 0.021875 0.9359375 0.04375 0.128125
2 0.7453125 0.3953125 0.0140625 0.0921875
2 0.875 0.26875 0.009375 0.05
2 0.9125 0.38125 0.0109375 0.0625
2 0.88125 0.265625 0.0078125 0.0421875
2 0.8671875 0.246875 0.00625 0.0328125
2 0.09375 0.1671875 0.003125 0.015625
2 0.228125 0.3765625 0.021875 0.0875
2 0.9015625 0.3890625 0.0203125 0.0734375
2 0.4484375 0.1859375 0.0046875 0.015625
2 0.7765625 0.7734375 0.00625 0.0328125
2 0.7515625 0.225 0.00625 0.0265625
2 0.9078125 0.3375 0.00625 0.0296875
2 0.5984375 0.4265625 0.0109375 0.04375
2 0.7265625 0.371875 0.0109375 0.0515625
2 0.890625 0.3859375 0.015625 0.0859375
2 0.4109375 0.18125 0.00625 0.0140625
2 0.921875 0.2546875 0.0078125 0.0390625
2 0.7265625 0.340625 0.0109375 0.03125
2 0.890625 0.3625 0.015625 0.0421875
2 0.715625 0.3796875 0.0140625 0.065625
2 0.775 0.3328125 0.009375 0.0515625
2 0.7578125 0.3953125 0.015625 0.09375
2 0.159375 0.2671875 0.0046875 0.021875
2 0.5984375 0.25625 0.0046875 0.028125
2 0.6140625 0.2609375 0.0203125 0.021875