2 0.65 0.890625 0.053125 0.2171875
2 0.7296875 0.86875 0.06875 0.2609375
2 0.121875 0.4390625 0.0375 0.159375
2 0.378125 0.9375 0.0765625 0.1234375
2 0.8 0.6109375 0.0734375 0.153125
2 0.85 0.6375 0.0578125 0.1515625
2 0.9109375 0.5859375 0.03125 0.1265625
2 0.271875 0.24375 0.009375 0.0578125
2 0.953125 0.5875 0.0328125 0.1203125
2 0.575 0.16875 0.00625 0.025
2 0.3109375 0.2375 0.0078125 0.0515625
2 0.3546875 0.196875 0.00625 0.0265625
2 0.2921875 0.2421875 0.0109375 0.0546875
2 0.7 0.4734375 0.03125 0.1140625
2 0.709375 0.159375 0.0046875 0.021875
2 0.871875 0.6828125 0.0453125 0.153125
2 0.1609375 0.1984375 0.009375 0.0421875
2 0.0625 0.1515625 0.0125 0.046875
2 0.378125 0.1359375 0.0046875 0.0203125
2 0.4375 0.1390625 0.0078125 0.028125
2 0.36875 0.29375 0.009375 0.0234375
2 0.65 0.1421875 0.00625 0.021875
2 0.553125 0.4328125 0.0109375 0.025
2 0.175 0.1921875 0.009375 0.0390625
2 0.96875 0.146875 0.0046875 0.0171875
2 0.08125 0.140625 0.0125 0.053125
2 0.6734375 0.1421875 0.0046875 0.0140625
2 0.1890625 0.190625 0.0109375 0.0421875
2 0.159375 0.1625 0.0078125 0.0328125
2 0.184375 0.16875 0.0078125 0.0328125
2 0.253125 0.1140625 0.00625 0.0265625
2 0.1546875 0.203125 0.00625 0.01875
2 0.4046875 0.3203125 0.0203125 0.04375
2 0.5 0.125 0.0046875 0.0234375
2 0.9171875 0.15625 0.0078125 0.028125
2 0.3015625 0.246875 0.0109375 0.0328125
2 0.11875 0.1421875 0.0046875 0.01875
2 0.6875 0.140625 0.00625 0.0265625
2 0.0828125 0.340625 0.0109375 0.0734375
2 0.9625 0.1421875 0.0046875 0.0140625
2 0.415625 0.14375 0.0078125 0.0265625
2 0.9515625 0.1453125 0.00625 0.021875
2 0.071875 0.1703125 0.0140625 0.05625
2 0.978125 0.1484375 0.00625 0.0234375
2 0.19375 0.171875 0.00625 0.0234375
2 0.2125 0.1875 0.0078125 0.03125
2 0.540625 0.4328125 0.0078125 0.0234375
2 0.559375 0.46875 0.0125 0.034375
2 0.38125 0.3078125 0.00625 0.01875
2 0.6671875 0.140625 0.0046875 0.0109375
2 0.0375 0.16875 0.0078125 0.015625
2 0.1515625 0.1625 0.0078125 0.0328125
2 0.090625 0.1328125 0.0078125 0.028125
2 0.4125 0.31875 0.0078125 0.0375
2 0.7171875 0.13125 0.0046875 0.0140625
2 0.68125 0.1484375 0.003125 0.0125
2 0.6921875 0.5578125 0.01875 0.078125
2 0.240625 0.115625 0.0046875 0.01875
2 0.0921875 0.1609375 0.0046875 0.0125
2 0.9734375 0.1546875 0.0046875 0.015625
2 0.3609375 0.29375 0.00625 0.01875
2 0.478125 0.1234375 0.0046875 0.0125
2 0.6359375 0.2171875 0.0078125 0.0234375
2 0.246875 0.115625 0.00625 0.021875
2 0.55625 0.2109375 0.00625 0.0203125
2 0.3921875 0.121875 0.00625 0.0296875
2 0.4296875 0.1390625 0.0078125 0.0296875
2 0.4140625 0.18125 0.0046875 0.021875
2 0.509375 0.15 0.0078125 0.028125
2 0.434375 0.1390625 0.0046875 0.03125
2 0.94375 0.1390625 0.0046875 0.0140625
2 0.371875 0.29375 0.0140625 0.021875
2 0.384375 0.2 0.0046875 0.015625
2 0.60625 0.21875 0.00625 0.01875
2 0.90625 0.6640625 0.028125 0.0890625
2 0.69375 0.453125 0.0203125 0.0734375
2 0.946875 0.621875 0.04375 0.1875
2 0.9421875 0.6578125 0.034375 0.1125