2 0.265625 0.6625 0.046875 0.23125
2 0.315625 0.6484375 0.05 0.23125
2 0.5796875 0.5375 0.0515625 0.178125
2 0.76875 0.596875 0.05625 0.1828125
2 0.334375 0.56875 0.0390625 0.2015625
2 0.6015625 0.225 0.015625 0.065625
2 0.3625 0.3171875 0.0265625 0.0984375
2 0.3828125 0.1640625 0.0078125 0.0375
2 0.646875 0.2234375 0.0109375 0.0625
2 0.6484375 0.571875 0.040625 0.1796875
2 0.2890625 0.3125 0.021875 0.1015625
2 0.478125 0.1609375 0.009375 0.0375
2 0.2046875 0.4109375 0.0296875 0.13125
2 0.390625 0.3890625 0.028125 0.0796875
2 0.203125 0.2484375 0.01875 0.096875
2 0.240625 0.315625 0.01875 0.1015625
2 0.3125 0.29375 0.0125 0.04375
2 0.2234375 0.3109375 0.021875 0.1140625
2 0.6203125 0.5109375 0.034375 0.0890625
2 0.978125 0.1515625 0.0078125 0.04375
2 0.60625 0.1328125 0.0078125 0.0328125
2 0.5953125 0.1671875 0.0109375 0.0234375
2 0.1875 0.31875 0.01875 0.1171875
2 0.89375 0.1515625 0.00625 0.0359375
2 0.1609375 0.25 0.0140625 0.078125
2 0.0140625 0.359375 0.0125 0.0265625
2 0.4203125 0.3546875 0.0109375 0.03125
2 0.8671875 0.1390625 0.0078125 0.0359375
2 0.1015625 0.225 0.01875 0.0828125
2 0.353125 0.159375 0.00625 0.0328125
2 0.1921875 0.3390625 0.0296875 0.08125
2 0.165625 0.2234375 0.0140625 0.0796875
2 0.971875 0.1421875 0.0078125 0.0421875
2 0.490625 0.165625 0.0078125 0.0296875
2 0.075 0.209375 0.0140625 0.0453125
2 0.08125 0.165625 0.0109375 0.05
2 0.915625 0.7890625 0.03125 0.0734375
2 0.128125 0.2234375 0.0125 0.0765625
2 0.875 0.4546875 0.015625 0.0640625
2 0.39375 0.1234375 0.0046875 0.01875
2 0.1875 0.2921875 0.0171875 0.0625
2 0.921875 0.7765625 0.015625 0.0515625
2 0.3125 0.315625 0.0140625 0.0890625
2 0.925 0.0828125 0.009375 0.0265625
2 0.884375 0.15625 0.00625 0.028125
2 0.1875 0.390625 0.0171875 0.06875
2 0.1171875 0.209375 0.0171875 0.0484375
2 0.7 0.1359375 0.009375 0.01875
2 0.8515625 0.1453125 0.00625 0.03125
2 0.0328125 0.203125 0.0109375 0.04375
2 0.621875 0.128125 0.00625 0.0328125
2 0.7453125 0.6359375 0.046875 0.103125
2 0.5265625 0.40625 0.0234375 0.0421875
2 0.05625 0.15625 0.0109375 0.040625
2 0.165625 0.2 0.0140625 0.034375
2 0.3375 0.128125 0.00625 0.0265625
2 0.4296875 0.128125 0.00625 0.028125
2 0.0890625 0.2203125 0.015625 0.0828125
2 0.59375 0.16875 0.00625 0.0234375
2 0.4203125 0.375 0.0140625 0.071875
2 0.6296875 0.5140625 0.015625 0.0765625
2 0.2859375 0.13125 0.00625 0.01875
2 0.49375 0.16875 0.0046875 0.01875
2 0.096875 0.175 0.0125 0.03125
2 0.7875 0.2 0.00625 0.0234375
2 0.165625 0.2390625 0.0078125 0.053125
2 0.1921875 0.23125 0.009375 0.053125
2 0.640625 0.14375 0.00625 0.0234375
2 0.421875 0.1203125 0.00625 0.0234375
2 0.0125 0.15625 0.0109375 0.0484375
2 0.00625 0.225 0.0125 0.08125
2 0.2953125 0.2765625 0.009375 0.034375
2 0.684375 0.14375 0.0046875 0.0234375
2 0.821875 0.2171875 0.00625 0.0703125
2 0.03125 0.1734375 0.0109375 0.046875
2 0.609375 0.1328125 0.00625 0.03125
2 0.490625 0.1625 0.0046875 0.0234375
2 0.009375 0.3671875 0.01875 0.040625
2 0.59375 0.159375 0.00625 0.025
2 0.5625 0.4140625 0.015625 0.03125