2 0.2796875 0.46875 0.0640625 0.234375
2 0.69375 0.425 0.0484375 0.171875
2 0.3796875 0.809375 0.084375 0.378125
2 0.2625 0.8140625 0.1671875 0.36875
2 0.4828125 0.3515625 0.021875 0.1109375
2 0.0375 0.290625 0.0125 0.059375
2 0.05 0.290625 0.0125 0.0546875
2 0.0765625 0.2921875 0.009375 0.0484375
2 0.03125 0.28125 0.00625 0.046875
2 0.840625 0.2875 0.0140625 0.028125
2 0.0859375 0.128125 0.0109375 0.04375
2 0.4828125 0.3234375 0.0203125 0.0546875
2 0.8234375 0.240625 0.00625 0.0359375
2 0.0875 0.2953125 0.009375 0.0578125