2 0.421875 0.7703125 0.0625 0.3125
2 0.2109375 0.746875 0.0609375 0.303125
2 0.2953125 0.715625 0.05625 0.303125
2 0.7359375 0.2609375 0.0203125 0.1015625
2 0.759375 0.25625 0.0234375 0.1109375
2 0.334375 0.7125 0.075 0.3265625
2 0.771875 0.3171875 0.0296875 0.1234375
2 0.1828125 0.5515625 0.05 0.24375
2 0.7609375 0.1359375 0.009375 0.0484375
2 0.8484375 0.1375 0.0125 0.05625
2 0.0578125 0.55625 0.0453125 0.153125
2 0.865625 0.16875 0.0140625 0.0625
2 0.7734375 0.134375 0.0078125 0.040625
2 0.8828125 0.1546875 0.0140625 0.04375
2 0.784375 0.1328125 0.0125 0.053125
2 0.771875 0.8484375 0.0671875 0.3015625
2 0.928125 0.6046875 0.065625 0.2546875
2 0.5796875 0.2609375 0.0109375 0.0390625
2 0.79375 0.13125 0.0109375 0.05
2 0.86875 0.0796875 0.00625 0.03125
2 0.53125 0.3140625 0.015625 0.0578125
2 0.8375 0.896875 0.0140625 0.0421875
2 0.759375 0.7296875 0.0359375 0.1140625
2 0.3984375 0.0265625 0.0046875 0.0125
2 0.2625 0.553125 0.028125 0.025
2 0.0703125 0.5734375 0.0203125 0.1125
2 0.8015625 0.659375 0.03125 0.20625
2 0.83125 0.0875 0.0078125 0.0375
2 0.3875 0.028125 0.0046875 0.0125
2 0.9390625 0.821875 0.0109375 0.06875
2 0.840625 0.0921875 0.00625 0.028125
2 0.9328125 0.5671875 0.01875 0.0671875
2 0.875 0.11875 0.009375 0.04375
2 0.859375 0.0875 0.0078125 0.03125
2 0.1828125 0.4640625 0.0390625 0.075
2 0.878125 0.084375 0.009375 0.0328125
2 0.921875 0.084375 0.0078125 0.0328125
2 0.7875 0.096875 0.00625 0.0359375
2 0.6109375 0.0484375 0.00625 0.0234375
2 0.940625 0.540625 0.0375 0.1234375
2 0.8953125 0.0859375 0.00625 0.0296875
2 0.1734375 0.503125 0.0328125 0.146875
2 0.8671875 0.4078125 0.0609375 0.221875
2 0.00625 0.5921875 0.0125 0.040625