2 0.1734375 0.4703125 0.0359375 0.1515625
2 0.271875 0.36875 0.025 0.1125
2 0.796875 0.6234375 0.04375 0.178125
2 0.690625 0.4421875 0.0203125 0.078125
2 0.878125 0.565625 0.0328125 0.1265625
2 0.915625 0.603125 0.034375 0.13125
2 0.8484375 0.6375 0.05625 0.1515625
2 0.896875 0.29375 0.0203125 0.06875
2 0.54375 0.490625 0.0328125 0.1578125
2 0.3703125 0.3515625 0.0171875 0.09375
2 0.61875 0.2515625 0.0125 0.0625
2 0.25 0.2578125 0.0140625 0.0734375
2 0.590625 0.5078125 0.0375 0.14375
2 0.3484375 0.3578125 0.01875 0.0984375
2 0.2109375 0.259375 0.0171875 0.075
2 0.5625 0.490625 0.025 0.1734375
2 0.2328125 0.2640625 0.0140625 0.0671875
2 0.5359375 0.178125 0.009375 0.0375
2 0.8140625 0.5921875 0.0265625 0.1015625
2 0.5390625 0.1765625 0.00625 0.0375
2 0.559375 0.425 0.015625 0.0453125
2 0.0609375 0.153125 0.0125 0.046875
2 0.35 0.19375 0.00625 0.028125
2 0.2359375 0.1671875 0.0046875 0.0265625
2 0.4375 0.1375 0.009375 0.03125
2 0.9171875 0.15625 0.0078125 0.03125
2 0.4484375 0.115625 0.0046875 0.01875
2 0.2359375 0.225 0.0140625 0.0609375
2 0.4140625 0.1421875 0.0078125 0.028125
2 0.3546875 0.196875 0.00625 0.0265625
2 0.278125 0.2359375 0.0140625 0.0546875
2 0.159375 0.1984375 0.0078125 0.04375
2 0.3515625 0.1359375 0.0046875 0.0140625
2 0.8875 0.6359375 0.0921875 0.1984375
2 0.6375 0.2171875 0.0078125 0.0265625
2 0.890625 0.2953125 0.0109375 0.0609375
2 0.2546875 0.1140625 0.0046875 0.021875
2 0.7234375 0.1390625 0.00625 0.01875
2 0.2046875 0.1890625 0.009375 0.0390625
2 0.815625 0.159375 0.0046875 0.0140625
2 0.3703125 0.2859375 0.01875 0.0375
2 0.6515625 0.1421875 0.00625 0.021875
2 0.43125 0.1390625 0.0078125 0.0328125
2 0.3140625 0.1328125 0.0078125 0.0171875
2 0.1953125 0.1734375 0.009375 0.034375
2 0.1125 0.1421875 0.00625 0.0234375
2 0.79375 0.13125 0.0046875 0.0171875
2 0.75 0.1609375 0.0125 0.0234375
2 0.659375 0.1453125 0.0046875 0.015625
2 0.19375 0.2984375 0.0078125 0.0125
2 0.1859375 0.184375 0.0109375 0.0328125
2 0.234375 0.2140625 0.0109375 0.0375
2 0.2546875 0.19375 0.009375 0.0171875
2 0.809375 0.134375 0.0046875 0.01875
2 0.39375 0.1421875 0.00625 0.021875
2 0.275 0.2265625 0.0078125 0.03125
2 0.3171875 0.134375 0.0046875 0.015625
2 0.2171875 0.2328125 0.0109375 0.0609375
2 0.534375 0.171875 0.0046875 0.021875
2 0.071875 0.1703125 0.0140625 0.0578125
2 0.834375 0.153125 0.00625 0.03125
2 0.30625 0.240625 0.0140625 0.0453125
2 0.2078125 0.1609375 0.00625 0.01875
2 0.178125 0.2046875 0.0109375 0.0453125
2 0.50625 0.146875 0.0140625 0.0328125
2 0.06875 0.1484375 0.00625 0.0171875
2 0.0390625 0.16875 0.0078125 0.0140625
2 0.975 0.140625 0.00625 0.0140625
2 0.08125 0.1359375 0.0125 0.0421875
2 0.4765625 0.1234375 0.0046875 0.0125
2 0.86875 0.553125 0.0109375 0.0234375
2 0.09375 0.153125 0.00625 0.0296875
2 0.84375 0.13125 0.0046875 0.0171875
2 0.228125 0.1234375 0.0046875 0.0125
2 0.3828125 0.309375 0.0125 0.0171875
2 0.5546875 0.48125 0.0265625 0.15625
2 0.70625 0.13125 0.0046875 0.0140625
2 0.571875 0.13125 0.0046875 0.0171875
2 0.7109375 0.1390625 0.0078125 0.0328125
2 0.178125 0.190625 0.0078125 0.01875
2 0.2546875 0.2015625 0.0140625 0.0296875
2 0.246875 0.1140625 0.0046875 0.01875
2 0.2234375 0.178125 0.009375 0.0390625
2 0.28125 0.221875 0.0078125 0.028125
2 0.296875 0.2453125 0.0109375 0.0359375
2 0.90625 0.3140625 0.01875 0.0578125
2 0.5546875 0.2125 0.0046875 0.0265625
2 0.8671875 0.5625 0.0140625 0.04375
2 0.1671875 0.2046875 0.009375 0.0328125
2 0.5109375 0.1484375 0.00625 0.0265625
2 0.6078125 0.2234375 0.00625 0.025
2 0.35 0.33125 0.0171875 0.0453125
2 0.4921875 0.1515625 0.0109375 0.028125
2 0.3125 0.134375 0.0046875 0.0171875
2 0.4046875 0.321875 0.0203125 0.046875