2 0.5265625 0.6609375 0.0453125 0.221875
2 0.2953125 0.46875 0.0328125 0.1515625
2 0.5703125 0.46875 0.03125 0.140625
2 0.8171875 0.2859375 0.01875 0.0703125
2 0.8109375 0.6109375 0.04375 0.14375
2 0.85625 0.821875 0.05625 0.25625
2 0.7875 0.871875 0.0515625 0.253125
2 0.95625 0.2109375 0.0109375 0.046875
2 0.296875 0.24375 0.0125 0.0625
2 0.8234375 0.88125 0.0328125 0.23125
2 0.8578125 0.69375 0.04375 0.1359375
2 0.3828125 0.2921875 0.0140625 0.0515625
2 0.5140625 0.240625 0.0109375 0.0609375
2 0.5 0.240625 0.0125 0.0609375
2 0.4046875 0.321875 0.0203125 0.0484375
2 0.3546875 0.196875 0.0078125 0.0265625
2 0.15625 0.1609375 0.00625 0.03125
2 0.728125 0.2109375 0.0078125 0.0375
2 0.203125 0.2015625 0.0125 0.053125
2 0.0609375 0.153125 0.0125 0.0484375
2 0.4984375 0.184375 0.0078125 0.04375
2 0.165625 0.2671875 0.009375 0.06875
2 0.7859375 0.1609375 0.0078125 0.028125
2 0.4625 0.1640625 0.00625 0.0171875
2 0.48125 0.2265625 0.0109375 0.0609375
2 0.959375 0.2046875 0.0078125 0.0328125
2 0.6375 0.2171875 0.0078125 0.0265625
2 0.95625 0.1515625 0.00625 0.025
2 0.29375 0.253125 0.0078125 0.0453125
2 0.215625 0.2015625 0.0125 0.0546875
2 0.478125 0.203125 0.0125 0.0515625
2 0.503125 0.2203125 0.0078125 0.0234375
2 0.228125 0.2 0.0109375 0.05
2 0.24375 0.20625 0.009375 0.046875
2 0.909375 0.3015625 0.0125 0.0375
2 0.446875 0.1421875 0.00625 0.01875
2 0.453125 0.1453125 0.0078125 0.01875
2 0.2578125 0.209375 0.009375 0.04375
2 0.0796875 0.1359375 0.0125 0.0453125
2 0.253125 0.1140625 0.0046875 0.021875
2 0.25 0.209375 0.009375 0.040625
2 0.0921875 0.1421875 0.009375 0.0484375
2 0.071875 0.1703125 0.015625 0.059375
2 0.16875 0.159375 0.00625 0.0328125
2 0.9421875 0.1421875 0.0046875 0.015625
2 0.65 0.1421875 0.00625 0.0234375
2 0.90625 0.309375 0.0203125 0.0515625
2 0.1484375 0.1484375 0.00625 0.0265625
2 0.4375 0.14375 0.009375 0.021875
2 0.490625 0.1734375 0.0109375 0.0640625
2 0.4921875 0.184375 0.0078125 0.0421875
2 0.61875 0.14375 0.0046875 0.0171875
2 0.6765625 0.1234375 0.0046875 0.0140625
2 0.409375 0.1375 0.00625 0.0328125
2 0.9359375 0.1421875 0.0046875 0.0140625
2 0.55625 0.209375 0.0046875 0.0203125
2 0.6078125 0.21875 0.00625 0.0234375
2 0.415625 0.1421875 0.0078125 0.0265625
2 0.315625 0.1078125 0.0046875 0.01875
2 0.9390625 0.1421875 0.003125 0.0140625
2 0.76875 0.165625 0.00625 0.01875
2 0.2234375 0.2 0.009375 0.05
2 0.4890625 0.2140625 0.00625 0.0296875
2 0.246875 0.115625 0.00625 0.021875
2 0.1015625 0.1375 0.00625 0.0328125
2 0.13125 0.1421875 0.0046875 0.0234375
2 0.634375 0.2171875 0.0046875 0.021875
2 0.309375 0.19375 0.009375 0.0375
2 0.6578125 0.1453125 0.0046875 0.015625
2 0.0828125 0.34375 0.009375 0.06875
2 0.41875 0.1421875 0.0078125 0.025
2 0.8296875 0.6328125 0.0234375 0.084375
2 0.846875 0.6140625 0.0578125 0.13125