2 0.6796875 0.6625 0.0515625 0.23125
2 0.5703125 0.8421875 0.0578125 0.271875
2 0.515625 0.815625 0.065625 0.3078125
2 0.8828125 0.553125 0.0265625 0.140625
2 0.7953125 0.696875 0.034375 0.190625
2 0.7859375 0.64375 0.0328125 0.1859375
2 0.45 0.8328125 0.05625 0.2875
2 0.8609375 0.54375 0.0203125 0.1171875
2 0.3859375 0.7609375 0.0375 0.2671875
2 0.4140625 0.8015625 0.040625 0.26875
2 0.7890625 0.428125 0.0109375 0.05625
2 0.853125 0.4015625 0.0109375 0.05625
2 0.83125 0.4125 0.0125 0.0609375
2 0.446875 0.6875 0.040625 0.2
2 0.8734375 0.4078125 0.0140625 0.0625
2 0.80625 0.4171875 0.015625 0.053125
2 0.65 0.2625 0.0171875 0.0625
2 0.7484375 0.4453125 0.0109375 0.04375
2 0.8546875 0.4453125 0.0125 0.0359375
2 0.2375 0.6453125 0.03125 0.0859375
2 0.8890625 0.40625 0.0125 0.0609375
2 0.9328125 0.421875 0.0109375 0.065625
2 0.34375 0.54375 0.0390625 0.0578125
2 0.94375 0.4234375 0.009375 0.0484375
2 0.9171875 0.4203125 0.0125 0.046875
2 0.8625 0.4515625 0.0125 0.0359375
2 0.4671875 0.646875 0.0171875 0.1015625
2 0.9625 0.4734375 0.0109375 0.0484375
2 0.896875 0.4109375 0.009375 0.053125
2 0.978125 0.48125 0.0125 0.0515625
2 0.91875 0.2671875 0.0109375 0.04375
2 0.9578125 0.434375 0.0078125 0.0515625
2 0.9078125 0.38125 0.00625 0.03125
2 0.9046875 0.4171875 0.009375 0.053125
2 0.8640625 0.46875 0.015625 0.06875
2 0.628125 0.3390625 0.0078125 0.0359375
2 0.825 0.4 0.0078125 0.0421875
2 0.396875 0.8359375 0.05625 0.1921875
2 0.7875 0.403125 0.009375 0.05625