2 0.134375 0.775 0.0625 0.284375
2 0.4703125 0.540625 0.0328125 0.178125
2 0.246875 0.6140625 0.046875 0.2109375
2 0.08125 0.803125 0.071875 0.28125
2 0.5078125 0.56875 0.028125 0.1609375
2 0.7953125 0.734375 0.0421875 0.06875
2 0.159375 0.534375 0.0390625 0.134375
2 0.0359375 0.86875 0.0703125 0.259375
2 0.2015625 0.584375 0.04375 0.14375
2 0.015625 0.140625 0.00625 0.0265625
2 0.790625 0.1328125 0.00625 0.021875
2 0.85625 0.803125 0.025 0.1265625
2 0.940625 0.1328125 0.0046875 0.0109375
2 0.809375 0.1296875 0.0046875 0.015625
2 0.725 0.65 0.015625 0.053125
2 0.8015625 0.1328125 0.00625 0.0203125
2 0.525 0.146875 0.0078125 0.01875
2 0.0984375 0.1453125 0.021875 0.0328125
2 0.1328125 0.128125 0.00625 0.021875
2 0.1578125 0.1109375 0.00625 0.021875
2 0.21875 0.6234375 0.0140625 0.0375
2 0.76875 0.11875 0.003125 0.0125
2 0.684375 0.1140625 0.003125 0.009375
2 0.7109375 0.6796875 0.040625 0.121875
2 0.7640625 0.1171875 0.003125 0.0109375
2 0.284375 0.10625 0.0046875 0.015625
2 0.0921875 0.1453125 0.009375 0.0234375
2 0.8609375 0.7765625 0.0140625 0.0734375
2 0.946875 0.134375 0.003125 0.0078125
2 0.2921875 0.1125 0.0046875 0.021875
2 0.18125 0.1109375 0.0046875 0.015625
2 0.09375 0.140625 0.0046875 0.0140625
2 0.10625 0.134375 0.0046875 0.0109375
2 0.0375 0.0984375 0.00625 0.0234375
2 0.303125 0.103125 0.003125 0.0125
2 0.8046875 0.13125 0.0046875 0.0171875
2 0.2875 0.10625 0.003125 0.0140625
2 0.16875 0.1125 0.003125 0.0140625
2 0.15625 0.109375 0.0046875 0.015625
2 0.10625 0.140625 0.0078125 0.0234375
2 0.7140625 0.6484375 0.0375 0.0578125
2 0.1328125 0.1359375 0.0078125 0.0375
2 0.990625 0.9078125 0.01875 0.115625