2 0.534375 0.4765625 0.0390625 0.2125
2 0.275 0.475 0.0328125 0.178125
2 0.415625 0.553125 0.034375 0.1109375
2 0.375 0.5703125 0.046875 0.184375
2 0.1625 0.4984375 0.046875 0.184375
2 0.2265625 0.4390625 0.0453125 0.15625
2 0.3578125 0.3765625 0.034375 0.1578125
2 0.8625 0.2109375 0.0140625 0.075
2 0.0875 0.5375 0.04375 0.196875
2 0.125 0.5140625 0.0328125 0.175
2 0.3359375 0.3875 0.0296875 0.1328125
2 0.071875 0.275 0.025 0.06875
2 0.8359375 0.5140625 0.028125 0.0421875
2 0.2796875 0.2703125 0.021875 0.103125
2 0.2015625 0.2859375 0.021875 0.121875
2 0.4109375 0.3546875 0.0234375 0.146875
2 0.31875 0.378125 0.021875 0.1453125
2 0.90625 0.19375 0.0078125 0.0671875
2 0.1796875 0.2390625 0.0234375 0.10625
2 0.040625 0.4703125 0.015625 0.128125
2 0.2234375 0.29375 0.0203125 0.1140625
2 0.3875 0.146875 0.0078125 0.03125
2 0.134375 0.8609375 0.0328125 0.0734375
2 0.3484375 0.2265625 0.015625 0.03125
2 0.0234375 0.4796875 0.046875 0.146875
2 0.39375 0.3359375 0.0328125 0.1078125
2 0.24375 0.2421875 0.0234375 0.0984375
2 0.1890625 0.8265625 0.0296875 0.04375
2 0.2359375 0.3546875 0.028125 0.10625
2 0.8890625 0.56875 0.0203125 0.0734375
2 0.0703125 0.24375 0.0078125 0.0265625
2 0.159375 0.228125 0.0203125 0.078125
2 0.2375 0.2390625 0.0140625 0.09375
2 0.2546875 0.2375 0.015625 0.0953125
2 0.2609375 0.2 0.015625 0.0859375
2 0.878125 0.3109375 0.0140625 0.025
2 0.21875 0.2078125 0.01875 0.05625
2 0.3609375 0.228125 0.0109375 0.03125
2 0.3859375 0.346875 0.01875 0.0859375
2 0.159375 0.2078125 0.01875 0.0390625
2 0.8171875 0.553125 0.0640625 0.11875
2 0.24375 0.1796875 0.0171875 0.0484375
2 0.903125 0.5671875 0.0203125 0.0671875
2 0.7078125 0.221875 0.00625 0.0484375
2 0.2625 0.1765625 0.015625 0.0390625
2 0.421875 0.3640625 0.0109375 0.078125
2 0.1609375 0.8515625 0.0859375 0.09375
2 0.2296875 0.80625 0.0265625 0.028125
2 0.36875 0.346875 0.0125 0.0796875
2 0.26875 0.16875 0.0125 0.05625
2 0.2171875 0.2421875 0.015625 0.0421875
2 0.4390625 0.2671875 0.0125 0.03125
2 0.29375 0.2625 0.0078125 0.05
2 0.121875 0.8703125 0.0609375 0.0953125
2 0.3203125 0.221875 0.0078125 0.0296875
2 0.134375 0.20625 0.0109375 0.065625
2 0.0671875 0.253125 0.015625 0.0421875
2 0.8203125 0.5234375 0.059375 0.059375
2 0.2015625 0.215625 0.015625 0.046875
2 0.0796875 0.26875 0.0109375 0.0609375
2 0.365625 0.1296875 0.009375 0.021875
2 0.009375 0.5546875 0.01875 0.090625
2 0.0078125 0.471875 0.0140625 0.053125
2 0.009375 0.525 0.01875 0.05625
2 0.009375 0.4984375 0.01875 0.109375
2 0.4171875 0.3390625 0.015625 0.1203125