2 0.44375 0.7796875 0.046875 0.2578125
2 0.196875 0.8625 0.0453125 0.271875
2 0.371875 0.765625 0.0578125 0.290625
2 0.44375 0.5921875 0.0453125 0.1890625
2 0.1453125 0.8421875 0.065625 0.3125
2 0.09375 0.8640625 0.059375 0.2671875
2 0.515625 0.7609375 0.0625 0.296875
2 0.796875 0.8765625 0.096875 0.2421875
2 0.475 0.5640625 0.034375 0.1984375
2 0.2984375 0.5765625 0.053125 0.1765625
2 0.4859375 0.459375 0.028125 0.10625
2 0.6875 0.8 0.059375 0.25
2 0.5125 0.2796875 0.0140625 0.046875
2 0.5859375 0.9078125 0.084375 0.1828125
2 0.5609375 0.4140625 0.0265625 0.11875
2 0.565625 0.540625 0.0375 0.1125
2 0.33125 0.7390625 0.0578125 0.2640625
2 0.284375 0.9140625 0.090625 0.16875
2 0.6 0.40625 0.028125 0.08125
2 0.6546875 0.5140625 0.0453125 0.1625
2 0.7 0.5796875 0.0359375 0.1234375
2 0.65 0.61875 0.034375 0.1890625
2 0.415625 0.434375 0.0375 0.0453125
2 0.56875 0.846875 0.0703125 0.1859375
2 0.7421875 0.5375 0.046875 0.1359375
2 0.2234375 0.584375 0.0125 0.0484375
2 0.85625 0.4703125 0.0296875 0.1390625
2 0.2609375 0.7421875 0.046875 0.240625
2 0.71875 0.540625 0.0359375 0.1625
2 0.0796875 0.58125 0.04375 0.10625
2 0.215625 0.365625 0.0109375 0.0234375
2 0.61875 0.509375 0.0296875 0.1421875
2 0.3 0.7390625 0.0265625 0.184375
2 0.6328125 0.8765625 0.065625 0.24375
2 0.6 0.521875 0.040625 0.1140625
2 0.2796875 0.7625 0.0453125 0.2125
2 0.1796875 0.4109375 0.009375 0.0203125
2 0.7484375 0.3625 0.0203125 0.0890625
2 0.1421875 0.5859375 0.0328125 0.09375
2 0.7015625 0.3984375 0.0296875 0.1234375
2 0.059375 0.6203125 0.021875 0.0296875
2 0.65 0.5609375 0.0328125 0.078125
2 0.046875 0.84375 0.05625 0.1546875
2 0.765625 0.353125 0.01875 0.0875
2 0.859375 0.2875 0.01875 0.0375
2 0.2125 0.203125 0.0125 0.0578125
2 0.7984375 0.7234375 0.0421875 0.1171875
2 0.5984375 0.45625 0.0296875 0.0796875
2 0.253125 0.6625 0.0234375 0.0703125
2 0.875 0.53125 0.0234375 0.103125
2 0.65 0.36875 0.0171875 0.0953125
2 0.725 0.36875 0.015625 0.0796875
2 0.515625 0.6265625 0.0171875 0.028125
2 0.8171875 0.4703125 0.0234375 0.1671875
2 0.084375 0.2890625 0.0125 0.0515625
2 0.5765625 0.2140625 0.0140625 0.0671875
2 0.665625 0.3734375 0.01875 0.1078125
2 0.0515625 0.7421875 0.028125 0.078125
2 0.8828125 0.5015625 0.0203125 0.1640625
2 0.8953125 0.8546875 0.06875 0.2828125
2 0.5984375 0.74375 0.0796875 0.1015625
2 0.846875 0.31875 0.0140625 0.05
2 0.68125 0.3671875 0.0171875 0.0984375
2 0.3859375 0.434375 0.0265625 0.046875
2 0.79375 0.3765625 0.0171875 0.06875
2 0.409375 0.440625 0.021875 0.03125
2 0.8 0.4796875 0.0234375 0.15
2 0.065625 0.6 0.0390625 0.071875
2 0.0890625 0.5828125 0.028125 0.0828125
2 0.0140625 0.5484375 0.0265625 0.04375
2 0.8828125 0.4625 0.0171875 0.08125
2 0.6515625 0.3109375 0.0078125 0.0296875
2 0.4015625 0.434375 0.040625 0.0453125
2 0.75 0.4671875 0.01875 0.053125
2 0.7203125 0.3265625 0.0109375 0.034375
2 0.6296875 0.725 0.0171875 0.0609375
2 0.5421875 0.415625 0.021875 0.090625
2 0.815625 0.421875 0.0203125 0.071875
2 0.690625 0.2828125 0.0125 0.0375
2 0.728125 0.4265625 0.0359375 0.0703125
2 0.778125 0.3828125 0.0171875 0.0703125
2 0.3015625 0.6890625 0.025 0.0859375
2 0.7734375 0.2609375 0.0125 0.028125
2 0.55625 0.340625 0.0140625 0.0375
2 0.7640625 0.4765625 0.015625 0.0765625
2 0.7046875 0.3109375 0.015625 0.0609375
2 0.3921875 0.4328125 0.0140625 0.0421875
2 0.75 0.2890625 0.0140625 0.05625
2 0.621875 0.7390625 0.034375 0.0890625
2 0.696875 0.2015625 0.0109375 0.03125
2 0.240625 0.5640625 0.0203125 0.09375
2 0.5859375 0.7625 0.040625 0.0734375
2 0.8125 0.30625 0.0140625 0.05625
2 0.7578125 0.3546875 0.0109375 0.0859375
2 0.1453125 0.38125 0.0140625 0.0359375
2 0.8015625 0.3484375 0.01875 0.0546875
2 0.01875 0.571875 0.0375 0.0859375
2 0.7609375 0.2859375 0.015625 0.0578125
2 0.715625 0.3984375 0.01875 0.11875
2 0.525 0.4046875 0.01875 0.0453125
2 0.7546875 0.890625 0.0546875 0.2125
2 0.5265625 0.1984375 0.009375 0.028125
2 0.25 0.6921875 0.0296875 0.128125
2 0.578125 0.7421875 0.0390625 0.09375
2 0.7796875 0.4578125 0.021875 0.1
2 0.8390625 0.46875 0.01875 0.146875
2 0.5703125 0.2234375 0.0109375 0.05
2 0.215625 0.5984375 0.028125 0.08125
2 0.63125 0.36875 0.0171875 0.0859375
2 0.7859375 0.5109375 0.0328125 0.128125
2 0.3078125 0.8375 0.0796875 0.3109375