2 0.8265625 0.703125 0.08125 0.378125
2 0.6296875 0.71875 0.1 0.378125
2 0.525 0.703125 0.06875 0.2828125
2 0.5515625 0.4484375 0.0578125 0.240625
2 0.9171875 0.4390625 0.0515625 0.1578125
2 0.68125 0.4515625 0.0796875 0.2640625
2 0.91875 0.08125 0.021875 0.0765625
2 0.30625 0.23125 0.0390625 0.19375
2 0.1109375 0.171875 0.0359375 0.15
2 0.7703125 0.490625 0.05625 0.26875
2 0.146875 0.1796875 0.03125 0.14375
2 0.015625 0.2046875 0.03125 0.184375
2 0.4203125 0.4234375 0.0359375 0.2453125
2 0.3578125 0.4578125 0.0671875 0.3
2 0.9109375 0.075 0.0125 0.0671875
2 0.3546875 0.1984375 0.0546875 0.15625
2 0.3890625 0.4390625 0.0484375 0.2609375
2 0.315625 0.3484375 0.040625 0.08125
2 0.346875 0.29375 0.0453125 0.1234375
2 0.64375 0.078125 0.0140625 0.096875
2 0.775 0.1 0.015625 0.0234375
2 0.7296875 0.2953125 0.028125 0.0375
2 0.7421875 0.4671875 0.053125 0.2953125
2 0.234375 0.2234375 0.040625 0.1203125
2 0.1546875 0.296875 0.04375 0.11875
2 0.1578125 0.3390625 0.034375 0.084375
2 0.1953125 0.1 0.025 0.1140625
2 0.196875 0.2125 0.0375 0.1375
2 0.165625 0.0390625 0.0234375 0.078125
2 0.2296875 0.1125 0.0203125 0.1265625
2 0.403125 0.23125 0.0390625 0.16875
2 0.178125 0.2078125 0.0234375 0.1265625
2 0.609375 0.0578125 0.0109375 0.0515625
2 0.25625 0.121875 0.0265625 0.128125
2 0.1390625 0.05 0.0140625 0.0890625
2 0.409375 0.303125 0.03125 0.103125
2 0.2546875 0.01875 0.0125 0.0296875
2 0.053125 0.10625 0.025 0.06875
2 0.259375 0.36875 0.028125 0.0734375
2 0.340625 0.5828125 0.01875 0.0515625
2 0.2921875 0.11875 0.0234375 0.1265625
2 0.2765625 0.19375 0.0359375 0.1625
2 0.26875 0.01875 0.0125 0.03125
2 0.265625 0.2109375 0.025 0.128125
2 0.45625 0.1765625 0.0234375 0.0953125
2 0.296875 0.0921875 0.015625 0.071875
2 0.146875 0.05625 0.0234375 0.1078125
2 0.1890625 0.265625 0.0203125 0.028125
2 0.1140625 0.0640625 0.01875 0.084375
2 0.671875 0.071875 0.0078125 0.05625
2 0.55625 0.05625 0.015625 0.0328125
2 0.2 0.078125 0.028125 0.1375
2 0.096875 0.0671875 0.021875 0.1265625
2 0.0765625 0.065625 0.0234375 0.1234375
2 0.0203125 0.6234375 0.0328125 0.0671875
2 0.553125 0.315625 0.0140625 0.0328125
2 0.6296875 0.3609375 0.021875 0.1140625
2 0.4015625 0.5984375 0.0203125 0.075
2 0.559375 0.3171875 0.028125 0.0390625
2 0.8140625 0.33125 0.0171875 0.0359375
2 0.271875 0.159375 0.021875 0.0953125
2 0.2421875 0.31875 0.059375 0.1734375
2 0.1734375 0.0203125 0.0140625 0.0390625
2 0.1171875 0.0171875 0.009375 0.034375
2 0.784375 0.38125 0.021875 0.0546875
2 0.609375 0.1015625 0.0140625 0.0265625
2 0.775 0.021875 0.0125 0.04375
2 0.221875 0.015625 0.01875 0.03125
2 0.7109375 0.09375 0.00625 0.021875
2 0.9890625 0.684375 0.0203125 0.196875
2 0.7625 0.0171875 0.0125 0.034375
2 0.61875 0.0625 0.0109375 0.0625
2 0.0375 0.021875 0.01875 0.0421875
2 0.3171875 0.4109375 0.040625 0.20625
2 0.021875 0.0140625 0.0125 0.028125
2 0.9453125 0.0140625 0.0109375 0.028125
2 0.5578125 0.33125 0.034375 0.0671875
2 0.15 0.0390625 0.0171875 0.0765625
2 0.7703125 0.0171875 0.015625 0.034375
2 0.31875 0.125 0.0109375 0.0828125
2 0.4296875 0.64375 0.0765625 0.16875
2 0.19375 0.021875 0.0140625 0.0296875
2 0.734375 0.2875 0.01875 0.03125
2 0.61875 0.046875 0.0078125 0.034375
2 0.115625 0.0484375 0.0140625 0.0515625
2 0.76875 0.34375 0.0265625 0.071875
2 0.2453125 0.115625 0.0171875 0.1171875
2 0.415625 0.25625 0.0484375 0.11875
2 0.9890625 0.7625 0.0203125 0.040625
2 0.003125 0.34375 0.00625 0.075