2 0.68125 0.5703125 0.0546875 0.2265625
2 0.3234375 0.63125 0.05 0.2328125
2 0.6046875 0.4890625 0.0484375 0.1515625
2 0.671875 0.8890625 0.078125 0.21875
2 0.478125 0.4484375 0.0359375 0.15
2 0.1953125 0.3546875 0.03125 0.1234375
2 0.9421875 0.76875 0.0640625 0.15
2 0.528125 0.23125 0.0078125 0.04375
2 0.4421875 0.4265625 0.0265625 0.1578125
2 0.959375 0.1375 0.00625 0.028125
2 0.2078125 0.2640625 0.0109375 0.053125
2 0.434375 0.1703125 0.0078125 0.040625
2 0.396875 0.4265625 0.0359375 0.1734375
2 0.359375 0.4234375 0.025 0.1734375
2 0.875 0.4546875 0.0171875 0.0640625
2 0.45 0.16875 0.009375 0.040625
2 0.125 0.3390625 0.0203125 0.046875
2 0.378125 0.4234375 0.025 0.153125
2 0.56875 0.1578125 0.0078125 0.0484375
2 0.1703125 0.2453125 0.0171875 0.0828125
2 0.621875 0.1359375 0.00625 0.0296875
2 0.409375 0.3578125 0.015625 0.05
2 0.6078125 0.13125 0.00625 0.028125
2 0.0453125 0.1890625 0.0140625 0.078125
2 0.0859375 0.2140625 0.0140625 0.0765625
2 0.0625 0.19375 0.0125 0.06875
2 0.565625 0.4 0.0109375 0.028125
2 0.1015625 0.2171875 0.015625 0.06875
2 0.490625 0.159375 0.00625 0.0359375
2 0.128125 0.2078125 0.0125 0.0703125
2 0.4703125 0.13125 0.0078125 0.03125
2 0.115625 0.1890625 0.0140625 0.0609375
2 0.921875 0.809375 0.015625 0.034375
2 0.3484375 0.1234375 0.00625 0.0328125
2 0.425 0.3921875 0.025 0.0984375
2 0.140625 0.2125 0.0140625 0.071875
2 0.3671875 0.125 0.0046875 0.028125
2 0.434375 0.121875 0.00625 0.0328125
2 0.5484375 0.4 0.0125 0.0328125
2 0.409375 0.384375 0.015625 0.1
2 0.85 0.1359375 0.0078125 0.046875
2 0.4421875 0.13125 0.0046875 0.0234375
2 0.1484375 0.2203125 0.0078125 0.0515625
2 0.825 0.9921875 0.0296875 0.0140625
2 0.925 0.0828125 0.009375 0.0265625
2 0.49375 0.1703125 0.003125 0.021875
2 0.7640625 0.3109375 0.015625 0.028125
2 0.5328125 0.4046875 0.0140625 0.0421875
2 0.06875 0.1515625 0.0109375 0.0453125
2 0.021875 0.1609375 0.009375 0.0375
2 0.45 0.1265625 0.00625 0.0328125
2 0.490625 0.1671875 0.0046875 0.021875
2 0.4953125 0.453125 0.0078125 0.03125
2 0.31875 0.1484375 0.00625 0.04375
2 0.91875 0.8 0.0234375 0.0515625
2 0.446875 0.128125 0.00625 0.0296875
2 0.378125 0.125 0.0046875 0.0234375
2 0.3375 0.125 0.00625 0.0296875
2 0.096875 0.1734375 0.015625 0.04375
2 0.05625 0.1453125 0.0109375 0.0515625
2 0.4296875 0.3609375 0.015625 0.040625
2 0.340625 0.38125 0.0171875 0.06875
2 0.9359375 0.153125 0.0046875 0.028125
2 0.4578125 0.4171875 0.009375 0.0328125
2 0.690625 0.91875 0.0390625 0.159375
2 0.4765625 0.1484375 0.0046875 0.0265625
2 0.296875 0.2625 0.0078125 0.0328125
2 0.190625 0.4234375 0.0234375 0.04375
2 0.0078125 0.3703125 0.0140625 0.0375
2 0.534375 0.4046875 0.0375 0.04375
2 0.4859375 0.1125 0.0046875 0.0203125
2 0.2390625 0.1328125 0.0046875 0.028125
2 0.6109375 0.13125 0.0046875 0.028125
2 0.2828125 0.1265625 0.0046875 0.0265625
2 0.1625 0.2234375 0.009375 0.059375
2 0.3359375 0.11875 0.0046875 0.01875
2 0.5734375 0.1421875 0.0046875 0.0203125
2 0.571875 0.1421875 0.00625 0.021875
2 0.39375 0.00625 0.009375 0.0109375
2 0.834375 0.140625 0.0046875 0.04375
2 0.41875 0.1234375 0.0046875 0.03125