2 0.3875 0.509375 0.04375 0.16875
2 0.50625 0.1890625 0.0140625 0.0578125
2 0.2984375 0.2765625 0.025 0.05625
2 0.79375 0.3203125 0.0203125 0.1125
2 0.740625 0.215625 0.0140625 0.0578125
2 0.8265625 0.165625 0.0078125 0.0359375
2 0.7640625 0.23125 0.0125 0.0671875
2 0.34375 0.4390625 0.025 0.096875
2 0.8515625 0.3234375 0.0171875 0.096875
2 0.6859375 0.246875 0.0171875 0.0359375
2 0.7828125 0.2140625 0.009375 0.0609375
2 0.840625 0.3171875 0.0140625 0.1
2 0.778125 0.225 0.015625 0.0828125
2 0.8234375 0.3125 0.0140625 0.0890625
2 0.859375 0.15625 0.0078125 0.0359375
2 0.8796875 0.1578125 0.0078125 0.0328125
2 0.8765625 0.73125 0.0203125 0.040625
2 0.7046875 0.221875 0.009375 0.03125
2 0.25625 0.48125 0.025 0.0375
2 0.759375 0.8859375 0.1 0.228125
2 0.83125 0.328125 0.0265625 0.1171875
2 0.19375 0.434375 0.009375 0.0234375
2 0.84375 0.278125 0.0078125 0.0234375
2 0.259375 0.440625 0.009375 0.025
2 0.8546875 0.725 0.0125 0.0265625
2 0.89375 0.1484375 0.00625 0.028125
2 0.8359375 0.140625 0.0046875 0.025
2 0.8953125 0.3734375 0.0453125 0.1625
2 0.8828125 0.3015625 0.015625 0.05
2 0.1734375 0.4265625 0.00625 0.0234375
2 0.18125 0.4203125 0.009375 0.021875
2 0.8875 0.1484375 0.00625 0.028125
2 0.9171875 0.146875 0.00625 0.0375
2 0.18125 0.53125 0.00625 0.0171875
2 0.2703125 0.4296875 0.009375 0.025
2 0.2609375 0.490625 0.0359375 0.0609375
2 0.7859375 0.8375 0.0421875 0.13125
2 0.7765625 0.2359375 0.0109375 0.0578125
2 0.7375 0.2203125 0.0078125 0.046875
2 0.8375 0.140625 0.0046875 0.0265625
2 0.75 0.20625 0.0078125 0.028125
2 0.340625 0.4609375 0.0203125 0.0515625
2 0.38125 0.484375 0.028125 0.11875
2 0.9078125 0.153125 0.00625 0.03125