2 0.246875 0.6859375 0.05 0.1765625
2 0.4703125 0.8625 0.0578125 0.2734375
2 0.30625 0.403125 0.0234375 0.103125
2 0.7 0.6296875 0.034375 0.19375
2 0.6296875 0.9375 0.075 0.1234375
2 0.559375 0.953125 0.0640625 0.090625
2 0.575 0.41875 0.0171875 0.103125
2 0.4046875 0.25 0.009375 0.03125
2 0.309375 0.2421875 0.0109375 0.0421875
2 0.6609375 0.7765625 0.046875 0.25625
2 0.9109375 0.471875 0.0296875 0.0953125
2 0.753125 0.425 0.025 0.1046875
2 0.8734375 0.4859375 0.028125 0.1296875
2 0.675 0.7375 0.053125 0.278125
2 0.25625 0.3625 0.0171875 0.09375
2 0.6109375 0.2640625 0.015625 0.021875
2 0.715625 0.40625 0.01875 0.10625
2 0.603125 0.434375 0.021875 0.0734375
2 0.315625 0.2 0.00625 0.025
2 0.425 0.85625 0.046875 0.284375
2 0.890625 0.2859375 0.009375 0.025
2 0.6734375 0.6625 0.0484375 0.128125
2 0.8046875 0.3046875 0.0125 0.0625
2 0.309375 0.4234375 0.015625 0.065625
2 0.8390625 0.4140625 0.0265625 0.1109375
2 0.8515625 0.403125 0.015625 0.1015625
2 0.8375 0.340625 0.0140625 0.0671875
2 0.7546875 0.3578125 0.0171875 0.0625
2 0.7234375 0.375 0.0140625 0.075
2 0.79375 0.4140625 0.0203125 0.0921875
2 0.9734375 0.4109375 0.01875 0.0765625
2 0.7390625 0.3796875 0.01875 0.084375
2 0.9140625 0.2546875 0.0078125 0.0390625
2 0.8734375 0.39375 0.0234375 0.090625
2 0.8203125 0.4046875 0.01875 0.1015625
2 0.95625 0.3359375 0.0171875 0.0375
2 0.8 0.4015625 0.015625 0.0984375
2 0.753125 0.3078125 0.0125 0.034375
2 0.8125 0.428125 0.015625 0.08125
2 0.8515625 0.3359375 0.0171875 0.071875
2 0.884375 0.40625 0.021875 0.0734375
2 0.79375 0.31875 0.015625 0.0578125
2 0.909375 0.3859375 0.01875 0.0765625
2 0.603125 0.4125 0.01875 0.0296875
2 0.921875 0.2859375 0.009375 0.0390625
2 0.86875 0.3203125 0.0140625 0.0671875
2 0.8578125 0.3 0.009375 0.04375
2 0.5375 0.965625 0.01875 0.065625
2 0.9125 0.384375 0.009375 0.0671875
2 0.784375 0.3796875 0.01875 0.0984375
2 0.9296875 0.2734375 0.0109375 0.0515625
2 0.0859375 0.240625 0.0078125 0.0234375
2 0.890625 0.3828125 0.0203125 0.0859375
2 0.8421875 0.2875 0.0109375 0.034375
2 0.6765625 0.184375 0.0046875 0.0234375
2 0.3046875 0.2140625 0.00625 0.0171875
2 0.803125 0.228125 0.00625 0.0234375
2 0.746875 0.36875 0.0109375 0.0484375
2 0.2015625 0.209375 0.00625 0.0234375
2 0.7328125 0.375 0.0125 0.0921875