2 0.7265625 0.3734375 0.0296875 0.14375
2 0.5046875 0.4234375 0.03125 0.1609375
2 0.390625 0.81875 0.0859375 0.2828125
2 0.646875 0.3765625 0.03125 0.1265625
2 0.7609375 0.384375 0.028125 0.128125
2 0.359375 0.4890625 0.0296875 0.13125
2 0.6046875 0.3296875 0.021875 0.10625
2 0.340625 0.434375 0.025 0.1015625
2 0.428125 0.225 0.021875 0.0421875
2 0.8390625 0.2203125 0.0125 0.0609375
2 0.7578125 0.8859375 0.103125 0.228125
2 0.890625 0.2125 0.0125 0.0578125
2 0.878125 0.203125 0.0125 0.0734375
2 0.8515625 0.21875 0.0125 0.0640625
2 0.8953125 0.3703125 0.0453125 0.16875
2 0.8453125 0.1515625 0.009375 0.0421875
2 0.8296875 0.159375 0.0078125 0.03125
2 0.84375 0.59375 0.0265625 0.225
2 0.809375 0.6046875 0.0234375 0.078125
2 0.646875 0.290625 0.0125 0.04375
2 0.1921875 0.4359375 0.009375 0.0265625
2 0.8703125 0.20625 0.0109375 0.021875
2 0.9421875 0.46875 0.0359375 0.0875
2 0.8921875 0.159375 0.00625 0.0296875
2 0.8765625 0.1453125 0.0046875 0.028125
2 0.259375 0.4421875 0.009375 0.025
2 0.8125 0.753125 0.0359375 0.13125
2 0.86875 0.14375 0.00625 0.03125
2 0.8046875 0.8 0.0328125 0.15625
2 0.6828125 0.253125 0.0078125 0.0234375
2 0.18125 0.4359375 0.0234375 0.0515625
2 0.9328125 0.4859375 0.01875 0.053125
2 0.69375 0.2578125 0.0109375 0.0484375
2 0.4328125 0.2234375 0.0125 0.034375
2 0.1796875 0.421875 0.009375 0.0234375
2 0.7859375 0.834375 0.0421875 0.1265625
2 0.2703125 0.43125 0.0078125 0.0234375
2 0.8984375 0.140625 0.00625 0.0265625
2 0.9375 0.6796875 0.0109375 0.0484375
2 0.9375 0.5640625 0.0453125 0.275
2 0.8796875 0.4140625 0.015625 0.08125
2 0.928125 0.1359375 0.00625 0.0265625
2 0.9421875 0.1265625 0.0109375 0.046875
2 0.6046875 0.2921875 0.0125 0.034375
2 0.69375 0.2453125 0.0078125 0.0234375
2 0.859375 0.140625 0.0046875 0.025
2 0.815625 0.7140625 0.0515625 0.1859375
2 0.80625 0.653125 0.03125 0.1765625
2 0.1796875 0.5125 0.0140625 0.059375
2 0.834375 0.45 0.0125 0.05625
2 0.8375 0.1390625 0.00625 0.025
2 0.9171875 0.140625 0.00625 0.0265625
2 0.884375 0.3046875 0.0140625 0.0421875
2 0.596875 0.3265625 0.00625 0.0453125
2 0.81875 0.64375 0.0453125 0.159375
2 0.540625 0.2703125 0.0078125 0.0515625
2 0.6109375 0.33125 0.0078125 0.046875
2 0.634375 0.2640625 0.0109375 0.021875
2 0.3515625 0.3875 0.0078125 0.021875
2 0.3546875 0.4546875 0.025 0.0625
2 0.809375 0.8390625 0.0421875 0.3015625
2 0.88125 0.346875 0.0171875 0.11875