2 0.68125 0.85625 0.0703125 0.284375
2 0.8640625 0.85 0.0859375 0.29375
2 0.5375 0.5640625 0.0515625 0.2109375
2 0.8078125 0.609375 0.05 0.2265625
2 0.4046875 0.3890625 0.0359375 0.16875
2 0.56875 0.89375 0.08125 0.1859375
2 0.265625 0.49375 0.04375 0.2
2 0.64375 0.9328125 0.078125 0.1328125
2 0.8484375 0.94375 0.0796875 0.109375
2 0.9375 0.9640625 0.03125 0.0703125
2 0.3265625 0.2984375 0.025 0.1265625
2 0.140625 0.3140625 0.0359375 0.1140625
2 0.2265625 0.328125 0.034375 0.1453125
2 0.14375 0.2453125 0.0203125 0.0625
2 0.2640625 0.3109375 0.0296875 0.11875
2 0.2671875 0.384375 0.034375 0.0859375
2 0.309375 0.2734375 0.025 0.121875
2 0.13125 0.8609375 0.0359375 0.071875
2 0.34375 0.2515625 0.01875 0.0859375
2 0.2421875 0.215625 0.0140625 0.0921875
2 0.65625 0.5484375 0.021875 0.0625
2 0.125 0.884375 0.0484375 0.11875
2 0.8453125 0.6796875 0.0265625 0.0578125
2 0.275 0.26875 0.025 0.121875
2 0.8765625 0.309375 0.015625 0.0265625
2 0.2703125 0.1859375 0.021875 0.0734375
2 0.40625 0.3125 0.0125 0.0390625
2 0.18125 0.2234375 0.0296875 0.103125
2 0.071875 0.29375 0.021875 0.0328125
2 0.8859375 0.584375 0.0171875 0.109375
2 0.5875 0.36875 0.0125 0.0421875
2 0.421875 0.2671875 0.0203125 0.0515625
2 0.9546875 0.2109375 0.0171875 0.071875
2 0.296875 0.303125 0.021875 0.109375
2 0.2 0.2796875 0.028125 0.0734375
2 0.7703125 0.53125 0.05625 0.18125
2 0.8328125 0.5125 0.0296875 0.0390625
2 0.2078125 0.38125 0.021875 0.090625
2 0.259375 0.1703125 0.0125 0.0734375
2 0.215625 0.8109375 0.040625 0.046875
2 0.19375 0.4640625 0.059375 0.2078125
2 0.1984375 0.3203125 0.0265625 0.06875
2 0.2671875 0.4265625 0.0359375 0.171875
2 0.34375 0.228125 0.01875 0.0359375
2 0.1875 0.4203125 0.0421875 0.1921875
2 0.125 0.234375 0.0140625 0.0671875
2 0.2359375 0.1734375 0.0140625 0.0765625
2 0.6296875 0.4296875 0.0109375 0.0796875
2 0.1078125 0.9109375 0.0828125 0.1734375
2 0.53125 0.3921875 0.0125 0.0265625
2 0.134375 0.2171875 0.015625 0.0875
2 0.18125 0.25625 0.015625 0.0390625
2 0.9015625 0.571875 0.0171875 0.0765625
2 0.9125 0.571875 0.0359375 0.0828125
2 0.209375 0.21875 0.01875 0.084375
2 0.89375 0.56875 0.0109375 0.071875
2 0.2234375 0.1875 0.015625 0.0765625
2 0.41875 0.321875 0.028125 0.1609375
2 0.3890625 0.1484375 0.009375 0.0296875
2 0.1890625 0.3671875 0.040625 0.0859375
2 0.246875 0.1703125 0.0109375 0.046875
2 0.8328125 0.571875 0.0296875 0.1578125
2 0.2453125 0.146875 0.009375 0.028125
2 0.5984375 0.3765625 0.009375 0.0265625
2 0.1765625 0.3578125 0.01875 0.08125
2 0.2671875 0.240625 0.0109375 0.0421875
2 0.859375 0.5640625 0.0671875 0.15
2 0.209375 0.1671875 0.0125 0.046875
2 0.4109375 0.3453125 0.0203125 0.1046875
2 0.8671875 0.2328125 0.025 0.0375
2 0.0609375 0.2859375 0.0109375 0.04375
2 0.421875 0.3421875 0.0171875 0.13125
2 0.1953125 0.165625 0.0140625 0.06875
2 0.0078125 0.5390625 0.0140625 0.03125
2 0.2 0.4 0.0390625 0.1484375