2 0.0703125 0.5390625 0.04375 0.1390625
2 0.7015625 0.446875 0.0140625 0.0859375
2 0.4015625 0.4125 0.021875 0.1078125
2 0.4953125 0.340625 0.00625 0.028125
2 0.315625 0.475 0.015625 0.025
2 0.075 0.290625 0.009375 0.0421875
2 0.6453125 0.2984375 0.0078125 0.0265625
2 0.3359375 0.3765625 0.0140625 0.0203125
2 0.3640625 0.2984375 0.0046875 0.0265625
2 0.4578125 0.2875 0.00625 0.0203125
2 0.7796875 0.3578125 0.01875 0.0546875
2 0.3875 0.29375 0.0296875 0.0375
2 0.053125 0.2875 0.0140625 0.0484375
2 0.6609375 0.303125 0.00625 0.0296875
2 0.84375 0.3171875 0.009375 0.0375
2 0.1328125 0.30625 0.00625 0.0234375
2 0.7296875 0.309375 0.00625 0.0234375
2 0.3953125 0.375 0.0109375 0.0265625
2 0.6140625 0.3046875 0.009375 0.021875
2 0.3765625 0.2984375 0.00625 0.0265625
2 0.059375 0.2984375 0.0078125 0.0375
2 0.4609375 0.38125 0.00625 0.028125
2 0.3125 0.475 0.0078125 0.025
2 0.33125 0.3765625 0.0046875 0.0203125