2 0.3859375 0.5890625 0.0390625 0.1921875
2 0.159375 0.7921875 0.071875 0.29375
2 0.48125 0.49375 0.0265625 0.1453125
2 0.440625 0.66875 0.0328125 0.234375
2 0.8546875 0.903125 0.0671875 0.1921875
2 0.64375 0.9140625 0.075 0.1703125
2 0.278125 0.64375 0.0515625 0.1984375
2 0.3921875 0.8671875 0.0296875 0.2125
2 0.5234375 0.5515625 0.0359375 0.1609375
2 0.10625 0.959375 0.0390625 0.0796875
2 0.059375 0.85625 0.065625 0.2875
2 0.3359375 0.8890625 0.05625 0.2203125
2 0.1375 0.39375 0.021875 0.040625
2 0.028125 0.8765625 0.0546875 0.2453125
2 0.2765625 0.3109375 0.01875 0.0765625
2 0.0984375 0.640625 0.046875 0.121875
2 0.2609375 0.8921875 0.0625 0.2140625
2 0.490625 0.80625 0.04375 0.278125
2 0.7171875 0.665625 0.0375 0.228125
2 0.2125 0.3640625 0.009375 0.059375
2 0.3546875 0.815625 0.065625 0.234375
2 0.525 0.859375 0.0546875 0.278125
2 0.4421875 0.5640625 0.03125 0.0875
2 0.353125 0.9609375 0.0375 0.075
2 0.5109375 0.6140625 0.034375 0.11875
2 0.05625 0.6203125 0.0421875 0.1296875
2 0.19375 0.9640625 0.0296875 0.0703125
2 0.659375 0.7953125 0.05 0.19375
2 0.5625 0.9171875 0.0609375 0.1640625
2 0.2640625 0.7828125 0.0703125 0.171875
2 0.5484375 0.9828125 0.0328125 0.0328125
2 0.6046875 0.415625 0.0203125 0.0625
2 0.815625 0.559375 0.0390625 0.0640625
2 0.559375 0.546875 0.0328125 0.128125
2 0.684375 0.4921875 0.0234375 0.14375
2 0.696875 0.578125 0.03125 0.15
2 0.825 0.5328125 0.0328125 0.1078125
2 0.796875 0.7421875 0.0484375 0.121875
2 0.6109375 0.4234375 0.03125 0.09375
2 0.178125 0.425 0.0109375 0.0203125
2 0.740625 0.55625 0.03125 0.1109375
2 0.6578125 0.409375 0.0171875 0.1078125
2 0.728125 0.4640625 0.0296875 0.134375
2 0.2875 0.496875 0.015625 0.046875
2 0.625 0.3796875 0.0265625 0.1046875
2 0.6296875 0.75 0.0171875 0.08125
2 0.2234375 0.596875 0.0140625 0.0515625
2 0.61875 0.4234375 0.0171875 0.09375
2 0.6328125 0.38125 0.015625 0.0984375
2 0.709375 0.4796875 0.025 0.078125
2 0.15 0.596875 0.0265625 0.0828125
2 0.090625 0.5875 0.01875 0.034375
2 0.8140625 0.6640625 0.0390625 0.2765625
2 0.7828125 0.546875 0.03125 0.0875
2 0.8578125 0.4703125 0.025 0.09375
2 0.0859375 0.2921875 0.0125 0.0375
2 0.78125 0.475 0.0234375 0.0921875
2 0.7140625 0.5265625 0.0265625 0.046875
2 0.01875 0.6484375 0.0359375 0.2109375
2 0.5734375 0.2203125 0.015625 0.0765625
2 0.7578125 0.3703125 0.0140625 0.0828125
2 0.875 0.4640625 0.0171875 0.0921875
2 0.703125 0.4375 0.0265625 0.11875
2 0.88125 0.4734375 0.01875 0.084375
2 0.3171875 0.4703125 0.0234375 0.01875
2 0.571875 0.2015625 0.0109375 0.0390625
2 0.8125 0.3296875 0.0171875 0.075
2 0.659375 0.34375 0.015625 0.046875
2 0.6796875 0.409375 0.0234375 0.1
2 0.53125 0.9703125 0.01875 0.0578125
2 0.7875 0.346875 0.015625 0.0734375
2 0.7703125 0.34375 0.0140625 0.078125
2 0.6734375 0.346875 0.0140625 0.0515625
2 0.240625 0.5828125 0.0171875 0.0671875
2 0.74375 0.3390625 0.0140625 0.071875
2 0.825 0.4578125 0.03125 0.1
2 0.7171875 0.6015625 0.0375 0.1015625
2 0.55625 0.7578125 0.021875 0.096875
2 0.2125 0.3765625 0.0078125 0.034375
2 0.671875 0.4109375 0.0140625 0.1015625
2 0.7234375 0.36875 0.0140625 0.0890625
2 0.7109375 0.365625 0.0140625 0.084375
2 0.8140625 0.4515625 0.0171875 0.1
2 0.75625 0.4734375 0.028125 0.0984375
2 0.4328125 0.4484375 0.015625 0.046875
2 0.8234375 0.3328125 0.0140625 0.0671875
2 0.0984375 0.703125 0.0484375 0.246875
2 0.890625 0.4890625 0.009375 0.1078125
2 0.275 0.49375 0.04375 0.0515625
2 0.7984375 0.4828125 0.0234375 0.1484375
2 0.8140625 0.425 0.015625 0.046875
2 0.7265625 0.3171875 0.015625 0.053125
2 0.5390625 0.41875 0.0234375 0.0828125
2 0.284375 0.3578125 0.0078125 0.0375
2 0.0328125 0.4515625 0.0125 0.0171875
2 0.778125 0.365625 0.0203125 0.04375
2 0.19375 0.7046875 0.025 0.0921875
2 0.728125 0.5796875 0.0265625 0.071875
2 0.7984375 0.440625 0.0203125 0.0640625
2 0.44375 0.2734375 0.00625 0.03125
2 0.0078125 0.7609375 0.015625 0.08125
2 0.6828125 0.390625 0.0171875 0.065625
2 0.54375 0.9703125 0.04375 0.0578125
2 0.778125 0.3859375 0.021875 0.0828125