2 0.7859375 0.659375 0.06875 0.296875
2 0.684375 0.85625 0.0890625 0.2875
2 0.6 0.86875 0.0578125 0.2609375
2 0.4 0.459375 0.040625 0.2109375
2 0.209375 0.5328125 0.0515625 0.0796875
2 0.8828125 0.7234375 0.0578125 0.2828125
2 0.978125 0.290625 0.0234375 0.06875
2 0.7046875 0.5375 0.0421875 0.1375
2 0.146875 0.45625 0.040625 0.1859375
2 0.1125 0.3109375 0.025 0.115625
2 0.203125 0.36875 0.0328125 0.1546875
2 0.5234375 0.80625 0.0578125 0.24375
2 0.959375 0.2859375 0.015625 0.075
2 0.6453125 0.703125 0.0546875 0.2640625
2 0.5703125 0.4640625 0.0375 0.171875
2 0.85625 0.68125 0.0375 0.271875
2 0.7109375 0.6921875 0.0796875 0.265625
2 0.159375 0.4171875 0.034375 0.196875
2 0.309375 0.4171875 0.0359375 0.1125
2 0.390625 0.3265625 0.028125 0.121875
2 0.7109375 0.2859375 0.0171875 0.084375
2 0.328125 0.3359375 0.0375 0.1140625
2 0.5125 0.4109375 0.034375 0.134375
2 0.13125 0.8609375 0.034375 0.0734375
2 0.565625 0.6984375 0.053125 0.3015625
2 0.26875 0.346875 0.028125 0.071875
2 0.7703125 0.2828125 0.00625 0.0578125
2 0.3609375 0.5609375 0.0421875 0.2046875
2 0.590625 0.61875 0.0375 0.2421875
2 0.61875 0.5390625 0.0453125 0.2328125
2 0.33125 0.4875 0.0171875 0.028125
2 0.5375 0.55 0.046875 0.1484375
2 0.309375 0.465625 0.0390625 0.0703125
2 0.8328125 0.515625 0.03125 0.04375
2 0.3515625 0.3234375 0.0203125 0.1171875
2 0.65625 0.2671875 0.009375 0.0328125
2 0.3265625 0.278125 0.0203125 0.0484375
2 0.2625 0.26875 0.021875 0.0953125
2 0.29375 0.3078125 0.01875 0.1125
2 0.10625 0.209375 0.0109375 0.021875
2 0.884375 0.0375 0.028125 0.075
2 0.265625 0.434375 0.0375 0.1890625
2 0.175 0.284375 0.025 0.128125
2 0.121875 0.1984375 0.01875 0.0453125
2 0.275 0.21875 0.0140625 0.0828125
2 0.1359375 0.240625 0.0203125 0.09375
2 0.875 0.2296875 0.009375 0.046875
2 0.2765625 0.1640625 0.015625 0.0484375
2 0.215625 0.2796875 0.0234375 0.0859375
2 0.26875 0.3828125 0.03125 0.14375
2 0.515625 0.6078125 0.01875 0.0984375
2 0.25625 0.2484375 0.015625 0.1
2 0.19375 0.2875 0.0171875 0.1078125
2 0.6328125 0.4265625 0.015625 0.0734375
2 0.83125 0.6078125 0.0328125 0.225
2 0.65625 0.55 0.0234375 0.0640625
2 0.2921875 0.2484375 0.0171875 0.0671875
2 0.5296875 0.6875 0.046875 0.165625
2 0.24375 0.2515625 0.0171875 0.0921875
2 0.353125 0.2890625 0.0171875 0.0484375
2 0.7375 0.2890625 0.0078125 0.103125
2 0.125 0.8796875 0.05 0.1078125
2 0.728125 0.290625 0.0296875 0.103125
2 0.8765625 0.3109375 0.015625 0.0265625
2 0.5796875 0.378125 0.0125 0.0234375
2 0.2 0.1734375 0.015625 0.0671875
2 0.15 0.240625 0.015625 0.0890625
2 0.23125 0.1828125 0.0140625 0.0671875
2 0.903125 0.5640625 0.0171875 0.0546875
2 0.2203125 0.175 0.0125 0.0625
2 0.515625 0.58125 0.0140625 0.04375
2 0.1640625 0.2171875 0.01875 0.0640625
2 0.2484375 0.18125 0.0140625 0.0625
2 0.3734375 0.325 0.01875 0.121875
2 0.2 0.2515625 0.0171875 0.0734375
2 0.209375 0.171875 0.0109375 0.0671875
2 0.3234375 0.225 0.015625 0.03125
2 0.41875 0.3453125 0.0125 0.1078125
2 0.3875 0.146875 0.00625 0.0328125
2 0.23125 0.2609375 0.0171875 0.1046875
2 0.9578125 0.2703125 0.0125 0.04375
2 0.1625 0.2765625 0.015625 0.1
2 0.371875 0.228125 0.0125 0.03125
2 0.25625 0.2203125 0.015625 0.04375
2 0.3734375 0.2921875 0.0171875 0.05625
2 0.3546875 0.228125 0.009375 0.0296875
2 0.5140625 0.63125 0.015625 0.0515625
2 0.3375 0.5484375 0.03125 0.1484375
2 0.2171875 0.234375 0.0171875 0.0421875
2 0.5890625 0.36875 0.0125 0.040625
2 0.2546875 0.1484375 0.009375 0.0328125
2 0.184375 0.234375 0.0125 0.0375
2 0.525 0.371875 0.01875 0.0640625
2 0.121875 0.2484375 0.015625 0.0875
2 0.2609375 0.1875 0.0140625 0.05
2 0.203125 0.2359375 0.0109375 0.0390625