2 0.74375 0.478125 0.028125 0.071875
2 0.1484375 0.49375 0.0296875 0.06875
2 0.7328125 0.3046875 0.00625 0.0234375
2 0.90625 0.2984375 0.009375 0.0390625
2 0.740625 0.46875 0.01875 0.0515625
2 0.9140625 0.2953125 0.009375 0.0359375
2 0.84375 0.3171875 0.009375 0.0359375
2 0.953125 0.4390625 0.00625 0.0328125
2 0.2 0.36875 0.00625 0.0296875
2 0.1359375 0.4828125 0.009375 0.0421875
2 0.959375 0.434375 0.0203125 0.04375
2 0.1671875 0.3015625 0.00625 0.015625
2 0.8078125 0.3015625 0.00625 0.0265625
2 0.6453125 0.29375 0.00625 0.025
2 0.1578125 0.3 0.00625 0.0171875
2 0.1375 0.4984375 0.009375 0.0578125