2 0.659375 0.7625 0.05 0.2546875
2 0.85 0.60625 0.0359375 0.159375
2 0.61875 0.7484375 0.059375 0.2671875
2 0.803125 0.5625 0.028125 0.1375
2 0.628125 0.5734375 0.03125 0.1421875
2 0.903125 0.4640625 0.01875 0.0859375
2 0.6515625 0.584375 0.03125 0.1640625
2 0.7890625 0.4234375 0.0109375 0.0640625
2 0.88125 0.4015625 0.0125 0.078125
2 0.8578125 0.453125 0.0171875 0.0828125
2 0.8328125 0.4375 0.0171875 0.0765625
2 0.94375 0.4515625 0.0125 0.04375
2 0.859375 0.3890625 0.0125 0.05625
2 0.2375 0.6453125 0.03125 0.078125
2 0.9328125 0.403125 0.0109375 0.05625
2 0.8484375 0.4421875 0.0140625 0.0859375
2 0.3375 0.5515625 0.05 0.0703125
2 0.9515625 0.4546875 0.009375 0.0453125
2 0.8078125 0.98125 0.0359375 0.034375
2 0.91875 0.26875 0.0109375 0.0421875
2 0.91875 0.1671875 0.0125 0.053125
2 0.3375 0.5390625 0.0265625 0.046875
2 0.5 0.321875 0.0234375 0.071875
2 0.809375 0.4234375 0.015625 0.0578125
2 0.2890625 0.3265625 0.034375 0.178125
2 0.8515625 0.3890625 0.0078125 0.0484375
2 0.746875 0.45 0.009375 0.0484375
2 0.575 0.25625 0.0203125 0.0359375
2 0.9484375 0.39375 0.009375 0.046875
2 0.8234375 0.41875 0.0078125 0.040625
2 0.9515625 0.3953125 0.0140625 0.06875
2 0.9453125 0.471875 0.0203125 0.0875
2 0.8109375 0.4 0.009375 0.0296875
2 0.95 0.38125 0.0078125 0.028125
2 0.9453125 0.40625 0.0125 0.053125
2 0.9515625 0.3765625 0.0109375 0.0328125