2 0.575 0.6859375 0.0375 0.1484375
2 0.728125 0.5953125 0.0484375 0.1625
2 0.684375 0.46875 0.025 0.09375
2 0.1390625 0.49375 0.0125 0.075
2 0.159375 0.4984375 0.0375 0.0671875
2 0.915625 0.4390625 0.0140625 0.0609375
2 0.9359375 0.6265625 0.05 0.1390625
2 0.896875 0.4921875 0.0296875 0.0921875
2 0.9015625 0.5171875 0.021875 0.05625
2 0.91875 0.609375 0.0140625 0.0453125
2 0.8453125 0.3109375 0.009375 0.0515625
2 0.890625 0.503125 0.0171875 0.0640625
2 0.16875 0.4984375 0.015625 0.065625
2 0.415625 0.3015625 0.0078125 0.021875
2 0.178125 0.3109375 0.0046875 0.0140625
2 0.16875 0.3015625 0.00625 0.0171875
2 0.990625 0.64375 0.015625 0.1671875
2 0.05625 0.2859375 0.0125 0.046875
2 0.890625 0.421875 0.0125 0.0796875
2 0.4625 0.2875 0.0078125 0.021875
2 0.91875 0.6296875 0.0140625 0.0890625