2 0.79375 0.696875 0.05625 0.2203125
2 0.575 0.54375 0.0375 0.2015625
2 0.64375 0.5765625 0.053125 0.1984375
2 0.4140625 0.3890625 0.0421875 0.0953125
2 0.378125 0.3234375 0.021875 0.1015625
2 0.3015625 0.19375 0.0125 0.0625
2 0.2859375 0.4015625 0.025 0.140625
2 0.25625 0.4046875 0.034375 0.1375
2 0.2140625 0.396875 0.0234375 0.1390625
2 0.3140625 0.403125 0.025 0.140625
2 0.23125 0.396875 0.0234375 0.15
2 0.7 0.228125 0.0125 0.065625
2 0.1875 0.3828125 0.0328125 0.0765625
2 0.178125 0.2359375 0.0140625 0.078125
2 0.640625 0.1734375 0.0078125 0.021875
2 0.328125 0.390625 0.021875 0.134375
2 0.603125 0.1453125 0.00625 0.0265625
2 0.328125 0.303125 0.015625 0.0328125
2 0.8671875 0.15 0.00625 0.0375
2 0.4421875 0.175 0.009375 0.0390625
2 0.4875 0.1625 0.0078125 0.040625
2 0.434375 0.1734375 0.00625 0.0390625
2 0.0453125 0.3609375 0.01875 0.021875
2 0.5 0.16875 0.009375 0.05
2 0.44375 0.1328125 0.0046875 0.0234375
2 0.05625 0.1984375 0.015625 0.0921875
2 0.403125 0.1296875 0.0046875 0.021875
2 0.2234375 0.2625 0.0109375 0.028125
2 0.9421875 0.8015625 0.0359375 0.0765625
2 0.940625 0.8 0.01875 0.0734375
2 0.1765625 0.371875 0.0109375 0.0390625
2 0.1109375 0.2109375 0.0140625 0.0671875
2 0.5625 0.4078125 0.0125 0.03125
2 0.096875 0.203125 0.0140625 0.0734375
2 0.940625 0.0890625 0.009375 0.028125
2 0.7 0.1734375 0.009375 0.0234375
2 0.5796875 0.4109375 0.009375 0.025
2 0.16875 0.2234375 0.009375 0.0828125
2 0.06875 0.184375 0.009375 0.0578125
2 0.0234375 0.36875 0.0171875 0.025
2 0.684375 0.2140625 0.00625 0.0671875
2 0.5078125 0.171875 0.0078125 0.028125
2 0.08125 0.1921875 0.015625 0.0703125
2 0.01875 0.3796875 0.0265625 0.0421875
2 0.4625 0.23125 0.009375 0.015625
2 0.290625 0.246875 0.0125 0.0140625
2 0.11875 0.1734375 0.009375 0.0421875
2 0.7046875 0.1359375 0.0078125 0.03125
2 0.140625 0.1953125 0.009375 0.0390625
2 0.590625 0.1484375 0.009375 0.021875
2 0.21875 0.1390625 0.00625 0.0296875
2 0.0375 0.15625 0.0125 0.0640625
2 0.3734375 0.1359375 0.00625 0.0234375
2 0.5484375 0.4125 0.0140625 0.0421875
2 0.65625 0.1484375 0.0046875 0.0265625
2 0.0421875 0.1390625 0.009375 0.0375
2 0.03125 0.375 0.0484375 0.0515625
2 0.4796875 0.1375 0.0046875 0.021875
2 0.290625 0.2640625 0.0125 0.05
2 0.8046875 0.675 0.009375 0.0421875
2 0.034375 0.3640625 0.0390625 0.0296875
2 0.4 0.125 0.003125 0.0171875
2 0.4640625 0.1421875 0.0046875 0.0140625
2 0.215625 0.2265625 0.0109375 0.046875
2 0.703125 0.171875 0.00625 0.0234375
2 0.303125 0.14375 0.0046875 0.0125
2 0.4375 0.1265625 0.0046875 0.0234375
2 0.284375 0.1921875 0.009375 0.0515625
2 0.496875 0.1796875 0.0125 0.0328125
2 0.025 0.2140625 0.03125 0.05
2 0.3984375 0.1234375 0.0046875 0.01875
2 0.8875 0.1546875 0.0109375 0.028125
2 0.3125 0.26875 0.0078125 0.028125
2 0.7421875 0.1640625 0.009375 0.0390625
2 0.2609375 0.2546875 0.0109375 0.0671875
2 0.203125 0.2453125 0.0125 0.0609375
2 0.3203125 0.39375 0.015625 0.1296875
2 0.403125 0.021875 0.00625 0.01875
2 0.2828125 0.1703125 0.0078125 0.0125
2 0.6359375 0.1390625 0.0046875 0.0234375
2 0.5015625 0.15625 0.00625 0.0265625
2 0.009375 0.253125 0.0171875 0.065625
2 0.684375 0.2265625 0.0046875 0.0390625
2 0.0046875 0.3859375 0.009375 0.046875