2 0.371875 0.7421875 0.0515625 0.240625
2 0.3 0.7328125 0.046875 0.25625
2 0.43125 0.5171875 0.0390625 0.1921875
2 0.203125 0.634375 0.0390625 0.203125
2 0.378125 0.575 0.0328125 0.1578125
2 0.709375 0.678125 0.0421875 0.23125
2 0.2671875 0.578125 0.05625 0.1609375
2 0.159375 0.9015625 0.0921875 0.19375
2 0.478125 0.6328125 0.0484375 0.2140625
2 0.5390625 0.4765625 0.034375 0.1328125
2 0.328125 0.596875 0.0421875 0.190625
2 0.35 0.5640625 0.0359375 0.203125
2 0.2171875 0.3703125 0.0125 0.025
2 0.565625 0.6390625 0.0375 0.21875
2 0.753125 0.634375 0.034375 0.2265625
2 0.5734375 0.4265625 0.0234375 0.1015625
2 0.528125 0.6234375 0.0453125 0.23125
2 0.084375 0.571875 0.03125 0.0390625
2 0.578125 0.2140625 0.009375 0.0640625
2 0.496875 0.4609375 0.028125 0.0859375
2 0.59375 0.4234375 0.01875 0.1046875
2 0.6296875 0.6328125 0.0453125 0.2390625
2 0.6359375 0.8765625 0.065625 0.2421875
2 0.1796875 0.4109375 0.009375 0.0203125
2 0.8578125 0.4734375 0.028125 0.134375
2 0.0609375 0.6203125 0.025 0.03125
2 0.7984375 0.728125 0.0484375 0.121875
2 0.484375 0.4171875 0.025 0.0875
2 0.1421875 0.221875 0.0109375 0.03125
2 0.628125 0.43125 0.0359375 0.1328125
2 0.778125 0.64375 0.025 0.2078125
2 0.571875 0.878125 0.078125 0.2421875
2 0.053125 0.7984375 0.05 0.19375
2 0.6703125 0.4734375 0.0234375 0.13125
2 0.709375 0.55625 0.0484375 0.1203125
2 0.7203125 0.9609375 0.0640625 0.0765625
2 0.68125 0.4359375 0.01875 0.11875
2 0.0765625 0.6921875 0.0578125 0.1734375
2 0.2765625 0.503125 0.04375 0.103125
2 0.503125 0.5109375 0.0375 0.109375
2 0.6515625 0.421875 0.0203125 0.11875
2 0.759375 0.4890625 0.034375 0.103125
2 0.7578125 0.390625 0.015625 0.109375
2 0.75 0.340625 0.015625 0.0671875
2 0.5984375 0.746875 0.0765625 0.1046875
2 0.846875 0.325 0.01875 0.0578125
2 0.8765625 0.5328125 0.025 0.1046875
2 0.6296875 0.5546875 0.0453125 0.08125
2 0.7953125 0.6640625 0.0546875 0.2484375
2 0.5671875 0.5640625 0.0375 0.06875
2 0.884375 0.496875 0.021875 0.1796875
2 0.746875 0.46875 0.0125 0.053125
2 0.7875 0.5296875 0.0234375 0.0828125
2 0.634375 0.4171875 0.015625 0.1171875
2 0.6578125 0.371875 0.015625 0.0875
2 0.70625 0.478125 0.0359375 0.1
2 0.65 0.31875 0.0109375 0.0375
2 0.6671875 0.3734375 0.0125 0.0484375
2 0.665625 0.35625 0.0171875 0.0875
2 0.7625 0.296875 0.015625 0.078125
2 0.753125 0.5609375 0.034375 0.08125
2 0.6421875 0.359375 0.0171875 0.075
2 0.8 0.484375 0.028125 0.171875
2 0.5625 0.4 0.0140625 0.06875
2 0.0515625 0.740625 0.028125 0.08125
2 0.79375 0.890625 0.0390625 0.1765625
2 0.76875 0.3984375 0.0203125 0.084375
2 0.8203125 0.496875 0.0203125 0.11875
2 0.0875 0.575 0.015625 0.03125
2 0.65625 0.3484375 0.0140625 0.0421875
2 0.2140625 0.2046875 0.0109375 0.0546875
2 0.2171875 0.571875 0.01875 0.071875
2 0.0125 0.546875 0.025 0.04375
2 0.7734375 0.30625 0.015625 0.071875
2 0.7796875 0.559375 0.0234375 0.0421875
2 0.70625 0.30625 0.01875 0.1125
2 0.715625 0.45 0.03125 0.1234375
2 0.690625 0.296875 0.0109375 0.0640625
2 0.825 0.4828125 0.034375 0.1484375
2 0.7375 0.296875 0.015625 0.071875
2 0.884375 0.459375 0.01875 0.090625
2 0.8796875 0.4484375 0.015625 0.0953125
2 0.5296875 0.1953125 0.0078125 0.0265625
2 0.0890625 0.5875 0.0421875 0.071875
2 0.73125 0.284375 0.0125 0.0765625
2 0.75 0.2859375 0.0140625 0.0625
2 0.05625 0.671875 0.0359375 0.1328125
2 0.4984375 0.6203125 0.028125 0.1875
2 0.4984375 0.56875 0.0234375 0.0859375
2 0.640625 0.246875 0.00625 0.0390625
2 0.2703125 0.365625 0.009375 0.0140625
2 0.7203125 0.2921875 0.0125 0.0625
2 0.8078125 0.303125 0.0140625 0.046875
2 0.8171875 0.41875 0.0203125 0.0640625
2 0.896875 0.8609375 0.0671875 0.271875
2 0.278125 0.578125 0.025 0.1578125
2 0.28125 0.6140625 0.028125 0.0828125
2 0.578125 0.2 0.009375 0.034375
2 0.0203125 0.575 0.0390625 0.0921875
2 0.071875 0.6453125 0.0484375 0.08125