2 0.5765625 0.625 0.171875 0.596875
2 0.38125 0.0984375 0.053125 0.196875
2 0.4734375 0.09375 0.053125 0.1875
2 0.95625 0.084375 0.0859375 0.1515625
2 0.528125 0.1265625 0.0625 0.253125
2 0.5625 0.10625 0.04375 0.2125
2 0.675 0.8828125 0.0796875 0.2296875
2 0.8109375 0.0578125 0.034375 0.115625
2 0.34375 0.7359375 0.0203125 0.046875
2 0.9828125 0.0859375 0.0328125 0.1515625
2 0.840625 0.0640625 0.059375 0.128125
2 0.821875 0.0640625 0.01875 0.128125
2 0.9734375 0.0890625 0.0515625 0.08125
2 0.99375 0.0859375 0.0109375 0.1515625