2 0.8859375 0.6265625 0.0328125 0.1609375
2 0.7640625 0.5640625 0.034375 0.1421875
2 0.2375 0.64375 0.03125 0.078125
2 0.91875 0.2671875 0.009375 0.0421875
2 0.76875 0.4328125 0.015625 0.078125
2 0.8921875 0.41875 0.0109375 0.0640625
2 0.85 0.3984375 0.009375 0.046875
2 0.81875 0.4890625 0.0140625 0.0859375
2 0.8125 0.496875 0.0171875 0.0921875
2 0.3375 0.5390625 0.0265625 0.046875
2 0.903125 0.421875 0.009375 0.046875
2 0.9109375 0.41875 0.009375 0.0484375
2 0.865625 0.40625 0.0109375 0.05625
2 0.9375 0.646875 0.0203125 0.046875
2 0.34375 0.5515625 0.0390625 0.0734375
2 0.828125 0.390625 0.0109375 0.05625
2 0.809375 0.415625 0.015625 0.0515625
2 0.7875 0.41875 0.0125 0.0421875
2 0.5 0.321875 0.0234375 0.0703125
2 0.6484375 0.2609375 0.01875 0.0625
2 0.8 0.48125 0.01875 0.1078125
2 0.8765625 0.403125 0.0125 0.0625
2 0.915625 0.040625 0.0265625 0.0609375
2 0.91875 0.1609375 0.0109375 0.0359375
2 0.2375 0.7640625 0.034375 0.065625
2 0.9578125 0.4625 0.01875 0.059375
2 0.9203125 0.421875 0.0125 0.05625
2 0.2890625 0.3265625 0.034375 0.178125
2 0.7609375 0.421875 0.0125 0.08125
2 0.94375 0.4140625 0.0109375 0.05625
2 0.8859375 0.265625 0.0078125 0.0328125
2 0.5625 0.39375 0.0109375 0.0328125
2 0.01875 0.05625 0.021875 0.078125
2 0.865625 0.309375 0.0078125 0.0265625
2 0.934375 0.40625 0.009375 0.053125
2 0.84375 0.31875 0.0078125 0.0375
2 0.7953125 0.2390625 0.0078125 0.025