2 0.2328125 0.8578125 0.0703125 0.2828125
2 0.6625 0.54375 0.0375 0.18125
2 0.7265625 0.55 0.0390625 0.1890625
2 0.946875 0.559375 0.05 0.20625
2 0.8421875 0.4046875 0.03125 0.134375
2 0.9234375 0.41875 0.03125 0.1078125
2 0.8890625 0.4109375 0.0296875 0.1421875
2 0.8640625 0.409375 0.0265625 0.125
2 0.5875 0.4859375 0.025 0.04375
2 0.596875 0.478125 0.028125 0.0515625
2 0.484375 0.4234375 0.00625 0.0234375
2 0.4578125 0.50625 0.00625 0.0359375
2 0.546875 0.4375 0.0078125 0.0265625
2 0.9953125 0.3046875 0.009375 0.0640625
2 0.8796875 0.421875 0.0140625 0.103125
2 0.578125 0.484375 0.046875 0.0484375
2 0.9953125 0.284375 0.009375 0.0234375
2 0.9921875 0.546875 0.015625 0.1703125
2 0.9921875 0.603125 0.015625 0.05625