2 0.01875 0.459375 0.0359375 0.2203125
2 0.628125 0.3484375 0.01875 0.1109375
2 0.2359375 0.4203125 0.0390625 0.1625
2 0.91875 0.4546875 0.0453125 0.1421875
2 0.65625 0.346875 0.021875 0.0796875
2 0.9625 0.44375 0.05625 0.2046875
2 0.2359375 0.3765625 0.0390625 0.0734375
2 0.0765625 0.290625 0.009375 0.0484375
2 0.4828125 0.3796875 0.0140625 0.05625
2 0.38125 0.29375 0.028125 0.053125
2 0.4828125 0.3578125 0.0234375 0.1
2 0.9875 0.39375 0.0125 0.084375
2 0.4234375 0.296875 0.0359375 0.0515625
2 0.928125 0.4140625 0.0375 0.1875
2 0.984375 0.428125 0.0171875 0.1484375
2 0.9296875 0.36875 0.0359375 0.096875
2 0.940625 0.3703125 0.0140625 0.0921875
2 0.03125 0.4875 0.015625 0.09375
2 0.621875 0.3578125 0.0109375 0.0796875
2 0.978125 0.434375 0.03125 0.1609375