2 0.29375 0.70625 0.059375 0.2421875
2 0.496875 0.865625 0.0625 0.2640625
2 0.29375 0.5609375 0.0484375 0.1265625
2 0.38125 0.6578125 0.0375 0.225
2 0.3046875 0.903125 0.0578125 0.190625
2 0.4125 0.8625 0.0578125 0.2734375
2 0.71875 0.678125 0.0359375 0.240625
2 0.0328125 0.8828125 0.065625 0.228125
2 0.36875 0.8921875 0.0765625 0.2125
2 0.565625 0.8921875 0.06875 0.2140625
2 0.8515625 0.9015625 0.0734375 0.19375
2 0.2125 0.334375 0.0125 0.0921875
2 0.6796875 0.71875 0.05 0.26875
2 0.603125 0.5078125 0.0296875 0.1421875
2 0.5140625 0.565625 0.0296875 0.16875
2 0.4453125 0.70625 0.046875 0.24375
2 0.484375 0.48125 0.0234375 0.153125
2 0.425 0.5640625 0.0328125 0.184375
2 0.396875 0.575 0.0234375 0.1609375
2 0.525 0.2890625 0.0140625 0.0578125
2 0.465625 0.484375 0.025 0.11875
2 0.10625 0.6890625 0.0515625 0.225
2 0.709375 0.50625 0.034375 0.153125
2 0.475 0.628125 0.0328125 0.1796875
2 0.5546875 0.5421875 0.0296875 0.125
2 0.5703125 0.50625 0.03125 0.1609375
2 0.08125 0.571875 0.028125 0.0421875
2 0.10625 0.6328125 0.05 0.1109375
2 0.58125 0.5296875 0.0296875 0.1140625
2 0.2265625 0.5859375 0.0140625 0.0484375
2 0.453125 0.553125 0.025 0.1375
2 0.1125 0.578125 0.040625 0.0734375
2 0.63125 0.7375 0.01875 0.08125
2 0.6875 0.4109375 0.0234375 0.1078125
2 0.0546875 0.8125 0.0453125 0.221875
2 0.665625 0.3796875 0.025 0.1109375
2 0.6015625 0.4109375 0.021875 0.1015625
2 0.8265625 0.4765625 0.0328125 0.159375
2 0.578125 0.215625 0.0109375 0.0625
2 0.5453125 0.7765625 0.0421875 0.1625
2 0.7078125 0.4078125 0.01875 0.1046875
2 0.884375 0.503125 0.0203125 0.16875
2 0.8 0.721875 0.0484375 0.1328125
2 0.7703125 0.5359375 0.040625 0.1109375
2 0.0921875 0.353125 0.00625 0.0421875
2 0.76875 0.325 0.0171875 0.0875
2 0.6 0.7484375 0.078125 0.10625
2 0.178125 0.4140625 0.009375 0.021875
2 0.0875 0.578125 0.0140625 0.03125
2 0.834375 0.7265625 0.025 0.1203125
2 0.2125 0.365625 0.009375 0.028125
2 0.0859375 0.29375 0.0109375 0.053125
2 0.75 0.4046875 0.01875 0.096875
2 0.7703125 0.5921875 0.0390625 0.221875
2 0.49375 0.7078125 0.025 0.090625
2 0.5890625 0.825 0.0421875 0.175
2 0.7890625 0.3734375 0.0203125 0.0765625
2 0.803125 0.478125 0.0234375 0.153125
2 0.784375 0.3171875 0.015625 0.0625
2 0.571875 0.2265625 0.009375 0.0453125
2 0.7875 0.4953125 0.0296875 0.153125
2 0.6359375 0.8859375 0.0640625 0.2265625
2 0.6140625 0.384375 0.0171875 0.046875
2 0.6765625 0.3671875 0.015625 0.096875
2 0.7234375 0.4125 0.03125 0.1203125
2 0.7484375 0.3296875 0.01875 0.0671875
2 0.7375 0.40625 0.015625 0.1078125
2 0.703125 0.3515625 0.0171875 0.065625
2 0.759375 0.465625 0.0296875 0.0921875
2 0.85 0.3015625 0.0125 0.0359375
2 0.884375 0.4625 0.01875 0.084375
2 0.859375 0.4765625 0.0234375 0.128125
2 0.784375 0.4625 0.021875 0.0890625
2 0.6765625 0.30625 0.0140625 0.04375
2 0.6984375 0.3125 0.0140625 0.0765625
2 0.6875 0.3109375 0.0109375 0.0515625
2 0.2890625 0.4765625 0.0109375 0.0421875
2 0.7953125 0.325 0.0140625 0.0671875
2 0.4515625 0.259375 0.0109375 0.0328125
2 0.728125 0.296875 0.015625 0.0640625
2 0.7234375 0.35 0.0140625 0.0484375
2 0.71875 0.5984375 0.034375 0.08125
2 0.734375 0.49375 0.0171875 0.08125
2 0.009375 0.7875 0.01875 0.1140625
2 0.21875 0.6015625 0.0296875 0.08125
2 0.71875 0.4640625 0.021875 0.103125
2 0.009375 0.859375 0.01875 0.2609375
2 0.815625 0.4734375 0.0171875 0.1671875
2 0.7359375 0.521875 0.0203125 0.1328125
2 0.8296875 0.3109375 0.015625 0.0359375
2 0.8796875 0.4484375 0.021875 0.103125
2 0.875 0.5359375 0.0234375 0.1