2 0.6359375 0.6296875 0.028125 0.103125
2 0.33125 0.5328125 0.0234375 0.0890625
2 0.5609375 0.421875 0.0125 0.05625
2 0.79375 0.4671875 0.0125 0.0609375
2 0.19375 0.6015625 0.01875 0.096875
2 0.5453125 0.4265625 0.0125 0.0484375
2 0.1328125 0.425 0.00625 0.03125
2 0.1421875 0.528125 0.015625 0.08125
2 0.1625 0.5 0.0125 0.0625
2 0.140625 0.4265625 0.0078125 0.0375
2 0.60625 0.41875 0.009375 0.053125
2 0.109375 0.4296875 0.00625 0.0296875
2 0.6 0.4234375 0.0125 0.059375
2 0.359375 0.5171875 0.015625 0.08125